tree
version=v4
num_class=1
num_tree_per_iteration=1
label_index=0
max_feature_idx=44
objective=binary sigmoid:1
feature_names=return_1d return_2d return_3d return_5d return_10d return_20d div_ma_5 div_ma_10 div_ma_20 div_ma_60 ma_5_20_cross ma_20_60_cross rsi rsi_change macd macd_signal macd_hist macd_hist_change bb_pct_b bb_bandwidth atr_pct volatility vol_change vol_ratio candle_body_pct upper_shadow_pct lower_shadow_pct day_of_week month is_month_end is_month_start streak gap price_position_20d macro_usdjpy_ret_20 macro_usdjpy_ret_60 macro_usdjpy_vol_20 macro_topix_ret_20 macro_topix_vol_20 macro_topix_above_200dma macro_nikkei_ret_20 macro_nikkei_above_200dma macro_nikkei_vi macro_jgb10y macro_bias_score
feature_infos=[-0.092175777063236874:0.05887300252312877] [-0.087612208258527779:0.069295380307979437] [-0.075999999999999956:0.088159031979256675] [-0.092626447288238878:0.1065699846187651] [-0.083652762119503898:0.12390177968010807] [-0.10703953712632597:0.16192253849743343] [-0.065087015710659002:0.052191717855501273] [-0.0611996132991467:0.071290530384367612] [-0.080854741303922839:0.096110116333996062] [-0.078317529075587367:0.11153406928054825] [-0.059104452819219166:0.073237597911227192] [-0.042959315434176193:0.063612352364657232] [9.5238095238095184:96.185737976782747] [-30.399603996039957:32.655576093653721] [-52.232901527136164:67.510275948619437] [-43.048875639360233:60.441132044570502] [-32.147804779361195:30.325410441969133] [-14.794621553313974:11.056882830134782] [-0.24308585929544066:1.3025328044327678] [0.024907570753843877:0.2101969626993013] [0.0092061899985671301:0.034267737767541148] [0.0063799594876531914:0.025612508757306626] [-0.8982052355718555:4.8757793200799906] [0.53104141619838496:2.1349005121316429] [-1:1] [0:0.96226415094339623] [0:0.9838709677419355] [0:4] [1:12] none [0:1] [-9:10] [-0.099678456591639875:0.045836837678721709] [0:1] [-0.10288784967882303:0.08505611680078462] [-0.13986255140503889:0.13160084488587853] [0.0024251968629527628:0.011841457708833433] [-0.22586490939044479:0.19897850606512013] [0.0040695656522785678:0.036437277456277402] [0:1] [-0.22859537662338159:0.23022297972565586] [0:1] none none none
tree_sizes=1285 1206 1402 1316 1417 778 776 877 879 671 888 1183 1283 1201 1156 1211 1281 1422 889 1070 1387 1423 1298 1101 996 995 872 1487 890 1479 1107 766 780 1108 974 1474 1519 889 986 1174 1285 1181 1394 1301 1420 1084 1073 976 1105 1068

Tree=0
num_leaves=11
num_cat=0
split_feature=15 34 4 17 34 7 35 37 28 0
split_gain=22.4663 14.0419 22.3778 16.1886 8.27525 6.78882 6.43674 5.22598 3.98499 1.48801
threshold=4.8446381694305467 0.017992917989389071 -0.01143187645556598 0.8769811886955502 -0.037518279428509486 -0.016952385932038974 0.037827511716566738 0.017841490917929862 8.5000000000000018 0.0077322647998817615
decision_type=2 2 2 2 2 2 2 2 2 2
left_child=1 2 8 -3 -2 -6 -7 -4 -1 -5
right_child=4 3 7 9 5 6 -8 -9 -10 -11
leaf_value=-0.16479082261986663 -0.17743768408943003 -0.14800685668522284 -0.19388971401325206 -0.19709229488546628 -0.18524760948427113 -0.22160519787842753 -0.19844256236665228 -0.22100696134465286 -0.18990490983847605 -0.18061808115489872
leaf_weight=19.077480822801594 7.4327847361564627 17.590923875570297 14.617809981107714 8.1760632097721082 8.6715821921825391 26.758025050163269 24.032670646905899 13.379012525081633 7.6805442273616782 7.4327847361564627
leaf_count=77 30 71 59 33 35 108 97 54 31 30
internal_value=-0.19075 -0.180966 -0.19019 -0.166175 -0.203717 -0.207545 -0.211668 -0.208558 -0.171532 -0.189905
internal_weight=154.85 87.9546 54.7548 33.1998 66.8951 59.4623 50.7907 27.9968 26.758 15.6088
internal_count=625 355 221 134 270 240 205 113 108 63
is_linear=0
shrinkage=1


Tree=1
num_leaves=10
num_cat=0
split_feature=9 20 38 4 34 1 35 25 5
split_gain=18.5078 11.8626 14.5369 11.5545 14.2651 7.98721 7.52699 4.43345 1.99177
threshold=-0.012405417240366498 0.012218102943049184 0.00974901266386838 -0.011790453583304437 0.017992917989389071 0.0087217145230761312 0.017198453265034556 0.43377192982456148 -0.031813173317393577
decision_type=2 2 2 2 2 2 2 2 2
left_child=3 -2 6 7 -5 -4 -3 8 -1
right_child=1 2 5 4 -6 -7 -8 -9 -10
leaf_value=0.021250564120753986 0.022175910087528727 -0.036501643987272278 0.010466969020186083 -0.021516855311346304 0.022212232436671944 -0.014513335712358006 -0.010785631262025119 0.043816883368132331 0.0014191180347609797
leaf_weight=14.145214349031452 8.1777672320604307 20.030572071671486 27.494023382663727 13.606108054518701 9.6791911721229535 16.829594314098358 28.219752550125122 7.4438822567462912 9.1864347606897354
leaf_count=57 33 81 111 55 39 68 114 30 37
internal_value=-0.000813451 -0.00845686 -0.0117332 0.0129573 -0.00242724 0.000441088 -0.0227877 0.024493 0.0147629
internal_weight=154.813 100.752 92.5739 54.0608 23.2853 44.3236 48.2503 30.7755 23.3316
internal_count=625 407 374 218 94 179 195 124 94
is_linear=0
shrinkage=0.03


Tree=2
num_leaves=12
num_cat=0
split_feature=15 20 37 37 35 36 8 20 15 2 12
split_gain=20.5899 16.8265 10.6581 9.5386 12.8224 10.7829 7.93011 7.52867 5.26618 4.73779 4.1404
threshold=4.8446381694305467 0.018118072275138685 0.028672997630696421 0.0091342404855450105 -0.0028213129801106236 0.0054978643801710412 -0.0020964362558096197 0.013439018586674718 -8.2032313333252134 0.0089077842799564228 44.21683389074694
decision_type=2 2 2 2 2 2 2 2 2 2 2
left_child=3 7 -3 4 -1 8 -7 -2 -5 -6 -9
right_child=1 2 -4 5 9 6 -8 10 -10 -11 -12
leaf_value=-0.0048387461732740675 0 0.027687327152764975 -0.011637508505773678 -0.027240051849305089 0.037447900384814138 0.025442750932302662 -0.004253244008804463 -0.0071916805469236407 0.001487892488867736 0.0059090105732882026 -0.035189866493020222
leaf_weight=12.401965036988257 10.631801202893255 10.407829016447069 10.119056180119513 12.375143125653269 19.631195172667507 14.395809561014177 13.602806672453879 8.8997524827718717 7.6767141073942176 7.9322657585144034 26.677817940711975
leaf_count=50 43 42 41 50 79 58 55 36 31 32 108
internal_value=-0.000766851 -0.0132079 0.00832357 0.00858354 0.0190406 -0.000227566 0.0111936 -0.0230321 -0.0164241 0.0298927 -0.0293408
internal_weight=154.752 66.7363 20.5269 88.0159 39.9654 48.0505 27.9986 46.2094 20.0519 27.5635 35.5776
internal_count=625 270 83 355 161 194 113 187 81 111 144
is_linear=0
shrinkage=0.03


Tree=3
num_leaves=11
num_cat=0
split_feature=11 40 19 11 4 35 20 26 35 14
split_gain=19.0064 12.5628 10.2661 11.0836 8.1728 8.56696 5.21315 6.61374 4.27388 3.31911
threshold=0.0031002449479496934 -0.03703910220226863 0.061984681597221793 -0.0069885258298669753 -0.0033041103062173556 0.014507376580019994 0.020617567020778629 0.19793898581777372 0.022017727214020181 -26.853860589019174
decision_type=2 2 2 2 2 2 2 2 2 2
left_child=2 -2 3 8 9 -6 7 -3 -1 -4
right_child=1 6 4 -5 5 -7 -8 -9 -10 -11
leaf_value=-0.028038004068211667 0.021205372517998932 -0.0067398017945401525 0.012071753315347154 0.022103041688005944 -0.014123084092647556 0.019861728129169545 0.0034122320943366763 -0.027934237088052837 -0.002275838603532138 0.043765060806266104
leaf_weight=8.4024912118911761 7.4506844431161872 28.407025247812271 8.6990112215280551 9.6768986135721189 9.3748665153980273 13.640317454934118 9.4083998799324018 31.577061712741852 17.352965950965881 10.693117275834082
leaf_count=34 30 115 35 39 38 55 38 128 70 43
internal_value=-0.00074355 -0.0112699 0.00948215 -0.00207346 0.0191335 0.00539654 -0.0154632 -0.0186804 -0.0126357 0.0327069
internal_weight=154.683 76.8432 77.8397 35.4324 42.4073 23.0152 69.3925 59.9841 25.7555 19.3921
internal_count=625 311 314 143 171 93 281 243 104 78
is_linear=0
shrinkage=0.03


Tree=4
num_leaves=12
num_cat=0
split_feature=11 40 28 4 11 33 40 40 33 36 1
split_gain=17.9701 11.9483 9.80812 15.2976 8.01458 6.09105 7.8715 6.00916 4.59847 4.45335 2.40641
threshold=0.0031002449479496934 -0.03703910220226863 7.5000000000000009 -0.01143187645556598 -0.0069885258298669753 0.67935431443562722 0.050968714392099053 0.01983110729840987 0.22435566603119769 0.0076378465208449446 0.0073129926941072352
decision_type=2 2 2 2 2 2 2 2 2 2 2
left_child=2 -2 3 8 -5 6 -3 -7 -1 10 -4
right_child=1 5 9 4 -6 7 -8 -9 -10 -11 -12
leaf_value=0.0033848488137863618 0.020678062217612172 -0.015346649578041794 0.038542950655163694 -0.021025494917959218 0.0081757699659908284 -0.0036764425906069494 0.010900956811810506 -0.035870212763587643 0.037016798768074656 0.0027411607407382423 0.010078926979580389
leaf_weight=8.2053176462650317 7.4622824490070334 29.861310258507729 11.952517032623296 21.713982954621315 10.895488247275351 9.3780472725629824 12.831552535295485 17.198224917054176 7.9765933305025092 9.4292511492967588 7.6952103376388541
leaf_count=33 30 121 48 88 44 38 52 70 32 38 31
internal_value=-0.000699902 -0.0109499 0.00923388 0.000505545 -0.0109267 -0.0150523 -0.00698739 -0.0260872 0.0230364 0.0224223 0.0300488
internal_weight=154.6 76.7314 77.8684 48.7914 32.6095 69.2691 42.6929 26.5763 16.1819 29.077 19.6477
internal_count=625 311 314 197 132 281 173 108 65 117 79
is_linear=0
shrinkage=0.03


Tree=5
num_leaves=6
num_cat=0
split_feature=8 20 37 40 20
split_gain=17.1905 11.9221 8.42192 8.87003 8.53552
threshold=-0.036041669352565239 0.012218102943049184 0.027820563409364011 0.055307037573315905 0.0178804637043419
decision_type=2 2 2 2 2
left_child=-1 -2 4 -4 -3
right_child=1 2 3 -5 -6
leaf_value=0.036721001271569013 0.028170482922632665 -0.0042447014176970489 -0.026542189466385202 -0.0017247512470906471 0.017401079282561994
leaf_weight=8.7098318934440595 8.4383722096681577 67.526431828737259 24.836053058505058 28.35807266831398 19.374914467334747
leaf_count=35 34 273 101 115 78
internal_value=0 -0.0026158 -0.00494611 -0.0141256 0.000695463
internal_weight=157.244 148.534 140.095 53.1941 86.9013
internal_count=636 601 567 216 351
is_linear=0
shrinkage=0.03


Tree=6
num_leaves=6
num_cat=0
split_feature=10 38 20 35 40
split_gain=13.4108 13.0267 14.2004 10.6523 2.17639
threshold=-0.022274144425184324 0.014271091893598563 0.012218102943049184 0.0071414355103671676 0.020551052781802474
decision_type=2 2 2 2 2
left_child=4 2 -2 -4 -1
right_child=1 -3 3 -5 -6
leaf_value=0.03590813900924892 0.027443197819084959 0.02399827653406366 -0.021567795122232575 -0.0024283281728681217 0.0076977631892341282
leaf_weight=7.4715936928987485 8.4548815786838514 12.39929351210594 38.151515707373619 83.241718456149101 7.4632443785667419
leaf_count=30 34 50 155 337 30
internal_value=0 -0.0029498 -0.00596185 -0.00881713 0.0252706
internal_weight=157.182 142.247 129.848 121.393 14.9348
internal_count=636 576 526 492 60
is_linear=0
shrinkage=0.03


Tree=7
num_leaves=7
num_cat=0
split_feature=10 20 14 10 37 40
split_gain=12.7624 11.096 7.30772 6.56599 3.51031 2.04844
threshold=-0.022274144425184324 0.012218102943049184 36.509430860732898 0.0081940497271935104 0.032074995079279474 0.020551052781802474
decision_type=2 2 2 2 2 2
left_child=5 -2 3 -3 -4 -1
right_child=1 2 4 -5 -6 -7
leaf_value=0.035011183885751133 0.026743846916186479 -0.0061739121305145169 -0.0027504568527706298 0.010158744086778072 -0.03233196505276538 0.007512865658587867
leaf_weight=7.4841517060995084 8.46779055893421 89.166169703006744 7.3984137624502209 26.896602779626846 10.232049018144606 7.466681182384491
leaf_count=30 34 361 30 109 42 30
internal_value=0 -0.0028488 -0.00520022 -0.00215393 -0.0222275 0.0246698
internal_weight=157.112 142.161 133.693 116.063 17.6305 14.9508
internal_count=636 576 542 470 72 60
is_linear=0
shrinkage=0.03


Tree=8
num_leaves=7
num_cat=0
split_feature=10 38 11 28 11 18
split_gain=12.1637 12.3202 10.0454 10.9333 7.88712 2.05185
threshold=-0.022274144425184324 0.014271091893598563 0.0024171645692272485 6.5000000000000009 0.045016259545872746 0.1321864915402077
decision_type=2 2 2 2 2 2
left_child=5 2 3 -2 -4 -1
right_child=1 -3 4 -5 -6 -7
leaf_value=0.034369326287866778 -0.0092268378537785252 0.023415565565018108 -0.018236795465249808 0.014649337591814096 0.0088285341389625349 0.0071208835348442277
leaf_weight=7.4905009567737562 32.568784222006798 12.417314246296881 55.47641709446907 32.033913686871529 9.5892551988363248 7.4711047410964966
leaf_count=30 132 50 226 129 39 30
internal_value=0 -0.00276687 -0.00570567 0.00247158 -0.01388 0.0240912
internal_weight=157.047 142.086 129.668 64.6027 65.0657 14.9616
internal_count=636 576 526 261 265 60
is_linear=0
shrinkage=0.03


Tree=9
num_leaves=5
num_cat=0
split_feature=8 20 15 21
split_gain=15.1546 10.2556 7.28542 6.59347
threshold=-0.036041669352565239 0.012218102943049184 -24.279425609916117 0.0086029664618903334
decision_type=2 2 2 2
left_child=-1 -2 -3 -4
right_child=1 2 3 -5
leaf_value=0.03451901667377661 0.026115612381188796 0.017212238766775693 0.0087623946914660647 -0.0094949456131730708
leaf_weight=8.7380998879671079 8.4728934317827207 10.420488342642782 18.675838246941566 110.64127220213413
leaf_count=35 34 42 76 449
internal_value=0 -0.00237042 -0.00454762 -0.00665072
internal_weight=156.949 148.21 139.738 129.317
internal_count=636 601 567 525
is_linear=0
shrinkage=0.03


Tree=10
num_leaves=7
num_cat=0
split_feature=16 35 20 20 11 11
split_gain=11.4452 10.2325 9.97801 9.95108 10.1808 6.05828
threshold=-11.183440019004001 0.014507376580019994 0.020843909616718184 0.012662470442107698 0.0018864552250302815 0.011120760936707776
decision_type=2 2 2 2 2 2
left_child=-1 2 5 -3 -5 -2
right_child=1 3 -4 4 -6 -7
leaf_value=0.025334942101725943 -0.0085210963287975349 0.033572676894858662 0.012749586532610145 0.011652664696042292 -0.009698634933989321 -0.033783276586539117
leaf_weight=14.415373012423514 30.792852446436882 7.965374842286109 10.39354522526264 40.204094424843788 36.060508757829666 12.883415982127188
leaf_count=58 125 32 42 162 147 53
internal_value=0.00160859 -0.00108346 -0.0111331 0.00530233 0.00137553 -0.0174542
internal_weight=152.715 138.3 54.0698 84.23 76.2646 43.6763
internal_count=619 561 220 341 309 178
is_linear=0
shrinkage=0.03


Tree=11
num_leaves=10
num_cat=0
split_feature=38 21 23 15 16 34 21 23 5
split_gain=13.8853 13.8743 12.7037 8.92132 8.39653 12.4203 6.5094 4.59037 3.42619
threshold=0.011130931555086538 0.010054133383168809 1.2349663111989504 -2.6901411887586719 -4.8908475559532754 -0.0073404569576469561 0.013745458063425342 0.77910529721234578 0.0074375902991087326
decision_type=2 2 2 2 2 2 2 2 2
left_child=1 4 7 -2 -1 -6 8 -3 -5
right_child=3 2 -4 6 5 -7 -8 -9 -10
leaf_value=0.024888320141817251 0.035470829456359584 0 0.016456237912872252 -0.018617967681877793 -0.024308893829327181 0.010503759252528196 0.020600945255932965 -0.02338357148102245 0.0059269736060148367
leaf_weight=14.618006080389021 12.686282157897947 8.6494763344526273 8.6146536171436292 8.142418250441553 11.52615851163864 26.895453780889511 11.876548916101454 42.016315281391144 7.6084840446710578
leaf_count=59 51 35 35 33 47 109 48 171 31
internal_value=0.00157288 -0.00377626 -0.0136259 0.0163049 0.0070549 -0.000254692 0.00519748 -0.0194563 -0.00658457
internal_weight=152.634 112.32 59.2804 40.3137 53.0396 38.4216 27.6275 50.6658 15.7509
internal_count=619 456 241 163 215 156 112 206 64
is_linear=0
shrinkage=0.03


Tree=12
num_leaves=11
num_cat=0
split_feature=38 21 23 4 20 22 2 23 26 19
split_gain=13.1418 13.0882 12.0687 10.7049 13.0529 4.52308 5.69393 4.3576 2.37635 1.65115
threshold=0.011130931555086538 0.010054133383168809 1.2349663111989504 -0.012532120964446223 0.012218102943049184 -0.079155529767790708 0.013105863492649196 0.77910529721234578 0.28377192982456145 0.063235184770313216
decision_type=2 2 2 2 2 2 2 2 2 2
left_child=1 3 7 8 -5 -2 9 -3 -1 -7
right_child=5 2 -4 4 -6 6 -8 -9 -10 -11
leaf_value=0.036962827758772222 0.028214608485292454 0 0.016033971166351507 0.026383101523457804 -0.011983545539713146 0.0038209868803902552 -0.01182779781731458 -0.022774824898852027 0.0081912248419226102 0.024917086988256117
leaf_weight=7.9432696402072889 15.120743647217749 8.6494763344526273 8.6287329196929914 8.72477278113365 28.679326757788658 9.3780860006809288 7.8983722031116477 41.900401026010513 7.6997669637203217 7.9450126886367789
leaf_count=32 61 35 35 35 117 38 32 171 31 32
internal_value=0.00155092 -0.00365534 -0.013237 0.00685394 -0.00176871 0.0158767 0.00639937 -0.018939 0.0261851 0.0158503
internal_weight=152.568 112.226 59.1786 53.0471 37.4041 40.3422 25.2215 50.5499 15.643 17.3231
internal_count=619 456 241 215 152 163 102 206 63 70
is_linear=0
shrinkage=0.03


Tree=13
num_leaves=10
num_cat=0
split_feature=38 23 32 36 27 28 19 9 27
split_gain=12.4062 9.30376 9.39651 7.40284 6.08333 4.33923 5.97803 3.92908 2.76421
threshold=0.011130931555086538 1.1575024521536339 -0.0022577904873286587 0.0082429721824947514 2.5000000000000004 9.5000000000000018 0.067101304944718373 0.0062395246011210347 2.5000000000000004
decision_type=2 2 2 2 2 2 2 2 2
left_child=1 2 4 -4 -1 6 -2 -7 -3
right_child=5 8 3 -5 -6 7 -8 -9 -10
leaf_value=-0.03632891041909584 -0.0085926516793035472 0.0022206477652536331 0.0022913259511127344 -0.025675340665275308 -0.0049201828396466443 0.041191987913994192 0.018313264558273906 0.0066276377532040864 0.025099929925372445
leaf_weight=12.455345481634142 11.099494561553003 12.590318590402605 58.543827772140503 7.8417461216449729 12.241945177316664 7.4752401858568174 14.389249607920645 7.4065813720226288 8.4132398366928083
leaf_count=51 45 51 238 32 50 30 58 30 34
internal_value=0.00155264 -0.00350973 -0.00778 -0.00144716 -0.022857 0.0154642 0.00627825 0.0277012 0.0134228
internal_weight=152.457 112.086 91.0829 66.3856 24.6973 40.3706 25.4887 14.8818 21.0036
internal_count=619 456 371 270 101 163 103 60 85
is_linear=0
shrinkage=0.03


Tree=14
num_leaves=10
num_cat=0
split_feature=38 21 10 23 35 25 26 23 36
split_gain=11.8087 12.3414 11.3649 11.1501 10.7279 5.252 4.09548 4.07724 1.83244
threshold=0.011130931555086538 0.010054133383168809 -0.017814603184754859 1.2349663111989504 -0.0028213129801106236 0.077935222672064791 0.078854655982315572 0.77910529721234578 0.0075083000837755948
decision_type=2 2 2 2 2 2 2 2 2
left_child=1 2 -1 7 -4 -2 -7 -3 -8
right_child=5 3 4 -5 -6 6 8 -9 -10
leaf_value=0.034879001433836508 -0.0042047778898032136 0 -0.021507113042323757 0.015319920661771701 0.0093362686978645248 0 0.03306581768940807 -0.021978553756871459 0.010421584806395028
leaf_weight=8.4838608205318433 8.1480913609266263 8.6457931697368604 12.456288188695906 8.6489899754524213 32.053586974740028 7.4249163419008246 14.654845058918001 41.727020859718323 10.157705307006834
leaf_count=34 33 35 51 35 130 30 59 171 41
internal_value=0.00151698 -0.0034227 0.0067769 -0.0127484 0 0.0150868 0.0203617 -0.0182551 0.025824
internal_weight=152.401 112.016 52.9937 59.0218 44.5099 40.3856 32.2375 50.3728 24.8126
internal_count=619 456 215 241 181 163 130 206 100
is_linear=0
shrinkage=0.03


Tree=15
num_leaves=10
num_cat=0
split_feature=37 36 10 38 11 20 38 40 8
split_gain=10.83 6.73961 7.91949 6.59831 7.41476 6.41608 6.26395 3.37876 5.85753
threshold=0.038888372652949317 0.0058625641493879341 -0.01681436817306042 0.0071143805668462496 -0.0094646430943119957 0.013963357587481323 0.013453731709472047 0.056249465035666198 0.0017706340275984844
decision_type=2 2 2 2 2 2 2 2 2
left_child=1 3 -3 -1 -5 -2 -4 -7 -9
right_child=5 2 6 4 -6 7 -8 8 -10
leaf_value=-0.012147156700823643 0.0055338139606231022 0.015874938038255099 -0.014093381995438768 -0.00054489133839191587 0.023988204813007116 -0.032049370444775453 0.01260609935325775 0.0056018364387315969 -0.0230587485018297
leaf_weight=7.3562053591012946 9.3859365880489332 12.17942278087139 41.022169962525368 15.55022671818733 28.155646771192551 13.109885200858114 7.4673240333795539 9.5819404870271701 11.800482422113417
leaf_count=30 38 49 167 63 114 54 30 39 49
internal_value=-0.00203868 0.00284251 -0.00370015 0.0107453 0.0152894 -0.0143771 -0.00934812 -0.0202126 -0.0101932
internal_weight=155.609 111.731 60.6689 51.0621 43.7059 43.8782 48.4895 34.4923 21.3824
internal_count=633 453 246 207 177 180 197 142 88
is_linear=0
shrinkage=0.03


Tree=16
num_leaves=11
num_cat=0
split_feature=21 23 37 15 15 40 14 14 15 14
split_gain=11.836 14.6562 10.2956 10.2362 8.40542 5.74076 5.55164 8.02605 4.07508 3.63629
threshold=0.0096399082547810894 1.2244528598728339 0.03159189211310743 -2.4706304902369784 22.939840883825404 0.057174790697194118 -6.3816941083327938 -21.593823138322815 8.0152837785420399 -2.3841831571521648
decision_type=2 2 2 2 2 2 2 2 2 2
left_child=4 2 3 -2 6 -4 7 -1 -8 -3
right_child=1 9 5 -5 -6 -7 8 -9 -10 -11
leaf_value=0.021138901423966634 0.0091622056632406981 0 -0.037764347434985891 -0.014887408120666462 -0.012896516914293849 -0.011219212501541301 0.042133060505860853 -0.015566276535096912 0.0096199648576927484 0.029507594348090277
leaf_weight=9.1497149616479891 27.64016056060791 7.4498021751642218 15.029946744441984 31.776140093803406 8.5561964362859708 21.338194385170937 8.4122557640075701 8.1088068038225156 9.8280568867921811 8.1853784471750242
leaf_count=37 112 30 62 129 35 88 34 33 40 33
internal_value=-0.00198388 -0.00724826 -0.0117732 -0.00352138 0.0107411 -0.0239772 0.0172225 0.00328874 0.0280374 0.0178131
internal_weight=155.475 111.42 95.7844 59.4163 44.055 36.3681 35.4988 17.2585 18.2403 15.6352
internal_count=633 454 391 241 179 150 144 70 74 63
is_linear=0
shrinkage=0.03


Tree=17
num_leaves=12
num_cat=0
split_feature=40 36 11 15 38 15 11 34 8 15 18
split_gain=7.81753 8.27526 9.79635 7.58916 6.90732 10.466 5.27644 6.82519 5.69174 4.00146 3.22377
threshold=0.021619436998289724 0.0058625641493879341 -0.0094646430943119957 4.8446381694305467 0.013453731709472047 -8.4577068406967957 0.0081407217209434907 0.016082986502349631 0.0061266006439288532 -13.987784041272461 0.48308822195177487
decision_type=2 2 2 2 2 2 2 2 2 2 2
left_child=1 2 -1 -4 5 -3 9 -8 -9 -2 -11
right_child=6 4 3 -5 -6 -7 7 8 -10 10 -12
leaf_value=-0.0060999795172552605 -0.013601136928754188 0.0069639509027978356 0.042774321219078364 0.0067874122406216871 0.018268288487288259 -0.022229395440899597 -0.030270246064723574 0.014385968999664694 -0.018727426410413098 0.01868725920430845 -0.001533948227618706
leaf_weight=11.344064116477965 14.244872033596037 18.011733055114746 10.455851063132288 12.792177289724348 8.2196385413408262 22.063807293772697 16.410047590732578 7.3290200531482679 7.1917293071746826 8.141379266977312 19.130564779043198
leaf_count=46 58 73 42 52 33 90 68 30 30 33 78
internal_value=-0.00191394 0.00421647 0.0150796 0.0256729 -0.00355636 -0.00904476 -0.00905408 -0.0180745 -0.00138798 -0.00146719 0.00485453
internal_weight=155.335 82.8873 34.5921 23.248 48.2952 40.0755 72.4476 30.9308 14.5207 41.5168 27.2719
internal_count=633 336 140 94 196 163 297 128 60 169 111
is_linear=0
shrinkage=0.03


Tree=18
num_leaves=7
num_cat=0
split_feature=23 20 5 36 36 33
split_gain=9.00501 8.04013 9.73984 6.89996 5.12993 4.51678
threshold=1.2244528598728339 0.012031047090495515 0.01398419967941378 0.0046520226676130963 0.0076243293797604106 0.32615936035290877
decision_type=2 2 2 2 2 2
left_child=1 -1 4 -4 -3 -2
right_child=5 2 3 -5 -6 -7
leaf_value=0.01999732275050323 -0.00024064963598061323 0.0044095252527666419 0.002084411565128935 -0.023326713326091382 -0.0120713448784538 0.026307303331788295
leaf_weight=8.7195987701415998 7.946855008602145 57.292739182710648 11.012374535202978 36.546943381428719 21.78196294605732 11.870819970965384
leaf_count=35 32 233 45 151 89 48
internal_value=-0.00185024 -0.00475644 -0.00686193 -0.0172934 -0.000131082 0.0159279
internal_weight=155.171 135.354 126.634 47.5593 79.0747 19.8177
internal_count=633 553 518 196 322 80
is_linear=0
shrinkage=0.03


Tree=19
num_leaves=9
num_cat=0
split_feature=37 12 36 25 20 2 7 23
split_gain=9.42051 6.80478 6.38377 6.66241 5.78483 4.82537 4.79555 4.66626
threshold=0.038888372652949317 30.032054358947949 0.0046520226676130963 0.41213235294117651 0.013963357587481323 -0.0031365950826071627 -0.012119899870206978 1.0331450255916996
decision_type=2 2 2 2 2 2 2 2
left_child=1 -1 5 -4 -2 -3 -6 -8
right_child=4 2 3 -5 6 -7 7 -9
leaf_value=0.022795359399878087 0.0054711185530781411 -0.0040771891705758748 -0.0087910981662225069 0.011652286759597535 0 0.022251062520434919 -0.032777037432741296 -0.0023251101223880225
leaf_weight=11.44172430038452 9.3673728555440885 7.6294519752264049 60.899201527237892 16.226481392979622 8.461688891053198 15.346732214093207 17.963315531611446 7.7096239626407614
leaf_count=46 38 31 248 66 35 62 75 32
internal_value=-0.00178429 0.00275276 0 -0.00411463 -0.013357 0.0132815 -0.0189559 -0.0250033
internal_weight=155.046 111.544 100.102 77.1257 43.502 22.9762 34.1346 25.6729
internal_count=633 453 407 314 180 93 142 107
is_linear=0
shrinkage=0.03


Tree=20
num_leaves=12
num_cat=0
split_feature=15 15 20 35 14 17 35 21 24 15 14
split_gain=10.4309 8.77402 8.33025 11.2205 10.0909 7.7025 7.08766 4.65318 4.30885 3.7061 1.23777
threshold=8.0152837785420399 -13.987784041272461 0.020617567020778629 0.032465131591025827 16.059770197441143 1.4324936513375051 0.040253656556901947 0.011600195050917047 0.40138888888888896 -24.112239389119399 34.0454579235086
decision_type=2 2 2 2 2 2 2 2 2 2 2
left_child=1 6 3 10 -5 7 9 -3 -7 -1 -2
right_child=2 5 -4 4 -6 8 -8 -9 -10 -11 -12
leaf_value=0 -0.016833548041525401 0.025799437942903687 0.014027566750200263 -0.021772777950671795 0.014206467821571677 -0.018768509878565993 0.010799183826716879 0.0054216937784523885 0.0090460719948492821 -0.023073909290429254 -0.039201019261156746
leaf_weight=8.3886382281780225 14.269672796130182 27.191988483071327 8.3522370308637601 9.9653441756963748 14.899484679102896 8.1363489478826505 12.307730078697203 20.761864840984344 7.411037176847457 15.656399965286257 10.087309539318083
leaf_count=34 59 110 34 41 61 33 50 84 30 64 43
internal_value=-0.000404116 0.00533611 -0.0104564 -0.0152893 -0.000202376 0.0120064 -0.00594298 0.0178474 -0.00513531 -0.0152598 -0.0289377
internal_weight=157.428 99.854 57.574 49.2218 24.8648 63.5012 36.3528 47.9539 15.5474 24.045 24.357
internal_count=643 405 238 204 102 257 148 194 63 98 102
is_linear=0
shrinkage=0.03


Tree=21
num_leaves=12
num_cat=0
split_feature=11 15 38 21 21 19 25 11 21 20 36
split_gain=10.0171 10.7471 8.61526 7.37149 7.0147 6.75991 7.54493 6.7028 6.29793 4.28473 2.39244
threshold=0.0031002449479496934 -13.987784041272461 0.011677255677062086 0.011600195050917047 0.013745458063425342 0.05784720292180319 0.17902930402930406 0.045016259545872746 0.0096399082547810894 0.017605314401252545 0.0060975328082584759
decision_type=2 2 2 2 2 2 2 2 2 2 2
left_child=1 5 7 10 -4 -1 -7 8 -2 -5 -3
right_child=2 3 4 9 -6 6 -8 -9 -10 -11 -12
leaf_value=-0.021941436949896861 -0.0024100642234875813 0.034027747861381068 -0.0074449374621263428 -0.011461108758203496 0.026811296057433306 -0.013479974444129218 0.018089586174848689 0.0086649268745955486 -0.025655398795757851 0.013231275993251163 0.0099451085510029302
leaf_weight=12.113844767212866 18.044799461960793 15.138634577393534 9.0459887683391589 9.3122599273920077 8.1443318128585798 10.122432306408884 13.11135773360729 8.1111894100904447 31.860942646861076 11.924809396266935 10.345550835132597
leaf_count=50 74 61 37 38 33 41 53 33 133 48 42
internal_value=-0.000400798 0.00667107 -0.00828506 0.0159183 0.00910594 -0.00534786 0.00376274 -0.0138196 -0.0179561 0.00170383 0.0262321
internal_weight=157.276 82.0689 75.2073 46.7213 17.1903 35.3476 23.2338 58.0169 49.9057 21.2371 25.4842
internal_count=643 333 310 189 70 144 94 240 207 86 103
is_linear=0
shrinkage=0.03


Tree=22
num_leaves=11
num_cat=0
split_feature=11 28 38 11 4 11 20 36 37 2
split_gain=9.46471 13.3416 8.17428 7.05638 7.95526 6.38754 6.26168 5.02868 4.92936 4.30497
threshold=0.0031002449479496934 6.5000000000000009 0.011677255677062086 -0.0063452010540365747 -0.008636300561992603 0.045016259545872746 0.0178804637043419 0.0080213846019836638 0.0057720177908081602 0.016703868700781336
decision_type=2 2 2 2 2 2 2 2 2 2
left_child=1 3 5 4 -1 8 -4 9 -2 -3
right_child=2 7 6 -5 -6 -7 -8 -9 -10 -11
leaf_value=0.00094400415301952774 0 0.028158991483741541 -0.0067761802565387205 0.010978638274003505 -0.02983841472263029 0.0084496339094586124 0.025544993981787494 -0.0015162716245510292 -0.022590411413508791 0.0018429669994620105
leaf_weight=13.326000064611435 11.957200065255163 26.317488580942154 9.0207222402095812 12.307003080844877 12.836603835225105 8.1191593110561353 8.1737316846847516 8.32514540851116 37.792342498898506 8.9109413772821409
leaf_count=54 49 106 37 50 53 33 33 34 158 36
internal_value=-0.000376274 0.00649444 -0.0080524 -0.00595908 -0.0146731 -0.0134587 0.00886764 0.0176022 -0.0175123 0.022362
internal_weight=157.086 82.0232 75.0632 38.4696 26.1626 57.8687 17.1945 43.5536 49.7495 35.2284
internal_count=643 333 310 157 107 240 70 176 207 142
is_linear=0
shrinkage=0.03


Tree=23
num_leaves=9
num_cat=0
split_feature=14 28 11 15 40 15 27 4
split_gain=9.26162 8.41427 9.79375 7.21846 5.92779 4.73931 5.71845 5.53069
threshold=44.58747937039039 6.5000000000000009 0.0027610930887548295 -12.946434939657665 0.018746010933414329 -3.1270800591815084 2.5000000000000004 -0.008636300561992603
decision_type=2 2 2 2 2 2 2 2
left_child=1 5 3 -3 -4 7 -7 -1
right_child=-2 2 4 -5 -6 6 -8 -9
leaf_value=-0.00065394986544393301 -0.025421802038435942 0.0026273562883030199 0.0069693360350121048 0.028216139259979796 -0.015895907123668073 -0.0082014511109794394 0.014367393912815727 -0.027049284388551878
leaf_weight=15.304628744721414 10.318276822566984 19.245017230510712 21.131330147385597 23.569171354174614 15.837163358926771 22.392452552914619 15.098973408341406 13.978513985872267
leaf_count=62 44 78 86 95 66 92 62 58
internal_value=-0.000353161 0.0016293 0.00819188 0.0176793 -0.00275422 -0.00600381 0.000775211 -0.0146572
internal_weight=156.876 146.557 79.7827 42.8142 36.9685 66.7746 37.4914 29.2831
internal_count=643 599 325 173 152 274 154 120
is_linear=0
shrinkage=0.03


Tree=24
num_leaves=8
num_cat=0
split_feature=9 28 11 20 15 0 15
split_gain=9.43594 8.40995 8.43644 10.0353 6.38445 6.12269 4.67018
threshold=0.071569266316550736 6.5000000000000009 0.0027610930887548295 0.017656009181279214 -12.946434939657665 0.012768937540423632 -3.1270800591815084
decision_type=2 2 2 2 2 2 2
left_child=1 5 4 -4 -3 6 -1
right_child=-2 2 3 -5 -6 -7 -8
leaf_value=-0.018963807190146849 -0.02767510249571065 0.0025555910983063859 -0.013216435457132858 0.017055705498174947 0.02664751004309036 0.015241379447658854 -0.0015654129178141597
leaf_weight=25.566541656851768 8.6753333210945112 19.248000100255013 24.939033821225166 13.396349817514418 23.813225254416466 8.058575361967085 33.015621900558472
leaf_count=105 37 78 103 55 96 33 136
internal_value=-0.000352826 0.00149591 0.00795856 -0.00194475 0.0168029 -0.00618108 -0.00978143
internal_weight=156.713 148.037 81.3966 38.3354 43.0612 66.6407 58.5822
internal_count=643 606 332 158 174 274 241
is_linear=0
shrinkage=0.03


Tree=25
num_leaves=8
num_cat=0
split_feature=38 11 23 34 40 6 38
split_gain=9.54081 10.0871 10.401 6.84716 6.81963 5.72323 5.51088
threshold=0.014271091893598563 0.002587184047403102 1.035108034572999 0.010103050245114488 0.0016464917232389411 0.0083953453304833805 0.00974901266386838
decision_type=2 2 2 2 2 2 2
left_child=1 2 3 -1 -4 6 -3
right_child=-2 5 4 -5 -6 -7 -8
leaf_value=-0.014421982867876855 0.025993867343235735 -0.012110901661084592 0.00011499729609525701 0.0079190447313301372 0.030675765054758535 -0.026803852001284295 0.005918704584679477
leaf_weight=21.851682037115097 10.19306370615959 35.921235084533691 11.61162117123604 23.000145986676216 16.962310373783112 12.514091342687605 22.683321237564087
leaf_count=90 41 150 47 93 69 52 93
internal_value=0.000427349 -0.00160336 0.0059958 -0.00279629 0.0195673 -0.00960358 -0.00491988
internal_weight=154.737 144.544 73.4258 44.8518 28.5739 71.1186 58.6046
internal_count=635 594 299 183 116 295 243
is_linear=0
shrinkage=0.03


Tree=26
num_leaves=7
num_cat=0
split_feature=38 35 20 9 23 38
split_gain=9.06782 13.9155 10.6261 10.6361 5.57818 4.89524
threshold=0.014271091893598563 0.013833379439081252 0.012662470442107698 -0.025413854721461463 1.107155393625685 0.0068199106301578523
decision_type=2 2 2 2 2 2
left_child=1 4 -3 -4 5 -1
right_child=-2 2 3 -5 -6 -7
leaf_value=0 0.025357365591090694 0.035105741630229538 0.020217867377999261 -0.0039941868565980879 0.0013663964100340577 -0.02543884788766149
leaf_weight=8.7017868906259519 10.185760974884031 7.6570500284433356 19.292292729020119 66.673417955636978 13.622993811964987 28.457437247037888
leaf_count=36 41 31 78 274 56 119
internal_value=0.000424068 -0.00155455 0.00517877 0.00160506 -0.0139782 -0.0197693
internal_weight=154.591 144.405 93.6228 85.9657 50.7822 37.1592
internal_count=635 594 383 352 211 155
is_linear=0
shrinkage=0.03


Tree=27
num_leaves=13
num_cat=0
split_feature=19 19 38 0 35 21 14 38 6 8 35 19
split_gain=8.69942 11.1239 6.06412 7.48787 5.88805 7.74852 11.3328 6.26099 5.10245 3.87579 2.44709 1.16597
threshold=0.065698131736444829 0.086203787878273944 0.0099088576295996086 0.0085692057553453677 -0.011499424473297713 0.010054133383168809 8.1104867185308667 0.011579435837130612 -0.0074361986184798895 0.0086376833661509309 0.023238875742619961 0.050277421910477536
decision_type=2 2 2 2 2 2 2 2 2 2 2 2
left_child=4 8 3 -3 11 6 -6 -7 -2 -10 -4 -1
right_child=1 2 10 -5 5 7 -8 -9 9 -11 -12 -13
leaf_value=-0.031125469211243501 0 -0.018761317838643717 0 0.012411296344426666 0.026945231217453621 -0.018305095231090696 -0.0098259043814874474 0.0087721332157031668 0.034965414107831209 0.0073055575467037368 0.021937904166948203 -0.00820439934893058
leaf_weight=7.1632680743932715 7.941851094365119 22.170377269387249 7.8825287073850614 7.5250151455402365 13.839219108223917 25.959442988038063 12.127457469701765 8.3747642040252668 15.727844297885897 10.004482910037039 7.6244367063045502 8.0628553181886655
leaf_count=30 33 93 32 31 56 107 50 34 64 41 31 33
internal_value=0.000434735 0.00740116 -0.00209759 -0.010104 -0.0066504 -0.00189107 0.00976077 -0.0111683 0.019975 0.0260548 0.0117804 -0.0222204
internal_weight=154.404 78.8765 45.2024 29.6954 75.527 60.3009 25.9667 34.3342 33.6742 25.7323 15.507 15.2261
internal_count=635 325 187 124 310 247 106 141 138 105 63 63
is_linear=0
shrinkage=0.03


Tree=28
num_leaves=7
num_cat=0
split_feature=38 11 20 3 9 18
split_gain=8.43845 9.22236 6.58888 8.08124 4.47215 4.84336
threshold=0.014271091893598563 0.002587184047403102 0.013126218280358594 -0.012252878306966695 0.011918616445474596 0.47165316842623833
decision_type=2 2 2 2 2 2
left_child=1 4 -3 -4 5 -1
right_child=-2 2 3 -5 -6 -7
leaf_value=0.008729971875181073 0.02450233486813376 0.011261119418033374 0.00081434745139730396 -0.02094027345740556 0.022072529495983956 -0.0077685783940462348
leaf_weight=38.499868467450142 10.165427058935164 9.8172677606344205 22.438416704535484 38.567565277218819 10.833166018128393 23.923600360751152
leaf_count=157 41 40 93 162 44 98
internal_value=0.000428788 -0.00147923 -0.00915256 -0.0129288 0.00578598 0.00212924
internal_weight=154.245 144.08 70.8232 61.006 73.2566 62.4235
internal_count=635 594 295 255 299 255
is_linear=0
shrinkage=0.03


Tree=29
num_leaves=13
num_cat=0
split_feature=19 19 38 0 6 12 7 14 38 8 24 2
split_gain=8.20816 10.4251 5.6708 7.072 4.82448 4.5307 9.23431 9.69554 3.99835 3.60565 2.73213 2.37252
threshold=0.065698131736444829 0.086203787878273944 0.0099088576295996086 0.0085692057553453677 -0.0074361986184798895 49.102195225916461 0.011168435937097649 9.2851061305930234 0.011677255677062086 0.0086376833661509309 -0.43725490196078426 0.0054238257350260896
decision_type=2 2 2 2 2 2 2 2 2 2 2 2
left_child=5 4 3 -3 -2 8 7 -7 10 -6 -1 -4
right_child=1 2 11 -5 9 6 -8 -9 -10 -11 -12 -13
leaf_value=-0.0018960837457563447 0 -0.018224145560023084 0.021460698537576092 0.012058554878388868 0.033898838443705989 0.022884092146621692 -0.01916051870227857 -0.012445419381009112 0.002951944963174111 0.0071006271211510154 -0.024325174979302099 0
leaf_weight=8.6683386266231555 7.9361660480499259 22.062635332345966 7.5818596035242063 7.5339433103799811 15.730462789535524 17.636614695191387 11.918378382921217 8.6754347383975965 8.0968640446662885 9.9959901422262174 20.340383365750313 7.917955219745636
leaf_count=36 33 93 31 31 64 72 49 36 33 41 84 32
internal_value=0.000436606 0.00720893 -0.00199388 -0.00976547 0.0193786 -0.0064528 0.000492724 0.0106494 -0.0136517 0.0252907 -0.0186613 0.0114087
internal_weight=154.095 78.759 45.0964 29.5966 33.6626 75.336 38.2304 26.312 37.1056 25.7265 29.0087 15.4998
internal_count=635 325 187 124 138 310 157 108 153 105 120 63
is_linear=0
shrinkage=0.03


Tree=30
num_leaves=9
num_cat=0
split_feature=10 10 4 34 38 37 1 23
split_gain=8.59596 9.18712 9.09725 8.1397 7.21338 4.82655 4.4308 2.8932
threshold=-0.020291304620926261 -0.0074335137325086112 -0.0089616160841843855 0.017992917989389071 0.011541026147528622 0.027820563409364011 -0.0069640797158145853 0.88812959857846507
decision_type=2 2 2 2 2 2 2 2
left_child=5 4 6 -4 7 -1 -3 -2
right_child=1 2 3 -5 -6 -7 -8 -9
leaf_value=0.026609966915335216 -0.0062327125995870532 0.029809989668864265 -0.012828457465989127 0.0059461700569718515 0.0044003514421621795 -0.0016150922331840433 0.00051251075184508444 -0.033066594428855581
leaf_weight=11.101394906640055 7.735439375042918 9.3038917034864443 48.133967638015747 32.669475838541985 7.6007763892412177 7.3619464784860602 9.8486692458391172 16.693135276436806
leaf_count=45 32 38 201 135 31 30 41 69
internal_value=-0.00240731 -0.00522818 -0.000480103 -0.0050963 -0.0187059 0.0155648 0.0169266 -0.0262518
internal_weight=150.449 131.985 99.956 80.8034 32.0294 18.4633 19.1526 24.4286
internal_count=622 547 415 336 132 75 79 101
is_linear=0
shrinkage=0.03


Tree=31
num_leaves=6
num_cat=0
split_feature=38 25 9 15 34
split_gain=6.83745 6.48153 5.53944 5.88688 5.63524
threshold=0.014373774980379292 0.60826939471440766 -0.02365185439139025 -12.359140424601824 0.01876171043557107
decision_type=2 2 2 2 2
left_child=1 2 3 -1 -4
right_child=-2 -3 4 -5 -6
leaf_value=-0.0037186743814963267 0.018229055146039112 0.016434513811424818 -0.014878183723274957 0.022989287995450289 0
leaf_weight=21.242894381284717 11.110916510224341 10.156558409333227 63.900187358260155 8.629457548260687 35.243421301245689
leaf_count=87 45 42 267 35 146
internal_value=-0.00232686 -0.00430921 -0.00628267 0.00448448 -0.00969968
internal_weight=150.283 139.173 129.016 29.8724 99.1436
internal_count=622 577 535 122 413
is_linear=0
shrinkage=0.03


Tree=32
num_leaves=6
num_cat=0
split_feature=20 7 20 35 16
split_gain=6.788 8.99275 6.21241 8.3357 5.92153
threshold=0.012662470442107698 -0.018563993664854759 0.02179392981704097 0.01235924431332547 -11.319348369951177
decision_type=2 2 2 2 2
left_child=-1 4 3 -3 -2
right_child=1 2 -4 -5 -6
leaf_value=0.016425995373835385 0.03096582194266399 -0.021083107818424741 0.010961572313537568 -0.0033311974552179165 -0.0017014880028890049
leaf_weight=13.508934885263441 7.891298606991767 36.547493398189545 12.464666813611982 71.632959872484207 8.0711665749549848
leaf_count=55 32 155 51 296 33
internal_value=-0.00223858 -0.0044029 -0.00733361 -0.00973845 0.0152627
internal_weight=150.117 136.608 120.645 108.18 15.9625
internal_count=622 567 502 451 65
is_linear=0
shrinkage=0.03


Tree=33
num_leaves=9
num_cat=0
split_feature=10 10 38 5 19 35 37 38
split_gain=7.82755 8.7242 6.85588 6.71958 6.99878 6.03771 4.58216 0.385767
threshold=-0.020291304620926261 -0.0074335137325086112 0.011541026147528622 0.022250751247292592 0.06628339341009698 0.062108917370563572 0.027820563409364011 0.0077932116399021785
decision_type=2 2 2 2 2 2 2 2
left_child=6 2 7 5 -5 -3 -1 -2
right_child=1 3 -4 4 -6 -7 -8 -9
leaf_value=0.025789124550342674 -0.010894253392739381 0.011542249160802499 0.004446234635290763 -0.025480667457335009 -0.0002737965656342323 -0.012071068644667829 -0.0016869791987013717 -0.029616161791481434
leaf_weight=11.070075809955599 7.8469412326812806 44.202775299549103 7.5861316174268714 13.209467396140097 32.202969610691071 10.032341584563254 7.3462601006031027 16.427421197295189
leaf_count=45 33 182 31 55 136 42 30 68
internal_value=-0.0021588 -0.00486318 -0.018027 -0.000234844 -0.00868785 0.00663359 0.0150026 -0.025425
internal_weight=149.924 131.508 31.8605 99.6476 45.4124 54.2351 18.4163 24.2744
internal_count=622 547 132 415 191 224 75 101
is_linear=0
shrinkage=0.03


Tree=34
num_leaves=8
num_cat=0
split_feature=7 35 17 35 15 15 7
split_gain=6.18191 6.34168 11.4114 8.94041 7.83809 6.21278 5.51352
threshold=-0.026585986987063073 0.017198453265034556 2.3813744851796899 0.051589454852216783 -5.8848313561426151 -2.0493952549064613 -0.011677290960923412
decision_type=2 2 2 2 2 2 2
left_child=-1 2 6 4 -3 -5 -2
right_child=1 3 -4 5 -6 -7 -8
leaf_value=0.020982083281769651 0 -0.0033790665744160334 0.012848774471907097 0.0075572265139058608 0.019697630083495496 -0.017967440825969835 -0.023126903941236024
leaf_weight=7.6193668842315665 10.636435344815252 21.231824949383736 11.919690921902655 10.505016595125197 27.788468793034554 23.817765191197395 36.274850994348526
leaf_count=31 44 87 49 43 115 99 154
internal_value=-0.00211732 -0.00373319 -0.0111311 0.0014516 0.00966792 -0.0097563 -0.017807
internal_weight=149.793 142.174 58.831 83.3431 49.0203 34.3228 46.9113
internal_count=622 591 247 344 202 142 198
is_linear=0
shrinkage=0.03


Tree=35
num_leaves=13
num_cat=0
split_feature=15 19 15 20 11 21 19 5 5 17 4 17
split_gain=7.90709 9.02857 14.3703 8.66707 9.00321 10.0502 7.27623 6.54688 5.94532 4.4033 3.84141 3.33603
threshold=4.8446381694305467 0.061984681597221793 -7.2360738557412567 0.018820459397706536 0.045016259545872746 0.0096399082547810894 0.052036696864199185 -0.022614693478938738 -0.047737559236278086 1.0626700740468527 -0.029886271448470111 -0.9184908812918352
decision_type=2 2 2 2 2 2 2 2 2 2 2 2
left_child=1 2 7 4 5 -2 -4 -1 10 -10 -3 -5
right_child=3 8 6 11 -6 -7 -8 -9 9 -11 -12 -13
leaf_value=0.0021756423518926879 0 0.01479274600884677 0.028817769163214421 0.024719280980485519 0.012402710889365502 -0.029595098211291818 -0.004962560387379444 -0.029558214828705201 0.037036048768697413 0.011152012874949888 -0.012145781462124285 0
leaf_weight=7.7704017460346249 19.165531933307648 7.5864952355623245 12.340035349130632 8.1325112879276258 9.958035007119177 22.386799618601799 7.6139115691184989 13.144092634320257 14.073638781905176 16.954971164464951 7.2936536967754346 7.6554283797740927
leaf_count=32 80 31 50 34 41 96 31 55 57 69 30 32
internal_value=0.00294041 0.00889626 -0.00106925 -0.00455797 -0.010634 -0.0168152 0.015967 -0.0179526 0.017755 0.0248781 0.000825342 0.0133894
internal_weight=154.076 86.7772 40.8684 67.2983 51.5104 41.5523 19.9539 20.9145 45.9088 31.0286 14.8801 15.7879
internal_count=638 355 168 283 217 176 81 87 187 126 61 66
is_linear=0
shrinkage=0.03


Tree=36
num_leaves=13
num_cat=0
split_feature=15 19 15 20 20 19 5 5 7 17 12 37
split_gain=7.48531 8.56605 13.6313 8.22545 7.23954 6.93026 6.27191 5.6396 4.27368 4.18362 4.09138 3.93728
threshold=4.8446381694305467 0.061984681597221793 -7.2360738557412567 0.018820459397706536 0.013363326468438491 0.052036696864199185 -0.022614693478938738 -0.047737559236278086 -0.011988950793875382 1.0626700740468527 29.665829177611126 0.02097029122439165
decision_type=2 2 2 2 2 2 2 2 2 2 2 2
left_child=1 2 6 4 -2 -4 -1 10 -6 -9 -3 -5
right_child=3 7 5 11 8 -7 -8 9 -10 -11 -12 -13
leaf_value=0.0021232286145639653 0.010229451167103257 0.015157749465448518 0.028099030717522698 0.025460060382159755 0.00038936665554095977 -0.0048464044028989949 -0.028930295368327155 0.036121665443534325 -0.020895363779689188 0.010846660246364716 -0.012665886331978383 -0.0010793958498974466
leaf_weight=7.7726877629756954 9.9836665391921979 7.6031243652105314 12.327348083257677 8.1174722611904127 9.4082290679216332 7.6104927211999884 13.071014449000357 14.048000112175943 31.976926594972614 16.965454518795013 7.2642796188592911 7.6898341476917258
leaf_count=32 41 31 50 33 39 31 55 57 137 69 30 33
internal_value=0.00287838 0.00867744 -0.00103435 -0.00442059 -0.0103606 0.0155443 -0.0175216 0.0173057 -0.015916 0.0242444 0.000783846 0.0130358
internal_weight=153.839 86.6624 40.7815 67.1761 51.3688 19.9378 20.8437 45.8809 41.3852 31.0135 14.8674 15.8073
internal_count=638 355 168 283 217 81 87 187 176 126 61 66
is_linear=0
shrinkage=0.03


Tree=37
num_leaves=7
num_cat=0
split_feature=20 9 38 21 19 3
split_gain=5.43734 7.7564 9.17725 9.37879 7.76586 7.70302
threshold=0.012547985137717576 -0.025413854721461463 0.009538205352506603 0.013483515954224647 0.070184387320775893 0.02687994708444397
decision_type=2 2 2 2 2 2
left_child=-1 4 5 -4 -2 -3
right_child=1 2 3 -5 -6 -7
leaf_value=0.019927483654374432 -0.0015330238096874394 -0.017299764059401555 -0.0036874388001014819 0.019930994714484101 0.02690000827006981 0.012739076897268451
leaf_weight=13.188175961375235 14.309505611658098 41.902666911482811 39.317951053380966 21.440413191914558 16.191155195236206 7.201399937272071
leaf_count=54 59 179 162 88 66 30
internal_value=0.00282573 0.000856151 -0.00279321 0.00477758 0.0138255 -0.0122747
internal_weight=153.551 140.363 109.862 60.7584 30.5007 49.1041
internal_count=638 584 459 250 125 209
is_linear=0
shrinkage=0.03


Tree=38
num_leaves=8
num_cat=0
split_feature=10 37 8 14 35 0 2
split_gain=6.44669 7.13887 5.48456 4.87323 8.56958 1.9614 1.83533
threshold=-0.017814603184754859 0.02899913280706912 -0.016444098687612912 44.58747937039039 0.048026981734366044 -0.0080258659946088589 -0.0013664181641774851
decision_type=2 2 2 2 2 2 2
left_child=1 6 5 4 -4 -2 -1
right_child=2 -3 3 -5 -6 -7 -8
leaf_value=0.034604095714141074 -0.0026192118059662432 -0.0056295612863241761 0.010410271934762587 -0.015724509075368553 -0.0078630753018297979 -0.024669023259702754 0.0083138540239570229
leaf_weight=9.7927186787128484 9.4597512185573596 7.5552169531583777 70.699749082326889 9.6069888621568662 31.237413182854652 7.7238910943269721 7.3080392032861718
leaf_count=40 39 31 294 42 130 32 30
internal_value=0.00276565 0.0161941 0 0.00249208 0.00462275 -0.0148509 0.0262012
internal_weight=153.384 24.656 128.728 111.544 101.937 17.1836 17.1008
internal_count=638 101 537 466 424 71 70
is_linear=0
shrinkage=0.03


Tree=39
num_leaves=10
num_cat=0
split_feature=10 23 10 14 38 21 22 40 2
split_gain=6.1637 5.35341 5.70404 7.04891 5.56403 7.14271 4.96466 4.20579 2.5362
threshold=-0.017814603184754859 0.84797928949997281 0.0010033118543987254 35.20991748558027 0.010172132800420236 0.011365446639209473 -0.13835403321948811 0.016227912063791931 0.005786903506169617
decision_type=2 2 2 2 2 2 2 2 2
left_child=7 4 6 -4 5 -2 -3 -1 -6
right_child=1 2 3 -5 8 -7 -8 -9 -10
leaf_value=0.025443475210837736 0.011598961682094327 0.002300919380881384 0.0083766302159773692 -0.017098716696613746 0.031288683297594863 -0.022607505237882727 -0.018727703016638488 0 0.0047747567369839155
leaf_weight=14.131321117281916 12.101964324712755 12.817042902112005 41.442481681704521 10.447680547833441 8.6726983636617678 6.9147595316171637 28.176886364817619 10.487291738390921 8.1236916035413724
leaf_count=58 50 53 172 46 35 30 118 43 33
internal_value=0.00267382 0 -0.00384668 0.00252481 0.00950201 -0.00109305 -0.0120029 0.015815 0.0211356
internal_weight=153.316 128.697 92.8841 51.8902 35.8131 19.0167 40.9939 24.6186 16.7964
internal_count=638 537 389 218 148 80 171 101 68
is_linear=0
shrinkage=0.03


Tree=40
num_leaves=11
num_cat=0
split_feature=37 14 21 15 14 34 36 35 1 21
split_gain=7.68772 6.89838 9.14925 6.84578 8.68897 6.39772 6.04875 3.12293 2.30924 1.87587
threshold=0.027820563409364011 -21.593823138322815 0.01388308814269529 29.810554965599717 11.457931982514312 0.017992917989389071 0.0054978643801710412 -0.020092238950399851 0.0094139794457362997 0.016218179016777235
decision_type=2 2 2 2 2 2 2 2 2 2
left_child=1 7 5 4 6 -3 -2 -1 -6 -4
right_child=3 2 9 -5 8 -7 -8 -9 -10 -11
leaf_value=0.0055663301438266073 -0.025626204359843439 -0.011089975793781166 0.030501578787677404 -0.025477868265749049 0.026260274478505534 0.0083209057624087038 0 0.035998270372296297 0.0014599590640561161 0.0062635895134183356
leaf_weight=7.7499407231807709 11.619306892156599 35.255348682403564 8.081675052642824 12.01329545676708 7.3714025914669019 23.344009712338448 22.744618475437164 7.5164996683597547 7.8563730418682098 8.5473446995019895
leaf_count=32 49 147 33 54 31 96 94 31 33 35
internal_value=0.00103731 0.00662896 0.00241227 -0.0068909 -0.00128445 -0.00309039 -0.00981061 0.0238526 0.0159908 0.0208584
internal_weight=152.1 90.4948 75.2284 61.605 49.5917 58.5994 34.3639 15.2664 15.2278 16.629
internal_count=635 374 311 261 207 243 143 63 64 68
is_linear=0
shrinkage=0.03


Tree=41
num_leaves=10
num_cat=0
split_feature=37 14 21 15 14 34 36 19 21
split_gain=7.33681 6.58402 8.71295 6.5674 8.28617 6.05355 5.77092 1.96664 1.77041
threshold=0.027820563409364011 -21.593823138322815 0.01388308814269529 29.810554965599717 11.457931982514312 0.017992917989389071 0.0054978643801710412 0.07095927111368304 0.016218179016777235
decision_type=2 2 2 2 2 2 2 2 2
left_child=1 -1 5 4 6 -3 -2 -6 -4
right_child=3 2 8 -5 7 -7 -8 -9 -10
leaf_value=0.023343482043611228 -0.025069009317186912 -0.010792635916987444 0.02976402845402068 -0.024998198033377286 0.0019482787340523089 0.00809048027095737 0 0.025267196237849284 0.0061110745840977114
leaf_weight=15.240465655922888 11.566490605473517 35.195856034755707 8.0830104947090167 11.916346356272696 7.9576324075460416 23.345541715621948 22.744618475437164 7.2975718528032303 8.5477498769760114
leaf_count=63 49 147 33 54 34 96 94 30 35
internal_value=0.00103472 0.00649952 0.00237372 -0.00671679 -0.00123173 -0.00299603 -0.00957943 0.0156083 0.0203732
internal_weight=151.895 90.4126 75.1722 61.4827 49.5663 58.5414 34.3111 15.2552 16.6308
internal_count=635 374 311 261 207 243 143 64 68
is_linear=0
shrinkage=0.03


Tree=42
num_leaves=12
num_cat=0
split_feature=11 19 23 34 3 23 19 5 0 20 20
split_gain=6.818 9.79077 13.0725 9.80939 9.6328 5.82008 4.85058 4.57943 3.79048 2.47068 1.56778
threshold=0.0027610930887548295 0.061984681597221793 1.107155393625685 0.032234919429927962 -0.013617654069862482 1.0037530645145425 0.059437024964540952 -0.047051658704341963 0.0050323566786807392 0.018118072275138685 0.017747616310283206
decision_type=2 2 2 2 2 2 2 2 2 2 2
left_child=1 2 3 -1 5 -2 8 -3 -6 -8 -9
right_child=4 7 -4 -5 6 -7 9 10 -10 -11 -12
leaf_value=-0.024487382864281527 0.024741019377134316 0 0.026168385009923682 0.01141461643230268 0.0083645380795489711 -0.0036188258633380039 -0.025180110649530664 0.026274941580958694 -0.015851442055440701 -0.0037683797833233104 0.0072394469244489897
leaf_weight=20.321841672062877 10.439107373356821 10.429074466228483 7.5748195201158515 7.8243869394063941 13.165952652692797 11.148829430341719 21.240903034806255 22.916696131229401 7.3614470213651648 9.3973397910594922 9.8708527833223325
leaf_count=86 44 43 31 32 55 47 92 94 31 40 40
internal_value=0.00102205 0.00712402 -0.00408006 -0.0139142 -0.0054114 0.010394 -0.0125023 0.0164874 -0.000290147 -0.0197057 0.0217211
internal_weight=151.691 78.9377 35.721 28.1462 72.7536 21.5879 51.1656 43.2166 20.5274 30.6382 32.7875
internal_count=635 326 149 118 309 91 218 177 86 132 134
is_linear=0
shrinkage=0.03


Tree=43
num_leaves=11
num_cat=0
split_feature=11 23 3 15 11 23 35 20 36 15
split_gain=6.48928 9.30537 9.15281 6.27352 12.0679 5.5161 5.26143 5.68784 4.64227 3.45874
threshold=0.0027610930887548295 1.0735020831852979 -0.013617654069862482 -24.279425609916117 -0.0094646430943119957 1.0037530645145425 0.030214068013356913 0.014595969688420791 0.0074039752465433857 -13.987784041272461
decision_type=2 2 2 2 2 2 2 2 2 2
left_child=1 3 5 -1 -5 -2 8 -8 -4 -3
right_child=2 9 6 4 -6 -7 7 -9 -10 -11
leaf_value=0.021606751490574033 0.024037241497177654 0.0046986978881897274 -0.031161380674955663 -0.017738014797206169 0.011410244163866384 -0.0035278447812743204 0.014541817775314098 -0.012456125977856792 -0.0033917844606391749 0.030824208544197831
leaf_weight=8.0598161071538907 10.480321928858759 9.691977187991144 15.105062991380693 25.941750138998028 21.191044852137569 11.144899711012838 9.4077466577291506 15.85202634334564 10.662808448076246 13.94149726629257
leaf_count=33 44 40 66 109 87 47 39 67 46 57
internal_value=0.00100235 0.00696143 -0.00527542 0 -0.00439657 0.0101002 -0.0122096 -0.00152157 -0.0212824 0.021898
internal_weight=151.479 78.8261 72.6529 55.1926 47.1328 21.6252 51.0276 25.2598 25.7679 23.6335
internal_count=635 326 309 229 196 91 218 106 112 97
is_linear=0
shrinkage=0.03


Tree=44
num_leaves=12
num_cat=0
split_feature=37 15 13 15 21 19 19 35 4 10 19
split_gain=6.95984 6.1162 8.37812 5.91836 9.84225 9.62116 6.92365 6.4391 4.48756 2.43229 0.742459
threshold=0.027820563409364011 31.312597759490988 -1.0000000180025095e-35 -1.8920727704933682 0.01388308814269529 0.044092961728179621 0.067101304944718373 -0.040681330867750824 0.02550286332460561 -0.0078434553431311321 0.079356692869986714
decision_type=2 2 2 2 2 2 2 2 2 2 2
left_child=3 2 9 6 5 -5 7 -1 -4 -2 -8
right_child=1 -3 8 4 -6 -7 10 -9 -10 -11 -12
leaf_value=-0.017873032769510716 -0.0014514132396761773 -0.025136643070952328 -0.022026961536339804 0.009713096372543974 0.020647349746090355 -0.021773293541437796 0.037298828536345766 0.011701454385373544 0.00083733220249792965 0.017041963177295852 0.014437567206209846
leaf_weight=6.9983776509761837 7.3536439836025265 10.859328582882879 15.878432378172876 11.932725861668585 10.96681025624275 20.688645288348198 7.2666245102882412 21.859276607632637 11.233911156654356 15.833363994956015 10.401492923498152
leaf_count=30 31 50 67 50 45 86 30 90 47 66 43
internal_value=0.000988226 -0.00658068 -0.00147969 0.00631929 -0.00133689 -0.00992672 0.0135607 0.00334957 -0.0126313 0.0109318 0.0274394
internal_weight=151.273 61.1587 50.2994 90.114 43.5882 32.6214 46.5258 28.8577 27.1123 23.187 17.6681
internal_count=635 261 211 374 181 136 193 120 114 97 73
is_linear=0
shrinkage=0.03


Tree=45
num_leaves=9
num_cat=0
split_feature=37 19 5 35 37 11 37 5
split_gain=6.27824 5.41755 8.11574 10.0227 4.85843 4.17932 2.82679 2.53959
threshold=0.058640122891176157 0.063235184770313216 0.022250751247292592 -0.036433885771237344 0.0097610035112830635 0.017239484264814923 0.024686912247419149 -0.039157190367395005
decision_type=2 2 2 2 2 2 2 2
left_child=1 2 3 -1 7 -2 -6 -3
right_child=5 4 -4 -5 6 -7 -8 -9
leaf_value=-0.023562562560853147 0 0.00014828016780718366 -0.023391346392702111 0.0085366860532826282 -0.010031861242790818 -0.028117518196208013 0.0068418146578945694 0.022535204729927105
leaf_weight=8.584434971213339 8.0914266854524595 7.2283647060394314 11.177088692784308 46.552511841058731 10.035796135663984 7.7996637374162665 29.982158631086349 23.920803666114807
leaf_count=37 34 30 47 193 42 36 126 98
internal_value=0.00166293 0.00387454 -0.00209545 0.00262669 0.00954764 -0.0149266 0.00197712 0.0181151
internal_weight=153.372 137.481 66.314 55.1369 71.1671 15.8911 40.018 31.1492
internal_count=643 573 277 230 296 70 168 128
is_linear=0
shrinkage=0.03


Tree=46
num_leaves=9
num_cat=0
split_feature=20 4 37 38 0 21 28 19
split_gain=7.81937 7.68805 7.79231 6.32919 6.28732 5.24237 4.51996 3.51792
threshold=0.012547985137717576 -0.008636300561992603 0.0097610035112830635 0.00974901266386838 0.0069084307523719088 0.013483515954224647 8.5000000000000018 0.067690175528643953
decision_type=2 2 2 2 2 2 2 2
left_child=-1 3 5 6 -4 -3 -2 -5
right_child=1 2 4 7 -6 -7 -8 -9
leaf_value=0.02212653263289336 0.0066299974390749755 -0.0034133773158895979 -0.021275972809243631 0.0063193315950291094 0 0.019709421823557744 -0.015608927152899944 0.033753857526375754
leaf_weight=13.106626078486441 25.483060985803604 23.581600055098534 31.993345782160759 11.867741450667383 17.957669124007225 11.073260799050329 9.7382637113332731 8.4357294589281064
leaf_count=54 107 98 138 49 76 45 41 35
internal_value=0.00159457 -0.000504614 -0.00624199 0.00789002 -0.0136848 0.00423809 0 0.0203951
internal_weight=153.237 140.131 84.6059 55.5248 49.951 34.6549 35.2213 20.3035
internal_count=643 589 357 232 214 143 148 84
is_linear=0
shrinkage=0.03


Tree=47
num_leaves=8
num_cat=0
split_feature=37 40 37 21 13 11 38
split_gain=5.86691 6.03497 7.82239 8.41623 4.44073 3.99927 0.818339
threshold=0.058640122891176157 0.055307037573315905 0.0097610035112830635 0.0099792417015516222 7.3210618367103146 0.017239484264814923 0.008907906550449084
decision_type=2 2 2 2 2 2 2
left_child=1 2 4 -4 -1 -2 -3
right_child=5 6 3 -5 -6 -7 -8
leaf_value=0.01093936633235266 0 0.026759905809986891 0.0054536550122273814 -0.017486747677438946 -0.010119539558485957 -0.027519265480015421 0.007504085646082622
leaf_weight=58.700512662529945 8.0725716352462751 8.2501433342695254 23.68958954513073 29.648955315351486 8.2362679541110975 7.6986623406410208 8.7139548361301404
leaf_count=243 34 34 100 126 34 36 36
internal_value=0.00157278 0.00371156 0.00108038 -0.00719815 0.00791216 -0.0145177 0.0194943
internal_weight=153.011 137.239 120.275 53.3385 66.9368 15.7712 16.9641
internal_count=643 573 503 226 277 70 70
is_linear=0
shrinkage=0.03


Tree=48
num_leaves=9
num_cat=0
split_feature=20 3 20 3 11 34 37 38
split_gain=7.36018 8.09176 10.4292 6.80599 6.4372 3.85352 3.2873 2.47088
threshold=0.012547985137717576 -1.0000000180025095e-35 0.017356710869502048 0.028148744276025209 0.0068900463843208923 -0.022650453738951578 0.032584265049729895 0.0085545268139082704
decision_type=2 2 2 2 2 2 2 2
left_child=-1 2 5 4 -3 -2 -5 -4
right_child=1 3 7 6 -6 -7 -8 -9
leaf_value=0.021459599381234273 -0.016942870604100203 -0.0031538501063519192 0.004698064612922952 0.018631622415556583 -0.024516516032883576 0.002871548451917492 -0.0036587496886536855 0.02896703535054395
leaf_weight=13.087668955326079 9.5213830173015577 31.968478873372078 8.0751046836376208 9.0851593166589755 22.363179072737694 33.696525767445564 9.8558004349470121 15.236197099089621
leaf_count=54 40 133 35 37 97 142 42 63
internal_value=0.00152634 -0.000510294 0.00684254 -0.00739013 -0.0127714 -0.00171837 0.00707499 0.0221883
internal_weight=152.889 139.802 66.5292 73.2726 54.3317 43.2179 18.941 23.3113
internal_count=643 589 280 309 230 182 79 98
is_linear=0
shrinkage=0.03


Tree=49
num_leaves=9
num_cat=0
split_feature=20 4 37 36 38 9 10 14
split_gain=6.98727 7.13801 6.98524 6.31617 6.14019 6.04633 7.16675 4.20997
threshold=0.012547985137717576 -0.008636300561992603 0.0097610035112830635 0.0052260808517211278 0.010040062377045673 -0.013667431838529904 -0.0057691540415724099 -26.853860589019174
decision_type=2 2 2 2 2 2 2 2
left_child=-1 5 3 -3 -4 7 -7 -2
right_child=1 2 4 -5 -6 6 -8 -9
leaf_value=0.020927021830711677 0 0.021429625223935721 -0.02124528869351084 -0.0042900955180020742 0 -0.016232324552888554 0.013700182527233784 0.022925256234102014
leaf_weight=13.069292634725569 8.9969010204076785 10.527405530214308 29.919996008276939 24.066607356071472 19.718260645866394 14.263100579380991 10.662521585822104 21.468681290745735
leaf_count=54 37 43 132 100 82 61 45 89
internal_value=0.00149316 -0.000489846 -0.00603698 0.00387029 -0.0131145 0.00760062 -0.00280436 0.0162239
internal_weight=152.693 139.623 84.2323 34.594 49.6383 55.3912 24.9256 30.4656
internal_count=643 589 357 143 214 232 106 126
is_linear=0
shrinkage=0.03


end of trees

feature_importances:
atr_pct=34
macd_signal=32
macro_topix_vol_20=31
ma_20_60_cross=27
macro_topix_ret_20=24
bb_bandwidth=23
macro_usdjpy_ret_60=22
volatility=21
vol_ratio=18
macd=17
ma_5_20_cross=15
macro_usdjpy_vol_20=15
macro_nikkei_ret_20=14
return_10d=12
macro_usdjpy_ret_20=12
return_20d=11
div_ma_20=8
div_ma_60=8
month=8
return_1d=7
return_3d=7
div_ma_10=7
return_5d=6
macd_hist_change=6
upper_shadow_pct=5
return_2d=4
rsi=4
div_ma_5=3
macd_hist=3
bb_pct_b=3
lower_shadow_pct=3
day_of_week=3
price_position_20d=3
rsi_change=2
vol_change=2
candle_body_pct=2
gap=1

parameters:
[boosting: gbdt]
[objective: binary]
[metric: binary_logloss]
[tree_learner: serial]
[device_type: cpu]
[data_sample_strategy: bagging]
[data: ]
[valid: ]
[num_iterations: 50]
[learning_rate: 0.03]
[num_leaves: 15]
[num_threads: 0]
[seed: 42]
[deterministic: 0]
[force_col_wise: 0]
[force_row_wise: 0]
[histogram_pool_size: -1]
[max_depth: 4]
[min_data_in_leaf: 30]
[min_sum_hessian_in_leaf: 0.001]
[bagging_fraction: 0.7]
[pos_bagging_fraction: 1]
[neg_bagging_fraction: 1]
[bagging_freq: 5]
[bagging_seed: 400]
[bagging_by_query: 0]
[feature_fraction: 0.6]
[feature_fraction_bynode: 1]
[feature_fraction_seed: 30056]
[extra_trees: 0]
[extra_seed: 12879]
[early_stopping_round: 0]
[early_stopping_min_delta: 0]
[first_metric_only: 0]
[max_delta_step: 0]
[lambda_l1: 0.5]
[lambda_l2: 2]
[linear_lambda: 0]
[min_gain_to_split: 0]
[drop_rate: 0.1]
[max_drop: 50]
[skip_drop: 0.5]
[xgboost_dart_mode: 0]
[uniform_drop: 0]
[drop_seed: 17869]
[top_rate: 0.2]
[other_rate: 0.1]
[min_data_per_group: 100]
[max_cat_threshold: 32]
[cat_l2: 10]
[cat_smooth: 10]
[max_cat_to_onehot: 4]
[top_k: 20]
[monotone_constraints: ]
[monotone_constraints_method: basic]
[monotone_penalty: 0]
[feature_contri: ]
[forcedsplits_filename: ]
[refit_decay_rate: 0.9]
[cegb_tradeoff: 1]
[cegb_penalty_split: 0]
[cegb_penalty_feature_lazy: ]
[cegb_penalty_feature_coupled: ]
[path_smooth: 0]
[interaction_constraints: ]
[verbosity: -1]
[saved_feature_importance_type: 0]
[use_quantized_grad: 0]
[num_grad_quant_bins: 4]
[quant_train_renew_leaf: 0]
[stochastic_rounding: 1]
[linear_tree: 0]
[max_bin: 255]
[max_bin_by_feature: ]
[min_data_in_bin: 5]
[bin_construct_sample_cnt: 200000]
[data_random_seed: 175]
[is_enable_sparse: 1]
[enable_bundle: 1]
[use_missing: 1]
[zero_as_missing: 0]
[feature_pre_filter: 1]
[pre_partition: 0]
[two_round: 0]
[header: 0]
[label_column: ]
[weight_column: ]
[group_column: ]
[ignore_column: ]
[categorical_feature: ]
[forcedbins_filename: ]
[precise_float_parser: 0]
[parser_config_file: ]
[objective_seed: 16083]
[num_class: 1]
[is_unbalance: 0]
[scale_pos_weight: 1]
[sigmoid: 1]
[boost_from_average: 1]
[reg_sqrt: 0]
[alpha: 0.9]
[fair_c: 1]
[poisson_max_delta_step: 0.7]
[tweedie_variance_power: 1.5]
[lambdarank_truncation_level: 30]
[lambdarank_norm: 1]
[label_gain: ]
[lambdarank_position_bias_regularization: 0]
[eval_at: ]
[multi_error_top_k: 1]
[auc_mu_weights: ]
[num_machines: 1]
[local_listen_port: 12400]
[time_out: 120]
[machine_list_filename: ]
[machines: ]
[gpu_platform_id: -1]
[gpu_device_id: -1]
[gpu_use_dp: 0]
[num_gpu: 1]

end of parameters

pandas_categorical:[]
