tree
version=v4
num_class=1
num_tree_per_iteration=1
label_index=0
max_feature_idx=44
objective=binary sigmoid:1
feature_names=return_1d return_2d return_3d return_5d return_10d return_20d div_ma_5 div_ma_10 div_ma_20 div_ma_60 ma_5_20_cross ma_20_60_cross rsi rsi_change macd macd_signal macd_hist macd_hist_change bb_pct_b bb_bandwidth atr_pct volatility vol_change vol_ratio candle_body_pct upper_shadow_pct lower_shadow_pct day_of_week month is_month_end is_month_start streak gap price_position_20d macro_usdjpy_ret_20 macro_usdjpy_ret_60 macro_usdjpy_vol_20 macro_topix_ret_20 macro_topix_vol_20 macro_topix_above_200dma macro_nikkei_ret_20 macro_nikkei_above_200dma macro_nikkei_vi macro_jgb10y macro_bias_score
feature_infos=[-0.15524735687205682:0.10890399024220243] [-0.2498161708648643:0.10035743744844661] [-0.26470587641310128:0.12249520822442928] [-0.2438735177865613:0.17902163105197788] [-0.28919990091652215:0.23724993172455044] [-0.27862938971823681:0.22825847713029668] [-0.18484338799008093:0.071945143836717171] [-0.21629409113875647:0.12196944499756508] [-0.23944972485647481:0.12501317123402023] [-0.24510515342776276:0.22383043485128692] [-0.16341127736459227:0.093740609141189868] [-0.11882201951974358:0.1232471071589909] [17.849385473452429:94.474759414821705] [-27.158045884247599:21.412149538936688] [-210.51443068288654:226.47257929366879] [-172.18417171266583:190.56997153386638] [-114.16937321429491:58.446260617553463] [-43.627801623769422:26.090442764297038] [-0.42179518534657751:1.4206973127172264] [0.024343901652601637:0.49020635892754133] [0.0085809231774807947:0.078459928093569373] [0.0061940084395519703:0.056011815282873835] [-0.80232543475793539:7.7549496549383417] [0.46640226373325144:2.3686470637808776] [-1:0.98467526490660917] [0:1] [0:1] [0:4] [1:12] none [0:1] [-7:9] [-0.17279999999999995:0.13610835811034017] [0:1] [-0.10288784967882303:0.08505611680078462] [-0.13986255140503889:0.1344631365590534] [0.0024251968629527628:0.011841457708833433] [-0.22586490939044479:0.19897850606512013] [0.0040695656522785678:0.036437277456277402] [0:1] [-0.22859537662338159:0.23022297972565586] [0:1] none none none
tree_sizes=1355 999 1374 783 764 1287 1472 1314 1203 1186 1081 1078 1152 1204 1297 1399 1089 1206 1274 1197 1097 1101 1298 1104 1104 1181 1289 1200 1098 1086 1098 1394 1199 1171 1205 1084 992 1180 1493 1517 1085 1185 1279 1210 1203 996 884 1189 993 993

Tree=0
num_leaves=12
num_cat=0
split_feature=5 28 15 22 28 15 37 37 28 17 35
split_gain=8.87802 8.06404 9.2152 6.86216 6.12702 6.16052 5.99203 5.73596 4.77724 3.51274 1.59981
threshold=0.026292525579415419 10.500000000000002 77.350463659272862 0.21281723087768581 8.5000000000000018 6.5533292116166626 0.022429907189697399 0.045478927802562248 5.5000000000000009 0.71436386080990044 0.022654169317728793
decision_type=2 2 2 2 2 2 2 2 2 2 2
left_child=3 2 7 4 5 -1 -3 -2 -4 -6 -5
right_child=1 6 8 10 9 -7 -8 -9 -10 -11 -12
leaf_value=0.20313405477646593 0.16744007850965109 0.20087686897772281 0.17044626069520036 0.18599137430818932 0.17912666589743545 0.17828779307050532 0.17010180996462615 0.18745342749237756 0.134051363761725 0.15421224562106295 0.21012095630666738
leaf_weight=12.648268818855284 34.472732663154602 11.6562477350235 8.4321792125701922 7.440158128738406 10.416221380233766 20.088426947593689 7.4401581287384024 17.360368967056274 7.936168670654296 7.4401581287384024 9.4242002964019758
leaf_count=51 139 47 34 30 42 81 30 70 32 30 38
internal_value=0.178673 0.172333 0.167468 0.186621 0.180489 0.188285 0.188457 0.174482 0.148997 0.167469 0.202127
internal_weight=154.755 87.2979 68.2014 67.4574 50.5931 32.7367 19.0964 51.8331 16.3683 17.8564 16.8644
internal_count=624 352 275 272 204 132 77 209 66 72 68
is_linear=0
shrinkage=1


Tree=1
num_leaves=8
num_cat=0
split_feature=40 20 38 38 35 38 16
split_gain=9.93529 12.2951 11.877 14.1484 6.98537 5.87686 5.52431
threshold=-0.059030606150052782 0.018719960560492448 0.009538205352506603 0.011883443035612526 -0.031479363654649699 0.010825274427929264 0.96273621693520639
decision_type=2 2 2 2 2 2 2
left_child=-1 5 4 -4 -3 6 -2
right_child=1 2 3 -5 -6 -7 -8
leaf_value=0.026102550215717963 0.025691828458965567 0.0020501493581439414 0.013371452476794842 -0.018717203935058411 -0.024901899164162695 -0.012119717391320747 0.0030790706865494819
leaf_weight=9.6613740026950818 17.603704556822777 9.4219079315662366 31.241453617811203 17.601798430085182 37.720590263605118 7.4418323934078208 24.05559803545475
leaf_count=39 71 38 126 71 152 30 97
internal_value=-0.000441884 -0.00264236 -0.00891054 0.00123115 -0.0193458 0.00918668 0.0137172
internal_weight=154.748 145.087 95.9858 48.8433 47.1425 49.1011 41.6593
internal_count=624 585 387 197 190 198 168
is_linear=0
shrinkage=0.03


Tree=2
num_leaves=12
num_cat=0
split_feature=20 37 15 15 11 11 14 38 38 15 32
split_gain=8.42393 12.1209 6.51189 12.6398 8.50877 6.44976 8.68394 3.56102 3.41322 8.22554 1.7488
threshold=0.017494676816960885 0.036692300934979223 -4.2256044266430939 54.99234663911578 -0.029503177897048091 0.040227178004983662 20.514799211590233 0.01065014417841669 0.0068705883784364657 9.0126180954857755 0.0044692793224673242
decision_type=2 2 2 2 2 2 2 2 2 2 2
left_child=7 2 4 -4 -2 6 -3 8 -1 -10 -7
right_child=1 5 3 -5 -6 10 -8 -9 9 -11 -12
leaf_value=0 -0.0028771334327954774 -0.024666377066439132 -0.01323225027342405 0.012710671283620337 0.036388410286998643 -0.039764649678845854 0.011278578698690296 -0.0041511564752045134 0 0.038162465814156457 -0.011679374240169477
leaf_weight=8.913055747747423 7.9322851449251202 8.9372516274452227 37.956845805048943 27.040211379528046 8.1642666310071927 9.6906772404909152 11.155615746974943 7.6909656822681418 8.9086976051330584 10.899756640195845 7.4521889686584464
leaf_count=36 32 36 153 109 33 39 45 31 36 44 30
internal_value=-0.000413999 -0.0044045 0.00200601 -0.00215828 0.0180302 -0.0181385 -0.00481629 0.0117175 0.0164487 0.0228472 -0.0308351
internal_weight=154.742 118.329 81.0936 64.9971 16.0966 37.2357 20.0929 36.4125 28.7215 19.8085 17.1429
internal_count=624 477 327 262 65 150 81 147 116 80 69
is_linear=0
shrinkage=0.03


Tree=3
num_leaves=6
num_cat=0
split_feature=19 40 22 4 10
split_gain=10.7504 11.0829 5.65158 8.18919 6.87316
threshold=0.044782335054656057 -0.059030606150052782 0.31273954453901703 0.032249121315220293 0.032676121782045826
decision_type=2 2 2 2 2
left_child=-1 -2 4 -4 -3
right_child=1 2 3 -5 -6
leaf_value=0.027572681792876697 0.025310902117921405 -0.012726676649314416 0.020096161729841786 -0.01175402385153853 0.0033615348993934822
leaf_weight=9.3889709711074811 9.6250748932361585 79.159436702728271 15.362258493900301 10.170734509825705 31.012744352221489
leaf_count=38 39 319 62 41 125
internal_value=-0.00040066 -0.00265944 -0.005091 0.00693203 -0.00808504
internal_weight=154.719 145.33 135.705 25.533 110.172
internal_count=624 586 547 103 444
is_linear=0
shrinkage=0.03


Tree=4
num_leaves=6
num_cat=0
split_feature=19 40 28 28 38
split_gain=10.2279 10.539 10.7723 11.0879 4.71937
threshold=0.044782335054656057 -0.059030606150052782 10.500000000000002 6.5000000000000009 0.009538205352506603
decision_type=2 2 2 2 2
left_child=-1 -2 3 -3 -4
right_child=1 2 4 -5 -6
leaf_value=0.026961395801910679 0.024744549309181098 -0.00059379860449168315 0 -0.019888839475810598 0.02412980264704568
leaf_weight=9.3595758378505689 9.5962234884500486 64.026268407702446 13.391198307275774 46.45921365916729 11.881104633212088
leaf_count=38 39 258 54 187 48
internal_value=-0.000359868 -0.00256299 -0.00493337 -0.00905009 0.011858
internal_weight=154.714 145.354 135.758 110.485 25.2723
internal_count=624 586 547 445 102
is_linear=0
shrinkage=0.03


Tree=5
num_leaves=11
num_cat=0
split_feature=10 40 37 12 12 28 23 12 8 5
split_gain=15.6231 10.0107 7.3954 7.04731 6.64677 5.82539 5.18245 5.12609 2.43699 1.25247
threshold=0.0061966709522330863 -0.0061007846111312261 0.037179844736328856 54.235818181487211 59.898560199838066 9.5000000000000018 0.90027680557426404 45.15861611966119 0.017171214472836503 0.0085304144578738379
decision_type=2 2 2 2 2 2 2 2 2 2
left_child=1 5 9 -2 8 7 -6 -1 -5 -3
right_child=3 2 -4 4 6 -7 -8 -9 -10 -11
leaf_value=0.019237987979273143 -0.026117468138633235 0.035933415155669703 -0.0020366436798510182 0.022730737258832342 -0.021139196216424253 -0.021318744439259556 -0.0022731015639083779 -0.0086129222212683997 0 0.014052112716624316
leaf_weight=11.087121650576597 13.426186293363569 15.829161882400514 7.4527613073587409 7.4332392364740398 17.627578049898148 7.4453681111335746 48.119305536150932 8.42842088639736 9.9345953017473203 10.639719009399412
leaf_count=45 54 64 30 30 71 30 194 34 40 43
internal_value=6.73822e-05 0.0118413 0.0222436 -0.00729515 -0.00353614 -0.00136089 -0.00802749 0.00682998 0.0117649 0.0292698
internal_weight=157.423 60.8826 33.9216 96.5409 83.1147 26.9609 65.7469 19.5155 17.3678 26.4689
internal_count=635 246 137 389 335 109 265 79 70 107
is_linear=0
shrinkage=0.03


Tree=6
num_leaves=13
num_cat=0
split_feature=10 38 5 38 20 14 37 21 32 32 21 37
split_gain=14.7819 9.58213 11.6956 5.37458 6.49634 11.5848 9.39395 6.21736 4.35489 6.30644 4.35465 2.38615
threshold=0.0061966709522330863 0.010899820236199332 -0.032344267641892459 0.0084275040912586228 0.019978748806208747 18.073790784815177 0.024686912247419149 0.012301735283549707 -0.0054374051360219213 0.006807820496897766 0.017850949866062976 -0.041699704858816793
decision_type=2 2 2 2 2 2 2 2 2 2 2 2
left_child=1 8 11 7 5 -5 -6 -2 -1 -10 -9 -3
right_child=3 2 -4 4 6 -7 -8 10 9 -11 -12 -13
leaf_value=0 0.0063589585029505888 0 -0.025274543370281077 -0.010787675822052341 0.0057260500418574714 0.029198133589006987 -0.024408671932917538 -0.026042453313209639 0.034844136520191672 0.0014961051614863553 0 0.023152242850386869
leaf_weight=7.9028126746416083 7.936116710305213 7.3675633370876312 9.9306478500366193 9.912461921572687 16.863478407263756 12.145046740770338 15.925263702869414 25.852099552750587 19.757106885313991 8.1748428940772992 7.9501132965087882 7.6676326692104357
leaf_count=32 32 30 40 40 68 49 64 104 80 33 32 31
internal_value=6.38166e-05 0.0115303 -0.00219454 -0.0070897 -0.000528047 0.0112024 -0.00904082 -0.0149507 0.0210992 0.0263374 -0.0204485 0.0133467
internal_weight=157.385 60.8006 24.9658 96.5846 54.8463 22.0575 32.7887 41.7383 35.8348 27.9319 33.8022 15.0352
internal_count=635 246 101 389 221 89 132 168 145 113 136 61
is_linear=0
shrinkage=0.03


Tree=7
num_leaves=11
num_cat=0
split_feature=10 40 37 28 34 15 19 28 10 5
split_gain=14.0355 8.5486 7.79918 5.31834 8.20888 6.09118 5.57456 5.12851 3.47842 2.78898
threshold=0.0091632956536509286 -0.0061007846111312261 0.037179844736328856 10.500000000000002 -0.0041455827631409195 83.148415429762466 0.066632705709422688 9.5000000000000018 -0.0067913602589528268 0.0085304144578738379
decision_type=2 2 2 2 2 2 2 2 2 2
left_child=1 7 9 5 -5 6 -2 8 -1 -3
right_child=3 2 -4 4 -6 -7 -8 -9 -10 -11
leaf_value=0.014781138244287432 -0.025238592007263867 0.034938996499111245 -0.0026785961074365194 -0.01420175905897713 0.021354472580944434 -0.02820066843935011 -0.0010952297423512561 -0.020726082505020772 -0.0070325524161584507 0.011988616863537048
leaf_weight=12.788667336106304 9.1894628554582578 15.97747938334942 9.9287659227848035 8.4343547374010104 10.868766233325003 14.214411452412604 44.977270632982254 7.4571766555309287 9.1677520275115967 14.328628376126288
leaf_count=52 37 65 40 34 44 57 181 30 37 58
internal_value=7.19928e-05 0.0100625 0.0187504 -0.00774378 0.00523959 -0.0116667 -0.0062111 -0.00178123 0.00522013 0.0259664
internal_weight=157.333 69.6485 40.2349 87.6843 19.3031 68.3811 54.1667 29.4136 21.9564 30.3061
internal_count=635 282 163 353 78 275 218 119 89 123
is_linear=0
shrinkage=0.03


Tree=8
num_leaves=10
num_cat=0
split_feature=10 38 5 23 23 22 11 5 23
split_gain=13.31 8.78242 10.6432 6.20336 5.3023 5.2915 5.74019 3.74454 3.67488
threshold=0.0091632956536509286 0.010899820236199332 -0.034507888427913129 1.0645277364596433 0.77819366756556607 -0.25103887566557076 0.054097340892504182 0.028709746004769058 1.0776137376826878
decision_type=2 2 2 2 2 2 2 2 2
left_child=1 3 -3 7 -2 8 -7 -1 -6
right_child=4 2 -4 -5 5 6 -8 -9 -10
leaf_value=0.031510196123930634 -0.026483493208943099 0.013217256493512316 -0.021766321860501738 -0.0002814678703124781 0.022991548990963437 -0.00048389102781213548 -0.019236852722989414 0.0061656681793840727 -0.0024375643103965315
leaf_weight=21.156283065676693 9.9613203555345518 14.486864402890207 12.682789117097853 10.825405299663542 7.4366144090890876 37.722672298550606 24.14229878783226 10.398259803652762 8.4397561252117139
leaf_count=86 40 59 51 44 30 152 97 42 34
internal_value=5.29581e-05 0.00979479 -0.00297155 0.0180823 -0.00755139 -0.00433404 -0.0084102 0.0244707 0.0098742
internal_weight=157.252 69.5496 27.1697 42.3799 87.7027 77.7413 61.865 31.5545 15.8764
internal_count=635 282 110 172 353 313 249 128 64
is_linear=0
shrinkage=0.03


Tree=9
num_leaves=10
num_cat=0
split_feature=33 40 19 17 20 4 8 22 1
split_gain=10.0157 9.40716 7.76811 5.56709 5.47474 5.23042 4.74507 1.80459 0.24508
threshold=0.5146203830369358 -0.017428521915275271 0.18713692069431312 -2.4112830494797906 0.025475776703424134 -0.037885532707145279 -0.030655861291349455 -0.085360685166710901 -1.0000000180025095e-35
decision_type=2 2 2 2 2 2 2 2 2
left_child=1 6 3 7 -5 -3 -1 -2 -7
right_child=2 5 -4 4 -6 8 -8 -9 -10
leaf_value=0.011806082937904926 -0.0012271331870332403 0 -0.025351938231505496 0.0049437245773537889 -0.017244780390748463 0.037211828949369419 -0.014909070253563937 -0.022544241558006651 0.014394236414410648
leaf_weight=8.3137469291687029 7.4610668420791653 7.3928287029266384 12.420323595404623 71.35098372399807 9.4551745653152448 10.824675217270855 11.661984115839003 10.948189944028853 7.3483101278543446
leaf_count=34 30 30 50 288 38 44 47 44 30
internal_value=4.45431e-05 0.0116973 -0.00469936 -0.0015159 0.00181249 0.0231456 -0.00304529 -0.0156065 0.0310708
internal_weight=157.177 45.5415 111.636 99.2154 80.8062 25.5658 19.9757 18.4093 18.173
internal_count=635 185 450 400 326 104 81 74 74
is_linear=0
shrinkage=0.03


Tree=10
num_leaves=9
num_cat=0
split_feature=28 15 22 22 22 0 20 19
split_gain=9.08206 11.1548 9.339 8.71128 4.16676 4.07592 2.82609 1.68072
threshold=10.500000000000002 83.148415429762466 0.30178592506837937 0.017035606792597528 0.47577113185578462 0.011557323340018135 0.023859804377551194 0.10701257293826945
decision_type=2 2 2 2 2 2 2 2
left_child=1 2 3 -1 -4 7 -3 -2
right_child=5 6 4 -5 -6 -7 -8 -9
leaf_value=0.0021734889991109644 0.0072944388930336508 -0.03533602079052852 0.030177012385131693 -0.017367200361945622 0.0032296898155140898 -0.0015211435889269152 -0.0061515848816360982 0.029893937326310231
leaf_weight=58.646559968590736 8.8928587138652855 8.9846474826335925 9.3706189095973986 28.492652416229248 13.121511682868002 7.67092640697956 7.4858173727989188 10.600142762064932
leaf_count=237 36 36 38 115 53 31 30 43
internal_value=0 -0.00341365 8.25192e-05 -0.00429393 0.0166163 0.0151356 -0.0249862 0.0219199
internal_weight=153.266 126.102 109.631 87.1392 22.4921 27.1639 16.4705 19.493
internal_count=619 509 443 352 91 110 66 79
is_linear=0
shrinkage=0.03


Tree=11
num_leaves=9
num_cat=0
split_feature=28 15 22 22 24 5 22 38
split_gain=8.63332 10.6435 8.8898 8.22019 5.41081 4.82511 3.97304 0.656871
threshold=10.500000000000002 83.148415429762466 0.30178592506837937 0.017035606792597528 0.47963133185820067 0.086564029228104258 0.47577113185578462 0.009538205352506603
decision_type=2 2 2 2 2 2 2 2
left_child=1 2 3 -1 7 -3 -4 -2
right_child=4 5 6 -5 -6 -7 -8 -9
leaf_value=0.002110838248838 0.010239483393281441 -0.0027382437122928467 0.029516839900485092 -0.016859189299537607 -0.00331006738005823 -0.037253477531429609 0.0031464192410720665 0.029912432048481201
leaf_weight=58.635140970349312 8.9050806015729957 7.4807401597499874 9.3380172252655047 28.530345529317856 8.409728139638899 8.995934531092642 13.117701053619383 9.8052578419446927
leaf_count=237 36 30 38 115 34 36 53 40
internal_value=0 -0.00331851 9.40965e-05 -0.00416894 0.0147778 -0.0243874 0.0162428 0.0231665
internal_weight=153.218 126.098 109.621 87.1655 27.1201 16.4767 22.4557 18.7103
internal_count=619 509 443 352 110 66 91 76
is_linear=0
shrinkage=0.03


Tree=12
num_leaves=10
num_cat=0
split_feature=28 22 22 37 28 18 16 23 38
split_gain=8.21185 9.55675 7.27973 6.94681 5.95074 3.67802 3.59974 1.84605 1.12452
threshold=10.500000000000002 0.28309957826398841 0.017035606792597528 0.022429907189697399 5.5000000000000009 0.51150201513552684 2.8958620019871515 0.93899266136229353 0.0093166081215225963
decision_type=2 2 2 2 2 2 2 2 2
left_child=1 2 4 8 -1 -4 7 -3 -2
right_child=3 6 5 -5 -6 -7 -8 -9 -10
leaf_value=0.0079081889089034109 0.0095430614610880517 0.030746722509440473 0 -0.0049452525965385649 -0.0093334662830338554 -0.024279560346732152 0 0.0053825269404933814 0.032083979322426875
leaf_weight=30.220562994480133 8.1479511708021217 7.3633847236633319 8.4108320921659452 9.1444769203662855 38.141356632113457 24.154322370886803 10.424424856901167 7.3650160878896713 9.779084309935568
leaf_count=122 33 30 34 37 154 97 42 30 40
internal_value=0 -0.00322604 -0.00744965 0.0144351 -0.00149018 -0.0187159 0.0124694 0.0211198 0.0245778
internal_weight=153.151 126.08 100.927 27.0715 68.3619 32.5652 25.1528 14.7284 17.927
internal_count=619 509 407 110 276 131 102 60 73
is_linear=0
shrinkage=0.03


Tree=13
num_leaves=10
num_cat=0
split_feature=28 5 32 24 0 2 0 38 38
split_gain=7.80221 7.30343 6.48874 5.13053 4.67092 5.15978 4.66088 1.25364 0.573398
threshold=10.500000000000002 -0.0087211456717512497 0.0017657555033334662 0.47963133185820067 -0.0062868701504945048 -0.00092117143848879912 0.00030040124146113461 0.012044554040536367 0.009538205352506603
decision_type=2 2 2 2 2 2 2 2 2
left_child=1 2 7 8 5 -3 -6 -1 -2
right_child=3 4 -4 -5 6 -7 -8 -9 -10
leaf_value=0.029483080250526306 0.0098614437251197153 -0.0057898677460902666 -0.0051829429375452466 -0.003440092957410941 0.010700594907260778 -0.034778259333600695 -0.0068544510817586772 0.0067711923176618331 0.02879573857893496
leaf_weight=8.3053289055824298 8.8897120654583031 17.371811211109165 12.585526406764982 8.4030314534902555 15.360061720013617 8.4693114310502988 56.572969779372215 7.4090689420700064 9.7269034236669523
leaf_count=34 36 70 51 34 62 34 228 30 40
internal_value=0 -0.0031235 0.00963526 0.0141037 -0.00708588 -0.0176453 -0.00271492 0.0215951 0.0223156
internal_weight=153.094 126.074 28.2999 27.0196 97.7742 25.8411 71.933 15.7144 18.6166
internal_count=619 509 115 110 394 104 290 64 76
is_linear=0
shrinkage=0.03


Tree=14
num_leaves=11
num_cat=0
split_feature=22 22 23 5 11 23 5 10 36 22
split_gain=7.7393 8.63289 4.71487 4.80181 4.1324 4.59929 4.01886 3.01442 2.27532 2.02642
threshold=0.30178592506837937 0.0056349045519666916 0.88852699252267553 0.040194870602404904 -0.0024094102905278243 0.81453451587099446 0.061994430496816418 0.018352870090976529 0.0076378465208449446 0.47577113185578462
decision_type=2 2 2 2 2 2 2 2 2 2
left_child=1 4 3 -3 8 -6 -4 9 -1 -2
right_child=7 2 6 -5 5 -7 -8 -9 -10 -11
leaf_value=0.024465932548175539 0.031063754842291447 0.0124725660896759 -0.031657517680920663 -0.01658590267552679 -0.018364676543034184 0.0021545992120001098 -0.003959150943836749 0.00091966060279229274 0.0002691795775049148 0.0063730972023193283
leaf_weight=8.1434384882450086 8.0266900062561088 8.6376668065786379 14.398238494992258 7.7314251363277426 9.6761874258518201 57.358530506491661 9.4306606948375684 13.388156235218046 7.3977239578962317 8.8453096300363523
leaf_count=33 33 35 58 31 39 232 38 54 30 36
internal_value=0 -0.00331757 -0.0144108 -0.000747204 0.00211837 -0.00103623 -0.0224316 0.013166 0.0151471 0.0209615
internal_weight=153.034 122.774 40.198 16.3691 82.5759 67.0347 23.8289 30.2602 15.5412 16.872
internal_count=619 496 162 66 334 271 96 123 63 69
is_linear=0
shrinkage=0.03


Tree=15
num_leaves=12
num_cat=0
split_feature=8 25 3 28 32 35 18 18 37 10 38
split_gain=12.0278 6.09689 5.50301 5.36857 4.96439 4.34767 4.28254 5.59457 2.97222 1.9548 1.30875
threshold=0.0036058524182863449 0.13763270240769429 -0.0097018651506068903 10.500000000000002 -0.0039525897804587587 0.018588480705633906 0.83710982744612028 0.97802026725032698 0.01749935214475196 -0.012018861282068192 0.0092170732158542105
decision_type=2 2 2 2 2 2 2 2 2 2 2
left_child=2 6 5 4 -3 -1 10 -8 -5 -4 -2
right_child=1 3 9 8 -6 -7 7 -9 -10 -11 -12
leaf_value=-0.0077962985264431375 -0.028704780057275239 -0.021544847333636312 0.0072597342229637459 0.02672387280099088 0.00045662608930041869 0.01404654593581741 0.012482028437999549 -0.017719769028808254 0 0.029989774674853299 -0.0078929460988547574
leaf_weight=14.500446006655695 13.16062478721142 9.4576549082994443 9.0645736455917376 7.3276892751455289 40.955441370606422 13.760781377553938 9.1769662052392977 8.6842445433139783 7.389003112912178 13.688609480857847 8.6947419941425306
leaf_count=59 53 38 37 30 165 56 37 35 30 56 35
internal_value=0.000665588 -0.00503991 0.0124224 0.000460465 -0.00404935 0.00256903 -0.014009 -0.00175272 0.0154426 0.0228586 -0.0224099
internal_weight=155.861 104.846 51.0144 65.1298 50.4131 28.2612 39.7166 17.8612 14.7167 22.7532 21.8554
internal_count=631 423 208 263 203 115 160 72 60 93 88
is_linear=0
shrinkage=0.03


Tree=16
num_leaves=9
num_cat=0
split_feature=33 15 37 38 23 35 14 28
split_gain=14.3861 6.96937 7.63917 7.33425 5.93251 6.4898 5.36634 1.81891
threshold=0.5146203830369358 79.325208259428592 0.02281370140594852 0.011883443035612526 0.96140178432728773 0.018588480705633906 6.8876798344283552 8.5000000000000018
decision_type=2 2 2 2 2 2 2 2
left_child=4 3 -3 6 7 -6 -2 -1
right_child=1 2 -4 -5 5 -7 -8 -9
leaf_value=0.032746138969341157 0.021483559062739858 0.0020368848455783878 -0.030457669692781266 -0.023558089109807015 -0.010928044498179402 0.01950919695729789 -0.00056853381902698564 0.0081699090505086489
leaf_weight=13.380169674754145 9.3262512534856779 8.8545715957880038 14.972656369209288 9.2106743603944761 11.52507494390011 9.5465813726186735 71.313844919204712 7.6540633141994467
leaf_count=55 38 36 60 37 47 39 288 31
internal_value=0.00065078 -0.00481763 -0.0185788 -0.000679965 0.0153035 0.0027073 0.00225855 0.0259403
internal_weight=155.784 113.678 23.8272 89.8508 42.1059 21.0717 80.6401 21.0342
internal_count=631 459 96 363 172 86 326 86
is_linear=0
shrinkage=0.03


Tree=17
num_leaves=10
num_cat=0
split_feature=33 4 34 36 28 1 11 16 13
split_gain=13.6897 9.74816 6.67608 9.43571 6.17137 4.51161 4.29837 3.8224 2.22002
threshold=0.5146203830369358 -0.033235469024721791 0.01102276340830899 0.0081443842700233398 10.500000000000002 0.012768520892078918 0.014293263226285548 -19.009713984086396 -0.4356829922221514
decision_type=2 2 2 2 2 2 2 2 2
left_child=1 7 3 5 6 -2 -4 -1 -3
right_child=2 8 4 -5 -6 -7 -8 -9 -10
leaf_value=0.0095664510791054723 -0.025485779449585789 0.011889315015639871 -0.014456462187862961 0.0079210750471508471 0.024428374930486326 -0.0042142157186317256 0.0041817802725186591 -0.016729774325114393 0.034513675734139132
leaf_weight=7.7993390411138535 27.766891241073608 13.196963608264923 14.172227159142492 14.591741591691969 7.7774995118379584 16.861023336648941 32.484670653939247 7.6585357934236509 13.366351410746574
leaf_count=32 112 54 57 59 32 68 131 31 55
internal_value=0.000639039 0.0149517 -0.00469011 -0.0115436 0.00264489 -0.0182963 -0.00153289 -0.00302673 0.0254183
internal_weight=155.675 42.0212 113.654 59.2197 54.4344 44.6279 46.6569 15.4579 26.5633
internal_count=631 172 459 239 220 180 188 63 109
is_linear=0
shrinkage=0.03


Tree=18
num_leaves=11
num_cat=0
split_feature=33 4 20 5 1 33 16 27 28 13
split_gain=12.9919 9.30265 6.78051 6.19175 5.6494 5.12571 3.64265 2.91709 4.21436 2.11734
threshold=0.5146203830369358 -0.033235469024721791 0.018719960560492448 0.068727972287192199 0.017771479317833853 0.92090149766373386 -19.009713984086396 3.5000000000000004 7.5000000000000009 -0.4356829922221514
decision_type=2 2 2 2 2 2 2 2 2 2
left_child=1 6 7 4 -4 -5 -1 8 -2 -3
right_child=2 9 3 5 -6 -7 -8 -9 -10 -11
leaf_value=0.0093488690942599428 -0.008017029839122114 0.011595375255601269 -0.026297031091173716 0.0058831794827697336 0 -0.017731341708390632 -0.0163132204862632 0.018628559334367762 0.011956545670998667 0.033781826526824592
leaf_weight=7.788150742650032 20.784407451748848 13.176569208502769 24.371534824371338 25.718975231051445 10.653857693076132 9.6941366046667081 7.6693717986345273 8.1397580653429014 14.287964463233946 13.290711030364037
leaf_count=32 84 54 98 104 43 39 31 33 58 55
internal_value=0.000635628 0.0145999 -0.00454936 -0.0102447 -0.0188474 -0.000782534 -0.00293458 0.00444513 0 0.024854
internal_weight=155.575 41.9248 113.651 70.4385 35.0254 35.4131 15.4575 43.2121 35.0724 26.4673
internal_count=631 172 459 284 141 143 63 175 142 109
is_linear=0
shrinkage=0.03


Tree=19
num_leaves=10
num_cat=0
split_feature=33 4 20 36 37 16 22 6 27
split_gain=12.3393 8.88019 6.43898 6.04366 6.07116 3.47175 3.03478 2.99489 1.60606
threshold=0.5146203830369358 -0.033235469024721791 0.018719960560492448 0.0078267619889680947 0.02281370140594852 -19.009713984086396 0.32196788671292392 0.0017380437551916125 1.5000000000000002
decision_type=2 2 2 2 2 2 2 2 2
left_child=1 5 6 4 -4 -1 7 -2 -3
right_child=2 8 3 -5 -6 -7 -8 -9 -10
leaf_value=0.0091363724961381967 -0.012182228322150771 0.0085198244481573329 -0.0022842515006784832 0.0061784214022993075 -0.022805626259522243 -0.015909067395335114 0.017990190650021717 0.0057642834890909225 0.029964849693229299
leaf_weight=7.7768997102975845 10.405500426888464 8.9761573672294634 24.939390987157822 14.163452982902525 31.3507120013237 7.6789362877607328 9.0739188045263273 23.712226003408432 17.389454886317253
leaf_count=32 42 37 101 57 126 31 37 96 72
internal_value=0.000628145 0.0142592 -0.00441824 -0.00996853 -0.0143613 -0.00284475 0.0043439 0 0.0243082
internal_weight=155.467 41.8214 113.645 70.4536 56.2901 15.4558 43.1916 34.1177 26.3656
internal_count=631 172 459 284 227 63 175 138 109
is_linear=0
shrinkage=0.03


Tree=20
num_leaves=9
num_cat=0
split_feature=15 21 0 21 15 19 15 37
split_gain=10.1778 8.19471 8.60853 8.7416 7.69546 7.17709 8.45704 3.36495
threshold=-4.7270909542341064 0.01221413325002757 -1.0000000180025095e-35 0.010801056499991303 -44.25783324517176 0.15605550070511737 49.302406517694415 0.022429907189697399
decision_type=2 2 2 2 2 2 2 2
left_child=4 2 -2 -4 -1 6 -3 -7
right_child=1 5 3 -5 -6 7 -8 -9
leaf_value=-0.0027621489577584644 0.02553721792038911 -0.011466117150910938 -0.024803282651287714 0.014426410442981251 0.027737419329633521 -0.0060060925617611708 0.0082721878083832044 -0.033470374039252453
leaf_weight=11.557596176862718 12.173229068517687 55.917711138725281 8.3206555396318453 7.8659613877534857 14.38904859125614 9.0682135224342364 26.907710060477257 12.685763910412787
leaf_count=47 50 226 34 32 59 37 109 51
internal_value=-0.00197373 -0.00544458 0.00817821 -0.00542463 0.0143896 -0.00936369 -0.004833 -0.0241229
internal_weight=158.886 132.939 28.3598 16.1866 25.9466 104.579 82.8254 21.754
internal_count=645 539 116 66 106 423 335 88
is_linear=0
shrinkage=0.03


Tree=21
num_leaves=9
num_cat=0
split_feature=14 15 21 31 21 4 25 36
split_gain=9.68014 7.13918 6.96662 7.48167 7.08174 3.76994 6.76933 3.97011
threshold=-8.0231179587492516 -44.25783324517176 0.01221413325002757 1.0000000180025095e-35 0.010801056499991303 0.051287463235132676 0.091892458234142063 0.0046520226676130963
decision_type=2 2 2 2 2 2 2 2
left_child=1 -1 3 -2 -5 6 -4 -7
right_child=2 -3 5 4 -6 7 -8 -9
leaf_value=-0.0015749288167223789 0.023405723180107297 0.028803791020473264 -0.017590977266712608 -0.023147847911056757 0.0120921618133917 -0.00051628999007356682 0.0011397834839795172 -0.024633130121459904
leaf_weight=11.310888707637789 12.378006279468538 12.533867150545118 22.824603825807571 8.0950367301702517 8.099643409252165 10.39111250638962 52.855465337634087 20.335594177246094
leaf_count=46 51 52 92 33 33 42 214 82
internal_value=-0.00191586 0.0148064 -0.00515247 0.00735872 -0.0053066 -0.00872417 -0.00462365 -0.0174656
internal_weight=158.824 23.8448 134.979 28.5727 16.1947 106.407 75.6801 30.7267
internal_count=645 98 547 117 66 430 306 124
is_linear=0
shrinkage=0.03


Tree=22
num_leaves=11
num_cat=0
split_feature=10 11 38 12 38 40 20 38 19 4
split_gain=7.90844 7.73839 7.22901 5.90069 5.75529 4.6112 4.42192 6.41659 4.43759 3.07722
threshold=0.0060959069300127186 -0.003789516013329552 0.011883443035612526 44.2186561945798 0.01418381393550998 -0.0049458815859768071 0.018635994360361747 0.009538205352506603 0.063826307689335768 0.035867480553072435
decision_type=2 2 2 2 2 2 2 2 2 2
left_child=2 9 3 -1 -4 -5 8 -8 -3 -2
right_child=1 6 4 5 -6 -7 7 -9 -10 -11
leaf_value=0.028869908456538342 0.022413586042974311 -0.013828979582090027 -0.021011717003202032 -0.011185386456694047 0.009194245318261924 0.012440503800750581 -0.023298559910231331 -0.0021633389662542124 0.0096067126883137115 -0.0012550927519947913
leaf_weight=12.960882142186163 7.6983364522457105 10.628853291273119 10.884008198976518 8.8839255720376986 7.763390287756919 19.856958732008934 34.061684027314186 23.467640534043312 15.105810746550558 7.443668469786644
leaf_count=54 31 43 44 36 32 82 137 95 61 30
internal_value=-0.00185954 -0.00712181 0.0064338 0.0133196 -0.00803724 0.0043971 -0.010797 -0.0152913 0 0.0111143
internal_weight=158.755 98.406 60.3492 41.7018 18.6474 28.7409 83.264 57.5293 25.7347 15.142
internal_count=645 397 248 172 76 118 336 232 104 61
is_linear=0
shrinkage=0.03


Tree=23
num_leaves=9
num_cat=0
split_feature=15 21 0 21 15 34 5 36
split_gain=9.05661 7.27291 7.82825 7.91101 7.09968 5.61382 4.28175 3.88122
threshold=-4.7270909542341064 0.01221413325002757 -1.0000000180025095e-35 0.010801056499991303 -44.25783324517176 0.011240627421540863 0.077687546424633949 0.0080971336052504759
decision_type=2 2 2 2 2 2 2 2
left_child=4 2 -2 -4 -1 7 -7 -3
right_child=1 5 3 -5 -6 6 -8 -9
leaf_value=-0.0027249695611601277 0.024412345105178829 -0.017256791428666193 -0.023542257255883568 0.013755308712755748 0.02657907936265615 0.0064874179483749425 -0.012410341508997932 0.0030535189616158684
leaf_weight=11.556461334228517 12.07644033432007 53.905745819211006 8.3582696467638034 7.8332529813051215 14.258839458227156 27.906324237585068 14.848308637738226 7.9123637229204169
leaf_count=47 50 218 34 32 59 113 60 32
internal_value=-0.00180086 -0.00507653 0.00776535 -0.00514512 0.0136689 -0.00876927 -1.75265e-06 -0.0144079
internal_weight=158.656 132.841 28.268 16.1915 25.8153 104.573 42.7546 61.8181
internal_count=645 539 116 66 106 423 173 250
is_linear=0
shrinkage=0.03


Tree=24
num_leaves=9
num_cat=0
split_feature=15 15 20 35 1 35 7 35
split_gain=8.56386 6.77802 6.4109 4.88517 4.76391 4.72358 6.80711 5.16716
threshold=-4.7270909542341064 -44.25783324517176 0.017494676816960885 0.04845855219862983 0.0080124268075287847 0.016335917965371597 -0.00095859517827093894 -0.048398002944672606
decision_type=2 2 2 2 2 2 2 2
left_child=1 -1 3 4 -2 7 -7 -4
right_child=2 -3 5 -5 -6 6 -8 -9
leaf_value=-0.0026547000424296963 0.023495110040549494 0.025977536944134318 0.00044617548429601891 -0.0078036664937128726 -0.001798553278086056 0.011559249926381998 -0.0096749156732607901 -0.024167142184501271
leaf_weight=11.559380874037744 13.951758295297624 14.198576018214224 8.9207894355058652 13.294772341847418 9.3377774804830533 16.744406595826149 45.076939538121223 25.495946183800697
leaf_count=47 58 59 36 54 38 68 182 103
internal_value=-0.0017348 0.0133224 -0.00492039 0.00531411 0.0134204 -0.00899264 -0.00350657 -0.0177014
internal_weight=158.58 25.758 132.822 36.5843 23.2895 96.2381 61.8213 34.4167
internal_count=645 106 539 150 96 389 250 139
is_linear=0
shrinkage=0.03


Tree=25
num_leaves=10
num_cat=0
split_feature=4 23 15 41 34 21 38 37 5
split_gain=8.16833 7.63006 13.5467 7.43725 8.19958 7.54182 4.02502 3.49321 2.75624
threshold=0.052087887211692337 1.100872368382257 10.230564923874621 1.0000000180025095e-35 0.010023255753156659 0.015393556415052991 0.0082288462959982153 0.024686912247419149 0.032427400871666075
decision_type=2 2 2 2 2 2 2 2 2
left_child=1 3 -3 5 -5 -1 -2 -8 -4
right_child=6 2 8 4 -6 -7 7 -9 -10
leaf_value=-0.021066105914899689 0.0024025633806485677 0.01831718959860763 -0.031513300972965695 0.0050766517418316254 0.025843567224390789 0.012709521676675606 0 -0.024666912481907922 -0.004255171123319329
leaf_weight=10.122538521885874 14.383774280548094 10.199023202061655 9.6377913355827349 38.954394727945328 34.228668794035912 9.366216912865637 7.6177905797958401 13.915530636906622 7.7042974829673758
leaf_count=41 58 42 39 159 140 38 31 56 31
internal_value=0.003135 0.00694433 -0.00624847 0.0110727 0.0154182 -0.00446352 -0.00891283 -0.0166705 -0.0218714
internal_weight=156.13 120.213 27.5411 92.6718 73.1831 19.4888 35.9171 21.5333 17.3421
internal_count=635 490 112 378 299 79 145 87 70
is_linear=0
shrinkage=0.03


Tree=26
num_leaves=11
num_cat=0
split_feature=23 5 41 32 20 20 22 5 5 26
split_gain=7.51469 8.82084 9.45619 7.30706 5.91515 8.771 5.58187 4.39391 3.4163 2.50238
threshold=1.0720230998050129 0.028709746004769058 1.0000000180025095e-35 -0.0046067882044680255 0.025475776703424134 0.019661896554510217 -0.23057191884062181 0.056800582953096652 0.029540937087401912 0.21052885186000489
decision_type=2 2 2 2 2 2 2 2 2 2
left_child=1 2 -1 -3 5 8 -4 -5 -2 -7
right_child=4 3 6 7 -6 9 -8 -9 -10 -11
leaf_value=-0.003828523365151468 -0.010209910053389641 -0.022530625756880935 0 -0.0067258765567147598 0.010451304886911206 -0.034309659439434044 0.02960313509949862 0.011655700342407305 0.013321069085268689 -0.009592104579094542
leaf_weight=13.284716784954069 7.3290317654609707 9.1614359021186811 7.3243729323148719 16.542192816734314 12.419527500867842 10.19207911193371 29.442416206002235 27.750839054584503 10.905792132019995 11.636636033654211
leaf_count=54 30 37 30 67 51 41 122 112 44 47
internal_value=0.0030376 0.00774027 0.0165425 -0.000530521 -0.00590526 -0.0115882 0.0241078 0.00447269 0.00304773 -0.0236735
internal_weight=155.989 103.506 50.0515 53.4545 52.4831 40.0635 36.7668 44.293 18.2348 21.8287
internal_count=635 422 206 216 213 162 152 179 74 88
is_linear=0
shrinkage=0.03


Tree=27
num_leaves=10
num_cat=0
split_feature=10 12 34 14 12 34 34 40 37
split_gain=8.54391 8.25552 8.00891 7.08191 5.2503 5.11906 5.03931 3.19629 1.55119
threshold=0.00497844760029409 54.235818181487211 0.012092291015881386 41.339768684038525 63.077059790577472 -0.0041455827631409195 0.033164128724565874 0.00059720521097250689 0.01411341036307834
decision_type=2 2 2 2 2 2 2 2 2
left_child=2 -2 5 6 -5 7 -3 -1 -4
right_child=1 3 8 4 -6 -7 -8 -9 -10
leaf_value=0.00090509842026554417 -0.022393158872885878 0.017988731637965338 0.0350871216191114 0.0075907670900943643 -0.011892238119057564 -0.011430585931796591 -0.0044289864917817293 0.023666159951716483 0.0094889420330474972
leaf_weight=14.795324176549913 13.382619604468344 26.153363689780235 11.015392184257509 15.879440128803251 36.11424332857132 11.542953327298163 10.90819478034973 8.8329353332519513 7.2010289579629889
leaf_count=61 54 106 46 64 146 47 44 37 30
internal_value=0.00293371 -0.00203698 0.0124712 0.00128195 -0.00560334 0.00314145 0.0111177 0.011182 0.0276498
internal_weight=155.825 102.438 53.3876 89.0552 51.9937 35.1712 37.0616 23.6283 18.2164
internal_count=635 414 221 360 210 145 150 98 76
is_linear=0
shrinkage=0.03


Tree=28
num_leaves=9
num_cat=0
split_feature=22 9 21 21 16 37 34 38
split_gain=7.22521 9.49418 7.14151 8.85053 6.14957 4.20113 4.72678 2.78507
threshold=0.30178592506837937 -0.0072904013277426448 0.01221413325002757 0.010801056499991303 -2.4323080352122748 0.037179844736328856 -0.0016832239851437556 0.012454505997219914
decision_type=2 2 2 2 2 2 2 2
left_child=1 7 3 -3 -4 6 -2 -1
right_child=5 2 4 -5 -6 -7 -8 -9
leaf_value=0.026980395220440646 0.001589282186671367 -0.0053122236653369882 0.0014225794311728667 0.030551418327869024 -0.014796921811208485 -0.00049114439693035707 0.03087533221943687 0.0023967700472645997
leaf_weight=10.48953899741173 9.0236656367778778 12.180699780583383 32.255615219473839 8.7588482797145826 49.7779700756073 9.5900111645460111 14.553108021616936 9.0545609742403013
leaf_count=44 37 50 131 36 201 39 60 37
internal_value=0.00286853 -0.00044643 -0.00427782 0.0103911 -0.00835884 0.0148694 0.0212538 0.0175671
internal_weight=155.684 122.517 102.973 20.9395 82.0336 33.1668 23.5768 19.5441
internal_count=635 499 418 86 332 136 97 81
is_linear=0
shrinkage=0.03


Tree=29
num_leaves=9
num_cat=0
split_feature=15 22 22 0 15 34 0 32
split_gain=6.86936 7.56033 6.81061 6.06082 5.89364 4.74581 3.03714 2.78603
threshold=-4.7270909542341064 0.31273954453901703 1.0000000180025095e-35 -0.0072218665506916238 -41.231116687203816 -0.00088207066158219039 0.009120140127551914 -1.0000000180025095e-35
decision_type=2 2 2 2 2 2 2 2
left_child=4 2 3 -2 -1 -3 -7 -4
right_child=1 5 7 -5 -6 6 -8 -9
leaf_value=0 -0.01263720702124442 -0.0022873278713575131 -0.023796676863598654 0.0068391078326358263 0.030821667976990801 0.030868637070491117 0.0035662048293353334 -0.0051580252820098219
leaf_weight=10.731783270835878 17.23708638548851 9.5734155625104922 14.293623149394987 53.109702631831169 11.409319698810576 10.845966354012491 7.8734174817800513 20.461938709020615
leaf_count=44 70 39 58 216 48 45 32 83
internal_value=0.00281917 4.04795e-05 -0.00359278 0.00164207 0.0175485 0.0133786 0.0215618 -0.0141092
internal_weight=155.536 133.395 105.102 70.3468 22.1411 28.2928 18.7194 34.7556
internal_count=635 543 427 286 92 116 77 141
is_linear=0
shrinkage=0.03


Tree=30
num_leaves=9
num_cat=0
split_feature=22 22 4 19 13 15 22 36
split_gain=11.776 6.43749 3.95809 3.76739 5.43127 3.75833 4.45297 1.81573
threshold=0.30178592506837937 -0.017402489667725559 0.042398628627803754 0.14153603304712842 2.2076682043638276 81.665048311383984 -0.29006511822848785 0.00699315243102359
decision_type=2 2 2 2 2 2 2 2
left_child=1 5 7 4 -3 6 -1 -2
right_child=2 3 -4 -5 -6 -7 -8 -9
leaf_value=-0.0048709390030840091 0.032665507150697833 -0.025114179411517317 0.00042760392434322331 0.0015460091913238041 0.00032018318291329853 -0.0096624247035208884 0.011410764807681049 0.0085204674236264381
leaf_weight=19.189483821392059 12.666944354772573 19.460105076432232 9.3741931021213514 12.690620109438894 9.8257144540548307 13.843705371022223 46.025190398097038 8.2213355898857099
leaf_count=78 53 79 38 52 40 56 189 34
internal_value=0.00248084 -0.00167231 0.0186302 -0.0109708 -0.0166263 0.00322857 0.00639431 0.0253926
internal_weight=151.297 121.035 30.2625 41.9764 29.2858 79.0584 65.2147 20.8883
internal_count=619 494 125 171 119 323 267 87
is_linear=0
shrinkage=0.03


Tree=31
num_leaves=12
num_cat=0
split_feature=14 23 24 38 9 34 36 38 15 3 23
split_gain=6.30783 10.8853 5.85314 4.70052 7.03554 5.52523 7.61904 3.42052 2.66395 2.54009 0.210455
threshold=64.362231527172426 0.98428913527203643 0.14382464257389579 0.01065014417841669 -0.0092403226701932833 0.0021047833922968055 0.0076243293797604106 0.0081075648970119294 -44.25783324517176 0.0065573649964338907 0.87523635128325628
decision_type=2 2 2 2 2 2 2 2 2 2 2
left_child=3 10 -3 5 8 6 -1 -7 -5 -6 -2
right_child=1 2 -4 4 9 7 -8 -9 -10 -11 -12
leaf_value=-0.010479912315258471 -0.032431062430959889 0.017647162772849029 -0.010657541603788933 0 -0.00058388681504756811 0.006708164217419931 0.017964394072746002 0.025206212847842142 0.021560426343437578 -0.023260828058017363 -0.01175723648520203
leaf_weight=19.830815255641941 7.9345690906047803 12.801841109991075 9.4240926057100278 10.506934359669687 9.3133344352245349 22.162783995270729 11.82032500207424 21.869421422481537 7.6825129091739646 10.399923563003538 7.4212277233600616
leaf_count=81 32 52 38 43 38 91 49 90 33 42 30
internal_value=0.00242068 -0.00779396 0.00513738 0.00600651 -0.00222956 0.0102755 0.00013339 0.0169174 0.010207 -0.0142788 -0.0258102
internal_weight=151.168 37.5817 22.2259 113.586 37.9027 75.6833 31.6511 44.0322 18.1894 19.7133 15.3558
internal_count=619 152 90 467 156 311 130 181 76 80 62
is_linear=0
shrinkage=0.03


Tree=32
num_leaves=10
num_cat=0
split_feature=22 22 36 15 19 13 33 35 20
split_gain=11.1132 5.93556 3.69479 6.54295 3.552 5.11042 2.62608 3.5815 1.95549
threshold=0.30178592506837937 -0.017402489667725559 0.0047981742388810205 34.361688838701454 0.14153603304712842 2.2076682043638276 0.88568291207025085 0.01387135079352997 0.021002652111860327
decision_type=2 2 2 2 2 2 2 2 2
left_child=1 2 8 -4 5 -3 7 -2 -1
right_child=6 4 3 -5 -6 -7 -8 -9 -10
leaf_value=0.023447087975137691 0.00695403768698254 -0.024337149018264503 0.0068512087860287301 -0.012519324955712896 0.0015166591089199792 0.00030072619874967901 0.001533690400200945 0.03457583265866028 0.00070445804963650078
leaf_weight=8.5836517810821515 10.595285579562193 19.462638407945636 40.015359878540039 22.998231813311577 12.680409684777258 9.8168648332357389 8.6069610714912397 10.921315863728521 7.3208626806735984
leaf_count=35 44 79 165 93 52 40 35 46 30
internal_value=0.00234453 -0.00168381 0.00302302 -0.000155429 -0.0106124 -0.0161059 0.0180746 0.0233602 0.0150645
internal_weight=151.002 120.878 78.9181 63.0136 41.9599 29.2795 30.1236 21.5166 15.9045
internal_count=619 494 323 258 171 119 125 90 65
is_linear=0
shrinkage=0.03


Tree=33
num_leaves=10
num_cat=0
split_feature=22 22 10 36 36 10 34 20 10
split_gain=10.5953 5.60985 3.60445 3.53282 5.42481 3.51357 2.85122 1.85648 1.50441
threshold=0.30178592506837937 -0.017402489667725559 -0.0016545028344391308 0.0047981742388810205 0.0070624294123895282 0.032676121782045826 -0.019443168368988236 0.021002652111860327 0.014999347830342626
decision_type=2 2 2 2 2 2 2 2 2
left_child=1 3 -3 7 -5 -4 -2 -1 -8
right_child=6 2 5 4 -6 -7 8 -9 -10
leaf_value=0.02292198231328257 0 0.0038888528601177452 -0.021289784818250512 -0.0088150472614451896 0.0082472990157819552 0 0.029657490442180356 0.00068789082826697771 0.0084825282354867894
leaf_weight=8.5630085617303831 7.5304782986640957 9.8130667209625226 22.034435108304024 31.824406087398529 31.159606799483299 10.124944329261778 12.907331719994547 7.32043732702732 9.5959248840808851
leaf_count=35 31 41 89 130 128 41 55 30 39
internal_value=0.00230652 -0.00162098 -0.0103012 0.0029536 -0.00014906 -0.0150445 0.0176916 0.0147363 0.0226695
internal_weight=150.874 120.84 41.9724 78.8675 62.984 32.1594 30.0337 15.8834 22.5033
internal_count=619 494 171 323 258 130 125 65 94
is_linear=0
shrinkage=0.03


Tree=34
num_leaves=10
num_cat=0
split_feature=14 23 37 35 35 36 37 5 23
split_gain=5.86514 10.1021 5.39833 4.88662 6.47149 7.13083 5.88907 1.04639 0.171427
threshold=64.362231527172426 0.98428913527203643 0.038355492628659012 0.051122905301416728 0.031322588482372245 0.0081443842700233398 -0.0014610797180495958 0.035543112789396043 0.87523635128325628
decision_type=2 2 2 2 2 2 2 2 2
left_child=3 8 -3 4 5 -1 -5 -6 -2
right_child=1 2 -4 6 7 -7 -8 -9 -10
leaf_value=-0.0016934261707029442 -0.031346815704586722 0.018080448454257544 -0.008886905353815382 -0.021357259012303405 0.0267403979550432 0.020700353459185451 0.0061731224081362336 0.0073622899459359044 -0.011342397021131469
leaf_weight=50.720811173319817 7.9078240990638715 11.555040135979654 10.651176422834395 10.068817868828775 15.823850035667421 14.614757135510443 13.860074922442434 8.1282103806734067 7.4097377508878708
leaf_count=209 32 47 43 41 67 60 57 33 30
internal_value=0.00226744 -0.00758167 0.00486038 0.0057369 0.00899176 0.00355908 -0.00558646 0.0218165 -0.0249635
internal_weight=150.74 37.5238 22.2062 113.217 89.2876 65.3356 23.9289 23.9521 15.3176
internal_count=619 152 90 467 369 269 98 100 62
is_linear=0
shrinkage=0.03


Tree=35
num_leaves=9
num_cat=0
split_feature=35 16 24 24 2 32 24 20
split_gain=6.16912 5.87052 7.09795 5.37597 5.01426 6.78881 4.83423 2.39489
threshold=0.062741177410862395 -2.1851200047477515 0.15122703479603269 -0.12801359801733189 0.014072630375553176 0.0012626115198349777 0.55814285739908587 0.020161070668307635
decision_type=2 2 2 2 2 2 2 2
left_child=1 4 3 -3 5 -1 -4 -2
right_child=7 2 6 -5 -6 -7 -8 -9
leaf_value=0.013203947150768372 -0.0035142030454303674 -0.00074809304954711708 -0.022143702071655818 0.021925931333007253 0.025058727776206217 -0.0095607250814948915 0 -0.025583683919869926
leaf_weight=27.900326013565063 12.951776057481768 29.715478375554085 18.002923399209976 10.966425150632857 13.2224855273962 16.986288502812386 17.992756202816963 7.8629874140024176
leaf_count=117 53 121 73 45 55 70 73 32
internal_value=0.000317676 0.00281417 -0.00247586 0.00575361 0.00989427 0.00422892 -0.0119848 -0.0140205
internal_weight=155.601 134.787 76.6776 40.6819 58.1091 44.8866 35.9957 20.8148
internal_count=639 554 312 166 242 187 146 85
is_linear=0
shrinkage=0.03


Tree=36
num_leaves=8
num_cat=0
split_feature=12 36 19 28 28 21 25
split_gain=5.96438 5.81818 6.02436 5.90482 5.16644 4.6091 1.76543
threshold=38.193394571447918 0.0050164524044988478 0.04569375023113053 5.5000000000000009 10.500000000000002 0.018004172069233746 0.35535628615285569
decision_type=2 2 2 2 2 2 2
left_child=6 4 -3 -4 5 -2 -1
right_child=1 2 3 -5 -6 -7 -8
leaf_value=0.024561501460212493 0.0071363635963712421 0.016385685169072364 0.00079825940942934855 -0.014406627368793381 0.024573754098065344 -0.017117241070715907 0.0019276196394814038
leaf_weight=8.8419255912303907 25.911118030548096 7.7269949913024893 36.065507560968399 53.051488310098648 9.4938781410455686 7.3617225587368003 7.0622815340757361
leaf_count=38 106 33 147 216 39 30 30
internal_value=0.000297183 -0.00167326 -0.00580042 -0.00820615 0.0071791 0.000678625 0.0166867
internal_weight=155.515 139.611 96.844 89.117 42.7667 33.2728 15.9042
internal_count=639 571 396 363 175 136 68
is_linear=0
shrinkage=0.03


Tree=37
num_leaves=10
num_cat=0
split_feature=12 36 38 33 17 19 36 9 27
split_gain=5.69127 5.48478 7.62939 5.82692 4.14617 4.9026 3.0476 2.6815 1.67372
threshold=38.193394571447918 0.0050164524044988478 0.0075976138200180227 0.86478746957455621 2.0897252322420017 0.1368698143443656 0.0081862498936358784 0.091954246734234649 2.5000000000000004
decision_type=2 2 2 2 2 2 2 2 2
left_child=8 4 6 -4 5 -2 -3 -6 -1
right_child=1 2 3 -5 7 -7 -8 -9 -10
leaf_value=0.024257872901584564 0.022483787610369375 0 -0.0054384393968983352 -0.026278245028759115 -0.016218669216197544 -0.0015015688863338585 0.020348258728323715 0.0060199666414632235 0.0021368500096292688
leaf_weight=8.5982673019170743 17.621378317475322 21.657920017838482 51.532889813184738 15.831797063350676 7.334916487336157 10.390386894345282 7.836719185113906 7.3813446015119553 7.2505635619163504
leaf_count=37 73 89 211 64 30 42 32 30 31
internal_value=0.000314024 -0.00160621 -0.00561457 -0.0111688 0.00698965 0.0135799 0.00649859 -0.00478125 0.0163517
internal_weight=155.436 139.587 96.8593 67.3647 42.728 28.0118 29.4946 14.7163 15.8488
internal_count=639 571 396 275 175 115 121 60 68
is_linear=0
shrinkage=0.03


Tree=38
num_leaves=13
num_cat=0
split_feature=10 36 38 36 8 38 14 35 12 35 27 26
split_gain=6.98723 7.61112 6.39405 5.09567 4.28453 4.10519 6.08985 3.98964 3.79647 2.69384 1.36615 1.0721
threshold=0.0052443782720609242 0.0050164524044988478 0.007108085623637155 0.0063755296264285779 0.033722033017753082 0.010479745936924247 -8.7154359484661637 0.043722797556203126 51.992988663651296 0.020265083482714833 2.5000000000000004 0.24166511761202111
decision_type=2 2 2 2 2 2 2 2 2 2 2 2
left_child=5 7 4 -4 -3 8 11 10 9 -1 -2 -7
right_child=1 2 3 -5 -6 6 -8 -9 -10 -11 -12 -13
leaf_value=0.009405850558643231 0.005981187479748953 -0.008447603335206836 -0.025235344062451794 -0.0056800561042860409 0.018776480409222699 0.019631244729023885 -0.014718603737977187 0.019185359309557261 0 0.034863858020947186 -0.0092329388595655572 0.0010097047141721797
leaf_weight=12.703053653240209 7.8770295083522859 7.636790648102763 22.240269362926483 32.042955979704857 8.6508581936359388 6.9673465788364428 11.758620291948317 12.973895743489264 8.3717152476310712 8.412058010697363 8.6509175300598127 7.0614994764328003
leaf_count=54 32 31 90 130 35 30 48 53 35 36 35 30
internal_value=0.000315812 -0.00429579 -0.00966641 -0.0145705 0.00566381 0.00878535 0 0.00787308 0.0160541 0.022336 -0.00130953 0.0124893
internal_weight=155.347 100.073 70.5709 54.2832 16.2876 55.2743 25.7875 29.5018 29.4868 21.1151 16.5279 14.0288
internal_count=639 406 286 220 66 233 108 120 125 90 67 60
is_linear=0
shrinkage=0.03


Tree=39
num_leaves=13
num_cat=0
split_feature=10 36 38 36 10 38 14 23 35 33 23 4
split_gain=6.65397 7.21117 6.05348 4.80642 4.03798 3.90861 5.80608 5.04672 3.79226 2.5709 1.79455 1.05539
threshold=0.0052443782720609242 0.0050164524044988478 0.007108085623637155 0.0063755296264285779 0.033293980091172799 0.010479745936924247 -8.7154359484661637 0.93608088947366697 0.043722797556203126 0.48249073137203746 1.142312817191687 -0.033235469024721791
decision_type=2 2 2 2 2 2 2 2 2 2 2 2
left_child=5 8 4 -4 -3 7 11 -1 10 -9 -2 -7
right_child=1 2 3 -5 -6 6 -8 9 -10 -11 -12 -13
leaf_value=0.02675993194264583 0.0068233851216125989 -0.0065629140449389757 -0.024533459015978955 -0.0055188201438143769 0.019890952730136788 0.00088225240353707001 -0.014325222251893198 0.013170548531819763 0.018716309612001807 -0.0091384003542851356 -0.0106845018642186 0.019327722925232469
leaf_weight=15.129101857542993 8.340778857469564 8.8752499520778674 22.247343271970749 32.048089101910591 7.4021397829055777 7.0489028841257095 11.773760125041006 7.0384401679038984 12.950539022684096 7.2207863032817841 8.1866189539432508 6.9456274807453173
leaf_count=65 34 36 90 130 30 30 48 30 53 30 33 30
internal_value=0.000325228 -0.00417041 -0.00939928 -0.0141712 0.00550649 0.00860305 0 0.0157113 0.00767328 0.00121642 -0.00125651 0.0122468
internal_weight=155.207 100.051 70.5728 54.2954 16.2774 55.1566 25.7683 29.3883 29.4779 14.2592 16.5274 13.9945
internal_count=639 406 286 220 66 233 108 125 120 60 67 60
is_linear=0
shrinkage=0.03


Tree=40
num_leaves=9
num_cat=0
split_feature=15 35 35 37 15 36 37 15
split_gain=5.97187 7.16151 7.90879 8.72394 7.06351 6.77001 4.67831 4.18524
threshold=-4.7270909542341064 0.017903555733564839 0.052646717785798776 0.031396109507134125 -44.25783324517176 0.0081862498936358784 -0.0014610797180495958 13.001006992646378
decision_type=2 2 2 2 2 2 2 2
left_child=4 5 3 -3 -1 7 -4 -2
right_child=1 2 6 -5 -6 -7 -8 -9
leaf_value=-0.0032201382371836915 6.1975257284853309e-05 0.02015471412545362 -0.022412752332448417 -0.0043084605496192963 0.026333622301401183 0.0093216688585447596 0 -0.022055547142806303
leaf_weight=11.68571048974991 8.3114982247352582 28.922603353857994 11.376084342598917 20.287009030580521 13.225702002644537 8.8121800571680051 20.320981562137604 30.652281418442726
leaf_count=48 34 120 46 83 57 36 83 125
internal_value=-6.68344e-05 -0.00281045 0.00249027 0.0100023 0.0127038 -0.0118277 -0.00862844 -0.0171987
internal_weight=153.594 128.683 80.9067 49.2096 24.9114 47.776 31.6971 38.9638
internal_count=632 527 332 203 105 195 129 159
is_linear=0
shrinkage=0.03


Tree=41
num_leaves=10
num_cat=0
split_feature=15 6 37 15 15 32 14 32 15
split_gain=5.66141 8.2833 4.06255 7.77839 5.6985 5.28874 5.05137 4.05057 2.82111
threshold=-4.7270909542341064 0.011446835464459803 0.036692300934979223 58.431497467983391 59.471367405635341 0.0018245866517586642 41.339768684038525 0.0031357474693249903 -41.231116687203816
decision_type=2 2 2 2 2 2 2 2 2
left_child=1 8 3 6 5 -4 -2 -5 -1
right_child=2 -3 4 7 -6 -7 -8 -9 -10
leaf_value=0.0057543857063690664 0 -0.0088006167712717329 -0.014172829098173604 0.022234250244209056 -0.023668036796213151 0.010658531292567511 -0.020601637944825894 -0.00075183789030291157 0.034863147566425223
leaf_weight=7.4723775386810329 48.979035332798958 8.6889403611421567 12.779202431440355 16.733075931668285 15.266075834631918 13.95014353096485 12.116017982363699 8.7972653508186323 8.6746416389942187
leaf_count=31 202 36 52 69 62 57 49 36 38
internal_value=-5.83492e-05 0.0123934 -0.00273051 0.000862634 -0.0101854 -0.000851325 -0.00478559 0.0142896 0.0243378
internal_weight=153.457 24.836 128.621 86.6254 41.9954 26.7293 61.0951 25.5303 16.147
internal_count=632 105 527 356 171 109 251 105 69
is_linear=0
shrinkage=0.03


Tree=42
num_leaves=11
num_cat=0
split_feature=28 15 28 16 23 5 11 15 5 0
split_gain=5.64358 10.9948 9.99621 9.6532 6.1827 10.8929 6.61738 3.10599 4.84762 1.04248
threshold=10.500000000000002 13.001006992646378 5.5000000000000009 0.96273621693520639 1.0158152590266216 0.032427400871666075 0.054097340892504182 9.2108450887934978 0.11845398801256458 0.011856388226827887
decision_type=2 2 2 2 2 2 2 2 2 2
left_child=1 2 9 -4 6 -6 -3 -2 -9 -1
right_child=7 4 3 -5 5 -7 -8 8 -10 -11
leaf_value=0.032683687624212837 -0.002589964732855415 0.011428633190475053 0.013798271495411992 -0.018039332811740635 -0.037674865253725577 -0.0042060957996802829 -0.011296001660720256 0.028631739319709425 0 0.0093093563709931732
leaf_weight=9.6475929170846957 7.2450410276651409 18.186535656452179 15.020486146211626 15.06067807972431 13.748939126729963 23.73189352452755 24.519598007202148 11.612159222364427 7.3590674251317969 7.1659850329160681
leaf_count=41 31 75 63 61 56 96 101 48 30 30
internal_value=-5.63349e-05 -0.00280694 0.00834662 -0.00180511 -0.00955664 -0.0181498 -0.00120478 0.0119993 0.0180018 0.0255675
internal_weight=153.298 127.082 46.8947 30.0812 80.187 37.4808 42.7061 26.2163 18.9712 16.8136
internal_count=632 523 195 124 328 152 176 109 78 71
is_linear=0
shrinkage=0.03


Tree=43
num_leaves=10
num_cat=0
split_feature=15 35 38 35 38 35 24 35 13
split_gain=5.23871 6.62526 8.09538 7.62923 6.57415 6.13827 4.42958 3.97114 3.90829
threshold=-4.7270909542341064 0.017903555733564839 0.0075432868783534349 0.052646717785798776 0.012673391633790916 -0.034529714290515871 0.26344743302176732 0.040090918997515053 1.2045092913184166
decision_type=2 2 2 2 2 2 2 2 2
left_child=4 2 5 7 -1 -2 -5 -3 -4
right_child=1 3 8 6 -6 -7 -8 -9 -10
leaf_value=0.02766221913864295 0.020342084851070332 0.0015313047369801362 -0.03104512226519442 0.0013065951631416775 -0.0010607443783093699 -0.0094559613040571099 -0.019601661611777978 0.019125144605318448 -0.0044579646315046229
leaf_weight=10.702959686517717 7.9807666987180736 27.891080856323242 15.492321178317072 17.123356148600582 13.996155619621275 14.167028993368147 14.529166281223295 21.191320478916168 10.073851495981215
leaf_count=47 33 115 63 70 58 58 59 88 41
internal_value=-4.51179e-05 -0.0026173 -0.0112991 0.00248138 0.0119639 0.00145582 -0.00843956 0.00987247 -0.0221966
internal_weight=153.148 128.449 47.714 80.7349 24.6991 22.1478 31.6525 49.0824 25.5662
internal_count=632 527 195 332 105 91 129 203 104
is_linear=0
shrinkage=0.03


Tree=44
num_leaves=10
num_cat=0
split_feature=28 15 28 37 2 36 35 0 0
split_gain=5.35438 10.2889 9.44843 6.82255 6.78365 5.64235 9.42184 4.45581 1.00724
threshold=10.500000000000002 13.001006992646378 5.5000000000000009 0.015771911015813437 0.00095456984110398057 0.0071220746004734565 0.040253656556901947 0.006030418565010299 0.011856388226827887
decision_type=2 2 2 2 2 2 2 2 2
left_child=1 2 8 -2 -4 6 -3 -7 -1
right_child=3 5 4 -5 -6 7 -8 -9 -10
leaf_value=0.031911961806585822 0.024809431568982132 -0.023305601204555614 0.013141589532549054 -0.0036003278093670755 -0.013771224722012721 -0.0072988770124810991 0.000276233694074699 0.017952932392999978 0.0089521505822381525
leaf_weight=9.5509936511516589 13.955235570669176 35.442676112055779 12.76076214015484 12.186500146985052 17.276054084300995 12.263701289892198 23.560625553131104 8.8551275134086591 7.1438776403665534
leaf_count=41 59 145 53 50 71 50 97 36 30
internal_value=-3.8901e-05 -0.00272242 0.00808503 0.011718 -0.00176282 -0.00925196 -0.0139429 0.00327752 0.0248984
internal_weight=152.996 126.854 46.7317 26.1417 30.0368 80.1221 59.0033 21.1188 16.6949
internal_count=632 523 195 109 124 328 242 86 71
is_linear=0
shrinkage=0.03


Tree=45
num_leaves=8
num_cat=0
split_feature=33 36 35 22 25 2 19
split_gain=7.23559 5.3573 4.25105 6.44735 4.99473 3.75573 2.86916
threshold=0.92090149766373386 0.0080690786208594909 0.037827511716566738 0.31273954453901703 0.091892458234142063 0.027176589590765746 0.17544237804439336
decision_type=2 2 2 2 2 2 2
left_child=1 2 4 -4 -1 -2 -3
right_child=5 6 3 -5 -6 -7 -8
leaf_value=-0.016749678753928354 -0.026693737770798372 0.024866256031000226 0.00070603798346004221 0.02655598263606318 0.00078329727461136107 -0.0016949221567581871 0.00044306045139859613
leaf_weight=18.666794940829277 9.8805831670761126 12.216500341892244 38.693144455552101 9.7634334266185743 44.559500455856323 13.062568694353102 8.1896939575672132
leaf_count=77 40 51 159 42 186 53 34
internal_value=0.000393467 0.00324004 0.000408401 0.00705796 -0.004518 -0.0143393 0.0166483
internal_weight=155.032 132.089 111.683 48.4566 63.2263 22.9432 20.4062
internal_count=642 549 464 201 263 93 85
is_linear=0
shrinkage=0.03


Tree=46
num_leaves=7
num_cat=0
split_feature=33 28 19 28 17 1
split_gain=6.9003 4.9309 5.76799 6.85909 3.08444 2.03227
threshold=0.92090149766373386 11.500000000000002 0.04569375023113053 6.5000000000000009 1.5493490777826502 0.032412484827693995
decision_type=2 2 2 2 2 2
left_child=1 2 -1 -4 -2 -6
right_child=4 -3 3 -5 5 -7
leaf_value=0.021091762376210126 -0.027714084528731951 0.019787616712476395 0.0057716968321347116 -0.0089595910485849566 0.0049985188758540832 -0.013996316034793897
leaf_weight=9.7184078395366651 7.6375662088394192 12.454158008098601 58.856917887926102 50.94997426867485 7.9085925221443159 7.3969292640686035
leaf_count=42 31 53 244 210 32 30
internal_value=0.000388232 0.00317222 0.00102036 -0.000967404 -0.0139955 -0.00387126
internal_weight=154.923 131.979 119.525 109.807 22.9431 15.3055
internal_count=642 549 496 454 93 62
is_linear=0
shrinkage=0.03


Tree=47
num_leaves=10
num_cat=0
split_feature=0 22 28 40 7 22 38 11 40
split_gain=4.67856 5.89122 4.45584 5.10628 12.3548 3.90942 3.25122 2.79977 2.23007
threshold=0.014895414397373076 0.21854165905641379 10.500000000000002 0.05249650944735907 0.0016693003406196946 -0.0066312831619682036 0.0096552481954754448 0.023500933235339642 0.075776519017465752
decision_type=2 2 2 2 2 2 2 2 2
left_child=2 7 3 4 -1 -4 -3 -2 -5
right_child=1 6 5 8 -6 -7 -8 -9 -10
leaf_value=0.0086175655222465175 -0.0024478945438902015 -0.0073468539571804204 0.024648224297809534 0.01955898135156019 -0.015193423456376649 0 0.016756088996929014 -0.028516121483915136 5.0298482331681477e-05
leaf_weight=35.739830106496811 7.7019887715578106 8.3172686994075757 12.530901819467546 12.747377291321756 38.205835491418839 10.738099679350851 7.2891338169574729 10.857357501983641 10.692883983254431
leaf_count=150 32 34 53 53 157 45 30 44 44
internal_value=0.000377439 -0.00900137 0.00325899 0.000185572 -0.00356358 0.0144956 0.00368332 -0.0197181 0.0119528
internal_weight=154.821 34.1657 120.655 97.3859 73.9457 23.269 15.6064 18.5593 23.4403
internal_count=642 140 502 404 307 98 64 76 97
is_linear=0
shrinkage=0.03


Tree=48
num_leaves=8
num_cat=0
split_feature=33 36 34 14 37 10 34
split_gain=6.37223 5.02721 5.24463 4.61287 4.52757 3.63034 2.37168
threshold=0.92090149766373386 0.0080690786208594909 0.011240627421540863 6.8876798344283552 0.039114561273862709 0.03483416148768604 -0.028826748512426611
decision_type=2 2 2 2 2 2 2
left_child=1 2 4 -4 -1 -2 -3
right_child=5 6 3 -5 -6 -7 -8
leaf_value=-0.001354108699119721 -0.0011371180536005037 0.0028818866578599772 0.02280084487773992 0.0018045089221258594 -0.022943436389139808 -0.025588365333538608 0.025257085099008265
leaf_weight=48.492769062519073 13.088405266404154 10.082409054040911 11.033824190497397 42.663929626345634 9.290898844599722 9.8440452516078931 10.223061904311178
leaf_count=203 53 42 47 176 38 40 43
internal_value=0.000374338 0.0030563 0.00031154 0.00705197 -0.00572773 -0.0134454 0.016074
internal_weight=154.719 131.787 111.481 53.6978 57.7837 22.9325 20.3055
internal_count=642 549 464 223 241 93 85
is_linear=0
shrinkage=0.03


Tree=49
num_leaves=8
num_cat=0
split_feature=33 36 34 9 14 2 34
split_gain=6.07247 4.80247 4.99206 4.90901 4.406 3.6055 2.25799
threshold=0.92090149766373386 0.0080690786208594909 0.011240627421540863 0.11720121531469453 6.8876798344283552 0.027176589590765746 -0.028826748512426611
decision_type=2 2 2 2 2 2 2
left_child=1 2 3 -1 -4 -2 -3
right_child=5 6 4 -5 -6 -7 -8
leaf_value=-0.0096071580794566246 -0.025191306916865965 0.0028108054027003622 0.022316012515356143 0.011998100589484141 0.0017530912763228281 -0.00088697570105821238 0.024714569628182841
leaf_weight=48.458683714270592 9.8638506531715411 10.077903479337694 10.979612439870833 9.3099140226840955 42.656571686267853 13.062550380825995 10.17862309515476
leaf_count=203 40 42 47 38 176 53 43
internal_value=0.000361364 0.00298374 0.000298693 -0.00558934 0.00688294 -0.0131277 0.0157229
internal_weight=154.588 131.661 111.405 57.7686 53.6362 22.9264 20.2565
internal_count=642 549 464 241 223 93 85
is_linear=0
shrinkage=0.03


end of trees

feature_importances:
macd_signal=34
vol_change=30
macro_topix_vol_20=30
month=26
macro_usdjpy_vol_20=23
macro_usdjpy_ret_60=22
macro_topix_ret_20=22
return_20d=19
ma_5_20_cross=17
vol_ratio=17
macro_usdjpy_ret_20=15
atr_pct=14
bb_bandwidth=13
price_position_20d=13
macd=12
volatility=12
return_1d=11
return_10d=10
gap=10
macro_nikkei_ret_20=10
rsi=9
ma_20_60_cross=8
macd_hist=8
candle_body_pct=7
return_2d=5
return_3d=5
rsi_change=5
div_ma_20=4
div_ma_60=4
macd_hist_change=4
upper_shadow_pct=4
day_of_week=4
bb_pct_b=3
return_5d=2
div_ma_5=2
div_ma_10=2
lower_shadow_pct=2
macro_nikkei_above_200dma=2
streak=1

parameters:
[boosting: gbdt]
[objective: binary]
[metric: binary_logloss]
[tree_learner: serial]
[device_type: cpu]
[data_sample_strategy: bagging]
[data: ]
[valid: ]
[num_iterations: 50]
[learning_rate: 0.03]
[num_leaves: 15]
[num_threads: 0]
[seed: 42]
[deterministic: 0]
[force_col_wise: 0]
[force_row_wise: 0]
[histogram_pool_size: -1]
[max_depth: 4]
[min_data_in_leaf: 30]
[min_sum_hessian_in_leaf: 0.001]
[bagging_fraction: 0.7]
[pos_bagging_fraction: 1]
[neg_bagging_fraction: 1]
[bagging_freq: 5]
[bagging_seed: 400]
[bagging_by_query: 0]
[feature_fraction: 0.6]
[feature_fraction_bynode: 1]
[feature_fraction_seed: 30056]
[extra_trees: 0]
[extra_seed: 12879]
[early_stopping_round: 0]
[early_stopping_min_delta: 0]
[first_metric_only: 0]
[max_delta_step: 0]
[lambda_l1: 0.5]
[lambda_l2: 2]
[linear_lambda: 0]
[min_gain_to_split: 0]
[drop_rate: 0.1]
[max_drop: 50]
[skip_drop: 0.5]
[xgboost_dart_mode: 0]
[uniform_drop: 0]
[drop_seed: 17869]
[top_rate: 0.2]
[other_rate: 0.1]
[min_data_per_group: 100]
[max_cat_threshold: 32]
[cat_l2: 10]
[cat_smooth: 10]
[max_cat_to_onehot: 4]
[top_k: 20]
[monotone_constraints: ]
[monotone_constraints_method: basic]
[monotone_penalty: 0]
[feature_contri: ]
[forcedsplits_filename: ]
[refit_decay_rate: 0.9]
[cegb_tradeoff: 1]
[cegb_penalty_split: 0]
[cegb_penalty_feature_lazy: ]
[cegb_penalty_feature_coupled: ]
[path_smooth: 0]
[interaction_constraints: ]
[verbosity: -1]
[saved_feature_importance_type: 0]
[use_quantized_grad: 0]
[num_grad_quant_bins: 4]
[quant_train_renew_leaf: 0]
[stochastic_rounding: 1]
[linear_tree: 0]
[max_bin: 255]
[max_bin_by_feature: ]
[min_data_in_bin: 5]
[bin_construct_sample_cnt: 200000]
[data_random_seed: 175]
[is_enable_sparse: 1]
[enable_bundle: 1]
[use_missing: 1]
[zero_as_missing: 0]
[feature_pre_filter: 1]
[pre_partition: 0]
[two_round: 0]
[header: 0]
[label_column: ]
[weight_column: ]
[group_column: ]
[ignore_column: ]
[categorical_feature: ]
[forcedbins_filename: ]
[precise_float_parser: 0]
[parser_config_file: ]
[objective_seed: 16083]
[num_class: 1]
[is_unbalance: 0]
[scale_pos_weight: 1]
[sigmoid: 1]
[boost_from_average: 1]
[reg_sqrt: 0]
[alpha: 0.9]
[fair_c: 1]
[poisson_max_delta_step: 0.7]
[tweedie_variance_power: 1.5]
[lambdarank_truncation_level: 30]
[lambdarank_norm: 1]
[label_gain: ]
[lambdarank_position_bias_regularization: 0]
[eval_at: ]
[multi_error_top_k: 1]
[auc_mu_weights: ]
[num_machines: 1]
[local_listen_port: 12400]
[time_out: 120]
[machine_list_filename: ]
[machines: ]
[gpu_platform_id: -1]
[gpu_device_id: -1]
[gpu_use_dp: 0]
[num_gpu: 1]

end of parameters

pandas_categorical:[]
