tree
version=v4
num_class=1
num_tree_per_iteration=1
label_index=0
max_feature_idx=44
objective=binary sigmoid:1
feature_names=return_1d return_2d return_3d return_5d return_10d return_20d div_ma_5 div_ma_10 div_ma_20 div_ma_60 ma_5_20_cross ma_20_60_cross rsi rsi_change macd macd_signal macd_hist macd_hist_change bb_pct_b bb_bandwidth atr_pct volatility vol_change vol_ratio candle_body_pct upper_shadow_pct lower_shadow_pct day_of_week month is_month_end is_month_start streak gap price_position_20d macro_usdjpy_ret_20 macro_usdjpy_ret_60 macro_usdjpy_vol_20 macro_topix_ret_20 macro_topix_vol_20 macro_topix_above_200dma macro_nikkei_ret_20 macro_nikkei_above_200dma macro_nikkei_vi macro_jgb10y macro_bias_score
feature_infos=[-0.14809960681520318:0.14522708729942879] [-0.15603448275862064:0.17770326906957257] [-0.20380611581001951:0.1693973896139962] [-0.15951236263736268:0.21564665127020777] [-0.20754716981132071:0.27152521525215256] [-0.24752282883232957:0.29059040590405893] [-0.13036526435474705:0.1220955020251545] [-0.14524690926870157:0.18429563798970672] [-0.17181627062496024:0.18446219621962201] [-0.20085130268020024:0.2288551890509031] [-0.12197286012526098:0.12462230486320935] [-0.12065637861779432:0.12621610221381618] [1.9073569482288804:95.096774193548384] [-22.536545515309292:26.718039913060672] [-271.57168459879449:203.88827339332784] [-243.11242780957588:181.69962119661756] [-109.99101279471606:105.58440512850065] [-51.687450789875655:37.51924326892204] [-0.384582825746493:1.3578999957468934] [0.049382998174901827:0.37593396845560212] [0.017116661209180484:0.060979513444302177] [0.01075596564220341:0.046748438278204872] [-0.89722333645317998:6.5363502154198425] [0.45332728908280862:2.026201659694999] [-1:0.98373983739837401] [0:0.92941176470588238] [0:0.9859154929577465] [0:4] [1:12] none [0:1] [-10:8] [-0.14809960681520318:0.17602682313495399] [0:1] [-0.10288784967882303:0.08505611680078462] [-0.13986255140503889:0.13160084488587853] [0.0024251968629527628:0.011841457708833433] [-0.22586490939044479:0.19897850606512013] [0.0040695656522785678:0.036437277456277402] [0:1] [-0.22859537662338159:0.23022297972565586] [0:1] none none none
tree_sizes=1076 1382 1393 1311 1313 1411 1420 1097 1393 1299 1288 1094 1313 1108 1209 1096 1384 1394 953 1081 891 889 895 1284 996 970 985 1295 788 1079 1201 1209 887 1099 1293 1316 1312 1158 1299 1285 1302 874 849 1064 1517 998 893 891 1210 1316

Tree=0
num_leaves=9
num_cat=0
split_feature=37 36 16 7 36 7 1 24
split_gain=19.6429 8.14991 8.08118 10.615 8.4435 6.84377 6.45985 6.08715
threshold=0.0046297695763888322 0.0080213846019836638 37.14781417323227 0.0099186027685973406 0.0071938752021442577 0.021723206113143153 -0.019033939171443134 0.15274177467597214
decision_type=2 2 2 2 2 2 2 2
left_child=1 5 3 4 -2 6 -1 -5
right_child=2 -3 -4 7 -6 -7 -8 -9
leaf_value=-0.20511400634841481 -0.22008953922937652 -0.16703949620108613 -0.22884669032900889 -0.17579176576774122 -0.19495273975151262 -0.21513162655585982 -0.17988437776596428 -0.20308907632643272
leaf_weight=12.371989339590067 41.322444394230843 11.629669979214666 14.846387207508085 10.887350618839266 14.351507633924482 9.4027118980884534 22.764460384845737 17.0733452886343
leaf_count=50 167 47 60 44 58 38 92 69
internal_value=-0.201821 -0.187882 -0.209766 -0.205681 -0.213292 -0.194962 -0.188803 -0.191356
internal_weight=154.65 56.1688 98.481 83.6346 55.674 44.5392 35.1364 27.9607
internal_count=625 227 398 338 225 180 142 113
is_linear=0
shrinkage=1


Tree=1
num_leaves=12
num_cat=0
split_feature=20 5 28 12 16 3 5 5 25 35 25
split_gain=17.5366 13.559 8.49001 7.87218 7.6553 7.44803 7.16968 4.50246 2.2685 1.4082 1.20862
threshold=0.02550347061225991 -0.055315454310622895 8.5000000000000018 52.525193811900095 33.99614259884148 -0.026985862317167594 0.0010413840692391487 0.079071572241995916 0.14218328840970354 -0.01244948081892938 0.31042001972898609
decision_type=2 2 2 2 2 2 2 2 2 2 2
left_child=3 5 4 6 -3 9 8 -4 -1 -2 -5
right_child=1 2 7 10 -6 -7 -8 -9 -10 -11 -12
leaf_value=0 -0.00015469854071816966 0.014091953291454011 -0.01758398649514685 -0.034536539626233369 -0.011959331022030402 0.040324261483389905 0.01901469441368309 0.0065530604945783196 -0.023073039101641792 0.015125585291074321 -0.01066795155747035
leaf_weight=7.9144848883152026 7.4289581030607215 42.582084000110626 22.512609407305721 11.864883825182917 10.871506094932554 12.878867760300635 7.4269622415304175 7.4184510558843604 7.6705763638019562 8.4094873517751711 7.6705196350812903
leaf_count=32 30 172 91 48 44 52 30 30 31 34 31
internal_value=0.00124153 0.00754566 0.0010541 -0.0146246 0.00828285 0.0246106 -0.00157845 -0.0110961 -0.0132915 0.00790377 -0.0277222
internal_weight=154.649 112.102 83.3847 42.5474 53.4536 28.7173 23.012 29.9311 15.5851 15.8384 19.5354
internal_count=625 453 337 172 216 116 93 121 63 64 79
is_linear=0
shrinkage=0.03


Tree=2
num_leaves=12
num_cat=0
split_feature=37 20 10 38 13 38 13 10 13 8 3
split_gain=18.3709 14.229 10.1904 12.5919 8.77232 11.0575 6.06966 4.93808 2.78168 2.59818 2.53805
threshold=0.0046297695763888322 0.025735764680941266 -0.026936911937400495 0.0085545268139082704 1.6276130963861066 0.0078995955767183126 3.3629385863951211 0.0055361690938215977 0.80315976381272958 -0.049166571700976783 -0.011494879105359899
decision_type=2 2 2 2 2 2 2 2 2 2 2
left_child=2 8 9 -4 5 -3 -5 -6 10 -1 -2
right_child=1 4 3 6 7 -7 -8 -9 -10 -11 -12
leaf_value=0.013901755205946954 0.00070888713263211358 0.014608318607344377 -0.022060972902029949 0.024106500610395706 0.025509506702634816 -0.017222454535062166 -0.0020967710252236572 0 -0.031403772703988989 0.04521205562540697 -0.019611788386913586
leaf_weight=8.9306905716657656 7.9050894677638999 12.373005107045172 9.1619009524583799 19.326948553323749 14.119201689958574 27.947098627686501 10.64317564666271 11.128139659762381 15.537242472171782 8.1923989802598935 9.3864772766828555
leaf_count=36 32 50 37 78 57 113 43 45 63 33 38
internal_value=0.0011948 -0.006494 0.0146621 0.00513872 0.00148074 -0.00687137 0.0147828 0.0148949 -0.0220227 0.0328281 -0.010434
internal_weight=154.651 98.3963 56.2551 39.132 65.5674 40.3201 29.9701 25.2473 32.8288 17.1231 17.2916
internal_count=625 398 227 158 265 163 121 102 133 69 70
is_linear=0
shrinkage=0.03


Tree=3
num_leaves=11
num_cat=0
split_feature=20 5 2 11 19 10 26 38 5 22
split_gain=15.7948 12.5531 8.39049 7.39723 8.79408 8.35765 5.53331 3.24154 1.82935 0.989908
threshold=0.02550347061225991 -0.055315454310622895 -0.023511557178664929 -0.015564032536232118 0.10620125234758739 0.012142277388111801 0.5409321175278623 0.0089668695460360989 -0.1070050531258792 0.049200688107458819
decision_type=2 2 2 2 2 2 2 2 2 2
left_child=6 2 -2 5 -5 -3 7 9 -4 -1
right_child=1 3 8 4 -6 -7 -8 -9 -10 -11
leaf_value=-0.013709674910443561 0.0029324593174818014 0.0016730292368019096 0.015890183393891363 -0.010787759679100435 0.013954307112600437 -0.030928432911762054 0.0052859786204362469 -0.0028041063612230656 0.047576887602452607 -0.033873541669444007
leaf_weight=13.061857506632807 12.631938382983209 15.101516053080561 7.7065293937921551 15.848351851105688 42.591207802295685 9.8696590065956098 8.6446560919284803 10.364157125353811 8.4626017659902555 10.341190323233603
leaf_count=53 51 61 31 64 172 40 35 42 34 42
internal_value=0.00116959 0.00714568 0.0235357 0.000892125 0.00686133 -0.0119942 -0.0139138 -0.0192691 0.0367115 -0.0251754
internal_weight=154.624 112.212 28.8011 83.4107 58.4396 24.9712 42.4119 33.7672 16.1691 23.403
internal_count=625 453 116 337 236 101 172 137 65 95
is_linear=0
shrinkage=0.03


Tree=4
num_leaves=11
num_cat=0
split_feature=20 5 28 19 3 11 13 10 21 35
split_gain=15.0199 11.9871 8.00213 9.03837 6.68136 5.72432 5.00924 2.78762 2.13862 1.42456
threshold=0.02550347061225991 -0.055315454310622895 8.5000000000000018 0.13803281129634137 -0.026985862317167594 -0.029214220205531435 -3.4360081004212399 -0.018771873050952344 0.01745999415729892 -0.01244948081892938
decision_type=2 2 2 2 2 2 2 2 2 2
left_child=6 4 5 -4 9 -3 -1 -8 -9 -2
right_child=1 2 3 -5 -6 -7 7 8 -10 -11
leaf_value=0.0031732114258864962 -0.00087637209000165364 -0.0091626535313475387 -0.026041461973724304 0.0047656369958338184 0.037785285305364104 0.013001382027452957 -0.00083045405886126862 -0.036300696164149139 -0.012954798085165857 0.014486478964002245
leaf_weight=10.118743643164633 7.4465427398681632 11.36497128009796 15.079886242747309 14.826594725251196 12.9596721380949 42.142929002642632 7.6482635289430609 8.6137134730815905 15.965490177273749 8.4280105978250521
leaf_count=41 30 46 61 60 52 170 31 35 65 34
internal_value=0.00113238 0.00695769 0.000841366 -0.0109569 0.0229629 0.00786303 -0.0135881 -0.019167 -0.0238165 0.00714907
internal_weight=154.595 112.249 83.4144 29.9065 28.8342 53.5079 42.3462 32.2275 24.5792 15.8746
internal_count=625 453 337 121 116 216 172 131 100 64
is_linear=0
shrinkage=0.03


Tree=5
num_leaves=12
num_cat=0
split_feature=37 10 10 21 16 35 19 21 28 36 8
split_gain=26.8523 19.6545 10.5501 14.6131 11.7416 8.58498 7.64224 10.0035 5.43979 3.03452 1.26549
threshold=0.0043833246663369527 -0.026936911937400495 0.0083619658329874298 0.017650558270405618 -14.199110981782537 0.036955013395850507 0.13756770317350267 0.020893391180686515 2.5000000000000004 0.0077365257041046914 -0.06491728871760967
decision_type=2 2 2 2 2 2 2 2 2 2 2
left_child=1 10 3 5 -5 -2 7 -3 -4 -10 -1
right_child=2 6 8 4 -6 -7 -8 -9 9 -11 -12
leaf_value=0.020011358236349263 0.00080465979893934979 0.010268220974047461 0.001162231801092724 -0.0041934834714801601 0.026420955794458384 -0.039227996290926354 0.02191870355720307 -0.024170546422851411 -0.028382125542896069 -0.0032532082960421553 0.051547595325136954
leaf_weight=7.9562821984291103 7.3907383531332043 15.594223573803903 8.3847828060388547 21.788732051849365 19.061235323548317 8.6167279332876188 13.160410806536673 11.11234802007675 26.59631472826004 7.4216531515121451 10.216450318694113
leaf_count=32 30 63 34 88 77 35 53 45 108 30 41
internal_value=0.00161689 0.0175716 -0.00772684 0.000557002 0.0103081 -0.0218752 0.0046821 -0.00422451 -0.0186972 -0.0238013 0.041837
internal_weight=157.3 58.0397 99.2602 56.8574 40.85 16.0075 39.867 26.7066 42.4028 34.018 18.1727
internal_count=636 234 402 230 165 65 161 108 172 138 73
is_linear=0
shrinkage=0.03


Tree=6
num_leaves=12
num_cat=0
split_feature=37 10 10 21 16 35 17 41 11 17 38
split_gain=25.5146 18.6679 9.98097 13.8775 11.0925 8.24053 6.28779 7.91789 5.67663 3.08871 0.323753
threshold=0.0043833246663369527 -0.026936911937400495 0.0083619658329874298 0.017650558270405618 -14.199110981782537 0.036955013395850507 -4.0637182900886044 1.0000000180025095e-35 0.057382042499372184 1.2735925365875931 0.011028996609989928
decision_type=2 2 2 2 2 2 2 2 2 2 2
left_child=1 10 3 5 -5 -2 -3 -8 9 -4 -1
right_child=2 6 8 4 -6 -7 7 -9 -10 -11 -12
leaf_value=0.048863692624213945 0.00078560207312599608 0.019452061630975605 -0.030356214766120587 -0.0040797804175013467 0.025650315194459029 -0.038434508137598085 0.016772280988187078 -0.015457740310541758 0.0013982573262670613 -0.0076228396020877956 0.020435831515698367
leaf_weight=10.47567565739155 7.3914305418729773 14.133081689476965 21.624912112951279 21.779979377985001 19.104301273822784 8.5727312266826612 8.4401179701089877 17.299139201641083 8.8787589669227582 11.802700161933897 7.7262925356626502
leaf_count=42 30 57 88 88 77 35 34 70 36 48 31
internal_value=0.00158354 0.0171284 -0.00753135 0.000515478 0.010011 -0.0213748 0.00455206 -0.0039012 -0.0182179 -0.0236363 0.040757
internal_weight=157.229 58.0743 99.1548 56.8484 40.8843 15.9642 39.8723 25.7393 42.3064 33.4276 18.202
internal_count=636 234 402 230 165 65 161 104 172 136 73
is_linear=0
shrinkage=0.03


Tree=7
num_leaves=9
num_cat=0
split_feature=37 10 20 10 19 19 28 28
split_gain=24.2824 17.7227 9.57232 8.59416 8.61845 7.18871 9.63131 6.9232
threshold=0.0043833246663369527 -0.026936911937400495 0.035964675613601872 0.0083619658329874298 0.10118354508676529 0.13756770317350267 8.5000000000000018 2.5000000000000004
decision_type=2 2 2 2 2 2 2 2
left_child=1 -1 3 4 -2 6 -3 -5
right_child=2 5 -4 7 -6 -7 -8 -9
leaf_value=0.03972380346378887 -0.017131021743261282 0.011239873789069189 0.016637847473454443 0.001462583300807153 0.007605795099206389 0.021153257291850233 -0.022265855260021637 -0.027167255182962445
leaf_weight=18.221272841095924 18.683721393346786 14.364832535386087 10.923965170979498 8.3713357746601087 30.189196035265923 13.184458717703817 12.327865198254583 30.867029741406441
leaf_count=73 76 58 44 34 122 53 50 126
internal_value=0.00155318 0.0167123 -0.00734615 -0.0107894 -0.00185774 0.00444436 -0.00418516 -0.0209208
internal_weight=157.134 58.0984 99.0352 88.1113 48.8729 39.8772 26.6927 39.2384
internal_count=636 234 402 358 198 161 108 160
is_linear=0
shrinkage=0.03


Tree=8
num_leaves=12
num_cat=0
split_feature=37 10 10 40 28 37 11 6 17 40 17
split_gain=22.9711 16.7752 8.93074 10.4678 6.25107 5.48771 5.35149 4.77612 2.94842 2.30417 1.58955
threshold=0.0043833246663369527 -0.020178959371591639 0.0083619658329874298 0.054325552589354349 8.5000000000000018 0.036692300934979223 0.057382042499372184 0.0022917561585576308 1.2735925365875931 0.066210996742763109 1.7046745228246396
decision_type=2 2 2 2 2 2 2 2 2 2 2
left_child=1 10 3 5 7 -2 8 -3 -4 -5 -1
right_child=2 4 6 9 -6 -7 -8 -9 -10 -11 -12
leaf_value=0.0157597761851948 0 0.025415206870537017 -0.029142420309505153 0.030192343214951383 -0.011916689192039778 -0.023249570082067413 0.0016866185924983574 -0.00043394488086863532 -0.0070009779222596318 0.0054678002871476278 0.042692364986806106
leaf_weight=8.727391332387926 27.626372471451759 10.196504667401316 21.467770919203758 7.4552376717329052 13.795575633645056 11.82032850384712 8.8635286092758161 11.162509083747862 11.761706814169882 9.9134716987609846 14.222398728132246
leaf_count=35 112 41 88 30 56 48 36 45 48 40 57
internal_value=0.00152462 0.0162662 -0.0071375 0.000453907 0.00231557 -0.00781533 -0.0172801 0.0123834 -0.0225735 0.0188766 0.0351359
internal_weight=157.013 58.1044 98.9084 56.8154 35.1546 39.4467 42.093 21.359 33.2295 17.3687 22.9498
internal_count=636 234 402 230 142 160 172 86 136 70 92
is_linear=0
shrinkage=0.03


Tree=9
num_leaves=11
num_cat=0
split_feature=12 19 23 40 41 4 7 16 40 4
split_gain=19.4176 19.1986 10.8923 8.73497 7.49896 7.43906 5.54709 4.82532 4.17152 2.18909
threshold=52.525193811900095 0.10020865917216475 1.3226205294216828 -0.0037831448702477784 1.0000000180025095e-35 0.0661259678623667 0.04475311187620281 -12.950537649434898 0.055307037573315905 -0.014435727661777973
decision_type=2 2 2 2 2 2 2 2 2 2
left_child=1 7 3 -3 -2 8 -7 -1 -6 -9
right_child=4 2 -4 -5 5 6 -8 9 -10 -11
leaf_value=-0.024702791412541836 0.0098410447759698719 0.038182606552042017 -0.008835404307100796 0.012722146377840832 -0.032543187157454176 0.011619422458650643 -0.018255242535061174 0.0096533272542368639 -0.0067884582140751021 -0.010095806928903538
leaf_weight=10.571001157164575 10.121874824166296 21.178191408514977 9.6598674207925779 38.391349017620087 20.290547370910648 11.320201858878137 7.5882916301488867 8.3860842585563677 11.542216286063192 7.8340146839618674
leaf_count=43 41 85 39 155 83 46 31 34 47 32
internal_value=0.00149783 0.00990903 0.0181926 0.0229638 -0.0114265 -0.0161657 -0.000251742 -0.010752 -0.0246015 0
internal_weight=156.884 96.0205 69.2294 59.5695 60.8631 50.7413 18.9085 26.7911 31.8328 16.2201
internal_count=636 388 279 240 248 207 77 109 130 66
is_linear=0
shrinkage=0.03


Tree=10
num_leaves=11
num_cat=0
split_feature=19 12 4 32 20 35 12 28 19 32
split_gain=16.5506 10.0714 8.87218 6.22851 5.24394 4.94404 4.33233 2.2327 2.054 1.63289
threshold=0.10020865917216475 51.49778588174005 -0.065374721705999325 0.014057178813648432 0.024826034800150928 0.023227895630130061 31.56066337193808 8.5000000000000018 0.085618084538445174 0.00091147583067674464
decision_type=2 2 2 2 2 2 2 2 2 2
left_child=7 2 5 4 -3 -2 -4 8 -1 -9
right_child=1 3 6 -5 -6 -7 -8 9 -10 -11
leaf_value=0.00043660659455266066 -0.0140941261216441 -0.019428832274713131 0 -0.024922732694435248 0.0056980918044314544 0.011793281657341073 0.025729134798685171 -0.011314272825626982 -0.016632871834840413 -0.036198564747439051
leaf_weight=10.301772594451906 11.954189136624338 7.2823623120784751 8.1851703375577909 8.5948809981346113 35.700860157608986 10.426604107022284 33.000113189220428 10.28658649325371 9.5585568994283658 7.3168216347694388
leaf_count=42 48 30 33 35 145 42 133 42 39 30
internal_value=-0.000294909 0.00527175 0.013149 -0.00428488 0.000432995 -0.00144055 0.0211242 -0.0171841 -0.00786269 -0.0250604
internal_weight=152.608 115.144 63.5661 51.5781 42.9832 22.3808 41.1853 37.4637 19.8603 17.6034
internal_count=619 466 256 210 175 90 166 153 81 72
is_linear=0
shrinkage=0.03


Tree=11
num_leaves=9
num_cat=0
split_feature=19 16 17 36 17 5 12 3
split_gain=15.7419 9.58768 9.60106 7.85289 6.43435 6.22547 5.52013 1.80286
threshold=0.10020865917216475 26.405283192891634 -11.553720305737722 0.0076243293797604106 -2.3761209071670595 0.0036431100217864114 53.394335762995944 -0.02799125026354626
decision_type=2 2 2 2 2 2 2 2
left_child=5 2 -2 -4 -3 7 -7 -1
right_child=1 4 3 -5 -6 6 -8 -9
leaf_value=-0.0093826468840210991 -0.016487246252207391 0.0068854837790216601 0.0066744612834757971 0.027960390434409049 -0.022404769496033376 0.011897958531638133 -0.018240897802902736 -0.035049807338434047
leaf_weight=7.6054391562938717 9.1322515457868558 9.0498982220888156 60.669112831354141 21.627299547195435 14.669371619820593 9.0759233832359332 8.5346918851137143 12.168494552373884
leaf_count=31 37 37 245 87 60 37 35 50
internal_value=-0.00031791 0.0051045 0.00958347 0.012977 -0.0109797 -0.0168114 -0.00231412 -0.0276352
internal_weight=152.532 115.148 91.4287 82.2964 23.7193 37.3845 17.6106 19.7739
internal_count=619 466 369 332 97 153 72 81
is_linear=0
shrinkage=0.03


Tree=12
num_leaves=11
num_cat=0
split_feature=19 12 4 37 40 2 21 28 38 38
split_gain=14.967 9.30788 8.30383 4.68454 4.50126 4.45897 5.57525 2.15887 3.45123 1.70348
threshold=0.10020865917216475 51.49778588174005 -0.065374721705999325 -0.0014610797180495958 -0.017428521915275271 0.042631597318101074 0.018810009369203805 8.5000000000000018 0.0083525224806211395 0.0096157730104344096
decision_type=2 2 2 2 2 2 2 2 2 2
left_child=7 2 4 -4 -2 6 -3 8 -1 -9
right_child=1 5 3 -5 -6 -7 -8 9 -10 -11
leaf_value=0.0060867432073829966 0.014430514212992152 -0.019577256953557599 0.033888633726157219 0.01072553178028797 -0.011241609440296708 -0.020329085457927897 0.0059091170807735478 -0.031947370988070468 -0.016707788801293449 -0.0071700811537842093
leaf_weight=7.7837660908699062 7.4853900820016888 7.8434040695428839 14.180516272783278 27.035106182098389 14.897082626819609 10.028956219553946 33.662764370441437 10.190802305936815 12.014767631888388 7.305349498987197
leaf_count=32 30 32 57 109 60 41 137 42 49 30
internal_value=-0.000327768 0.0049531 0.012526 0.0202416 -0.00156142 -0.00423104 6.96131e-05 -0.0164345 -0.0073218 -0.0241681
internal_weight=152.428 115.133 63.5981 41.2156 22.3825 51.5351 41.5062 37.2947 19.7985 17.4962
internal_count=619 466 256 166 90 210 169 153 81 72
is_linear=0
shrinkage=0.03


Tree=13
num_leaves=9
num_cat=0
split_feature=19 36 34 40 34 5 19 2
split_gain=14.2379 9.09196 11.9382 11.8489 7.59661 5.90928 3.74812 0.312185
threshold=0.10020865917216475 0.0085586150258135565 0.0084672293851539866 0.077008709422972679 0.0038157787156543059 0.0036431100217864114 0.084010470313667623 -0.018116628756012994
decision_type=2 2 2 2 2 2 2 2
left_child=5 2 4 -4 -2 7 -7 -1
right_child=1 -3 3 -5 -6 6 -8 -9
leaf_value=-0.011999506554983152 -0.0021447684952846085 0.026173003212354152 0.017345086702414751 -0.018779259660460807 -0.030439520764540894 0.0096249240540237559 -0.015179981729503793 -0.032043792094428571
leaf_weight=7.7726271748542812 39.370094701647758 13.630429744720457 44.70134636759758 7.8083938509225836 9.584592863917349 9.0512827038764971 8.5224787145853025 11.863976180553435
leaf_count=32 159 55 181 32 39 37 35 49
internal_value=-0.000332479 0.00481303 0.00134815 0.0112062 -0.00895617 -0.0160642 -0.00195993 -0.0266456
internal_weight=152.305 115.095 101.464 52.5097 48.9547 37.2104 17.5738 19.6366
internal_count=619 466 411 213 198 153 72 81
is_linear=0
shrinkage=0.03


Tree=14
num_leaves=10
num_cat=0
split_feature=10 18 35 36 32 5 21 10 33
split_gain=8.27926 10.6876 7.9726 18.605 6.77213 6.04175 5.99507 4.14934 2.68521
threshold=-0.020178959371591639 0.22525739153826438 0.013356826289609993 0.0074235845784227919 0.0080728217369661088 -0.049002994637901025 0.016867570893107978 0.0033265898856633673 0.15554374940335122
decision_type=2 2 2 2 2 2 2 2 2
left_child=2 -2 3 -1 6 8 -3 -6 -4
right_child=1 4 5 -5 7 -7 -8 -9 -10
leaf_value=-0.029818427530067471 -0.034715121719808673 -0.016607007731136748 0.04286867955362407 0.021490716867397865 0.0021560803223526805 0.0012069276810783907 0.0066032295530456461 -0.021709053973812464 0.010753799162821487
leaf_weight=10.428997233510019 8.0471408665180189 9.7377228885889036 7.949865937232973 10.898204222321509 7.6078633815050152 11.150060191750525 60.667418763041496 18.289310082793236 7.4363295435905457
leaf_count=42 33 40 32 44 31 45 247 75 30
internal_value=-0.000351407 -0.00516839 0.00963559 -0.0033618 -0.00189077 0.0201107 0.00281581 -0.0145085 0.0312325
internal_weight=152.213 104.349 47.8635 21.3272 96.3023 26.5363 70.4051 25.8972 15.3862
internal_count=619 426 193 86 393 107 287 106 62
is_linear=0
shrinkage=0.03


Tree=15
num_leaves=9
num_cat=0
split_feature=20 37 20 28 10 2 16 20
split_gain=18.936 15.6832 10.1535 10.1335 9.47618 6.9881 3.62187 0.105585
threshold=0.039019198165735923 -0.0051777922061011497 0.024320180218079589 6.5000000000000009 0.0083619658329874298 -0.023511557178664929 -4.8602590945084225 0.022229519487337882
decision_type=2 2 2 2 2 2 2 2
left_child=1 3 7 -1 -4 -2 -5 -3
right_child=5 2 4 6 -6 -7 -8 -9
leaf_value=0.031519297030521615 0.0012613831934903204 -0.013972374921932046 0.0043727089309192422 -0.013459361317917154 -0.015464704145951488 0.0395628662587569 0.010487263393621852 -0.03213590626196712
leaf_weight=12.655534490942957 7.9497579187154797 9.3588309884071368 42.476844519376755 9.3700953274965304 39.298910215497017 10.69051970541477 9.1148817837238294 14.55281028151512
leaf_count=51 32 39 172 38 161 43 37 60
internal_value=-0.00104627 -0.00510976 -0.0106776 0.0128381 -0.00512309 0.0256597 -0.00104806 -0.0272329
internal_weight=155.468 136.828 105.687 31.1405 81.7758 18.6403 18.485 23.9116
internal_count=633 558 432 126 333 75 75 99
is_linear=0
shrinkage=0.03


Tree=16
num_leaves=12
num_cat=0
split_feature=37 28 10 21 26 10 26 0 7 37 33
split_gain=16.4026 11.9251 7.83552 8.93954 7.36934 2.99759 3.87219 2.86852 4.47267 3.05431 1.34857
threshold=-0.0043938986928843118 8.5000000000000018 0.0090603725268190178 0.025258367458129847 0.3096087456846951 -0.025229879537505714 0.20923431407302379 -0.0046809980687595445 0.03300810838668837 0.024686912247419149 0.27829169511659019
decision_type=2 2 2 2 2 2 2 2 2 2 2
left_child=1 5 3 4 -2 -1 -7 9 -9 -4 -3
right_child=2 10 7 -5 -6 6 -8 8 -10 -11 -12
leaf_value=0.038520553518920461 -0.014424176067442703 -0.013815792686555313 0.0048057002801903097 0.024248543042135088 0.0073083459879255677 0 0.02601989292324455 -0.032145841245253458 -0.0067227500637407657 -0.015790197254731096 0.0014357333876437377
leaf_weight=10.404022991657259 29.904645219445229 7.3918649256229383 10.4979275316 9.4555938392877561 22.418085038661957 8.6755410730838793 8.4577341526746732 15.437676697969438 14.571498319506643 10.446885034441946 7.6233000308275223
leaf_count=42 122 30 43 38 91 35 34 64 60 43 31
internal_value=-0.00100611 0.014346 -0.00708077 0 -0.00491033 0.0255639 0.0137079 -0.01555 -0.0214612 -0.00529433 -0.00593233
internal_weight=155.285 42.5525 112.732 61.7783 52.3227 27.5373 17.1333 50.954 30.0092 20.9448 15.0152
internal_count=633 172 461 251 213 111 69 210 124 86 61
is_linear=0
shrinkage=0.03


Tree=17
num_leaves=12
num_cat=0
split_feature=12 6 28 10 13 11 17 16 1 36 38
split_gain=9.25754 8.74462 8.69162 9.06942 6.59978 4.67745 3.41789 3.33797 2.79996 4.9258 1.60685
threshold=55.863505197104942 -0.0091162310424789377 8.5000000000000018 -0.027563065899508295 -2.1471770684500977 -0.045824198113720897 -2.885619194933017 -26.065546682147673 0.040733470878326912 0.0050722237368389655 0.0092596370726621951
decision_type=2 2 2 2 2 2 2 2 2 2 2
left_child=1 5 7 -4 10 -1 -7 -3 9 -6 -2
right_child=4 2 3 -5 8 6 -8 -9 -10 -11 -12
leaf_value=0.012912949927629397 -0.0035215962297148891 0.002320690172542102 0.01894854476378726 -0.017368802228527845 0 -0.0032257901723445987 -0.023441118517030964 0.026826431695371234 -0.0003953973442404703 -0.028714233628020697 0.013482798953085257
leaf_weight=8.4040103405714017 7.2826281338930112 8.3789650201797468 8.4414145052433032 12.937986373901365 7.5434965491294887 30.725682169198986 9.604987785220148 24.641234427690506 8.474765866994856 21.29718379676342 7.3585205078125
leaf_count=34 30 34 34 53 31 125 39 100 35 88 30
internal_value=-0.000966196 0.00412726 0.0122726 -0.00199344 -0.011133 -0.00479462 -0.0092746 0.021524 -0.0176568 -0.0218881 0.00471658
internal_weight=155.091 103.134 54.3996 21.3794 51.9566 48.7347 40.3307 33.0202 37.3154 28.8407 14.6411
internal_count=633 419 221 87 214 198 164 134 154 119 60
is_linear=0
shrinkage=0.03


Tree=18
num_leaves=8
num_cat=0
split_feature=20 23 20 31 10 26 16
split_gain=17.2001 8.75493 8.26418 8.0296 9.45247 4.99039 1.95938
threshold=0.039019198165735923 1.1537465692708155 0.024459190303318442 -3.4999999999999996 0.007432775810169657 0.44353369763205835 6.0690522832303637
decision_type=2 2 2 2 2 2 2
left_child=2 -2 5 -4 -5 6 -1
right_child=1 -3 3 4 -6 -7 -8
leaf_value=-0.032395568017847383 0.040398638069436769 0 -0.023070550779697871 0.011190548729002497 -0.0072553111612217334 0 -0.0077977367827617864
leaf_weight=13.506341233849531 10.422026827931406 8.1844592690467817 10.800629347562788 49.380528166890144 46.073637127876282 8.7298318147659284 7.8661646097898474
leaf_count=56 42 33 44 200 189 36 33
internal_value=-0.00094044 0.0245246 -0.00482795 -0.00063859 0.00216704 -0.0181872 -0.025426
internal_weight=154.964 18.6065 136.357 106.255 95.4542 30.1023 21.3725
internal_count=633 75 558 433 389 125 89
is_linear=0
shrinkage=0.03


Tree=19
num_leaves=9
num_cat=0
split_feature=20 37 20 23 10 37 12 4
split_gain=16.3753 14.0413 8.67574 8.33653 7.34179 5.54059 3.19446 0.867491
threshold=0.039019198165735923 -0.0043938986928843118 0.024320180218079589 1.1537465692708155 0.0083619658329874298 -0.036193486279955382 52.793559128037053 -0.003428199277242971
decision_type=2 2 2 2 2 2 2 2
left_child=1 5 7 -2 -4 -1 -7 -3
right_child=3 2 4 -5 -6 6 -8 -9
leaf_value=-0.0066665596748766405 0.039444230249899279 -0.010276538362600004 0.0034404270642184559 0 -0.014096658753747503 0.026764655679933184 0.0018157094884309402 -0.030827729672217009
leaf_weight=8.3805461525917035 10.4026455283165 8.1743703931570071 41.984270632266998 8.1844592690467817 38.779544830322266 15.056153282523157 8.6298744529485685 15.213739007711409
leaf_count=34 42 34 170 33 160 61 35 64
internal_value=-0.000920897 -0.00471824 -0.0101152 0.0239347 -0.0049361 0.0119355 0.0191078 -0.0256111
internal_weight=154.806 136.218 104.152 18.5871 80.7638 32.0666 23.686 23.3881
internal_count=633 558 428 75 330 130 96 98
is_linear=0
shrinkage=0.03


Tree=20
num_leaves=7
num_cat=0
split_feature=20 37 19 21 8 12
split_gain=13.9878 10.565 7.71993 6.26466 3.74542 2.50448
threshold=0.043571278013629595 0.056917854751801451 0.096545294878459573 0.020674223647196236 -0.022487627504583732 57.084166670480577
decision_type=2 2 2 2 2 2
left_child=1 2 4 -4 -1 -3
right_child=-2 5 3 -5 -6 -7
leaf_value=-0.029076044431320079 0.032369129029308656 -0.0095664606847151636 0.011479222460595006 -0.0031352829784397078 -0.0050892910295530129 -0.0371694041248763
leaf_weight=8.4730217903852481 8.1476960629224759 10.046368092298509 43.505372360348701 58.95809668302536 20.702051997184753 7.366554766893386
leaf_count=35 33 41 177 240 86 31
internal_value=-0.00159375 -0.0039536 -0.000776767 0.00302733 -0.0139551 -0.0246429
internal_weight=157.199 149.051 131.639 102.463 29.1751 17.4129
internal_count=643 610 538 417 121 72
is_linear=0
shrinkage=0.03


Tree=21
num_leaves=7
num_cat=0
split_feature=20 37 19 26 8 12
split_gain=13.3574 10.1148 7.34867 6.33792 3.58752 2.42065
threshold=0.043571278013629595 0.056917854751801451 0.096545294878459573 0.32120811287477963 -0.022487627504583732 57.084166670480577
decision_type=2 2 2 2 2 2
left_child=1 2 4 -4 -1 -3
right_child=-2 5 3 -5 -6 -7
leaf_value=-0.028484680430988233 0.03164794337619329 -0.009335121226294622 -0.0030023477272378084 0.01180185946141568 -0.0049541973868931681 -0.036537623546585789
leaf_weight=8.4316077083349246 8.1292115300893766 10.036191761493685 61.155709847807884 41.333551242947578 20.683392569422722 7.30463021993637
leaf_count=35 33 41 249 168 86 31
internal_value=-0.00156831 -0.00387589 -0.000768822 0.0029362 -0.0136435 -0.0241628
internal_weight=157.074 148.945 131.604 102.489 29.115 17.3408
internal_count=643 610 538 417 121 72
is_linear=0
shrinkage=0.03


Tree=22
num_leaves=7
num_cat=0
split_feature=20 37 40 37 25 12
split_gain=12.7598 9.68711 10.0388 9.00747 7.41354 2.34232
threshold=0.043571278013629595 0.056917854751801451 0.035913360362268561 -0.0043938986928843118 0.071147356580427465 57.084166670480577
decision_type=2 2 2 2 2 2
left_child=1 2 3 -1 -4 -3
right_child=-2 5 4 -5 -6 -7
leaf_value=0.004832387730585864 0.030954244255053564 -0.0091095526169754307 -0.0094570240386158601 -0.013611805262817503 0.019039275793586954 -0.035931699264111987
leaf_weight=37.458796307444572 8.1071978211402875 10.025845915079119 9.0132294297218305 56.16741456091404 28.917404428124428 7.2396824508905402
leaf_count=152 33 41 37 231 118 31
internal_value=-0.00154331 -0.00380009 -0.000760655 -0.0061289 0.0117577 -0.0236976
internal_weight=156.93 148.822 131.557 93.6262 37.9306 17.2655
internal_count=643 610 538 383 155 72
is_linear=0
shrinkage=0.03


Tree=23
num_leaves=11
num_cat=0
split_feature=18 36 28 36 17 40 4 28 24 40
split_gain=7.75161 13.8023 20.6376 6.49532 4.73589 5.41302 4.67881 3.03814 1.86427 1.56805
threshold=0.77898761823689278 0.0071638962918784792 8.5000000000000018 0.005142851287573272 -5.1587587869120624 0.035913360362268561 -0.032766204544421577 9.5000000000000018 0.53954451345755705 0.042637207193489186
decision_type=2 2 2 2 2 2 2 2 2 2
left_child=1 4 9 -2 7 -6 -4 -1 -5 -3
right_child=3 2 6 8 5 -7 -8 -9 -10 -11
leaf_value=-0.022645325271703116 0.0025538232097396889 0.037075769533573125 0.0050075485682693896 -0.03085714329507647 -0.0064229305117918904 0.012542775453289362 -0.02363504948762751 0 -0.0064084391112697332 0.013328061914165371
leaf_weight=16.184248030185703 11.158554732799532 17.345178633928303 7.6392970234155682 12.699263438582422 41.211512431502342 17.661902576684952 8.436476916074751 7.827158883213996 7.2377802431583396 9.3690786063671094
leaf_count=67 46 71 31 53 168 72 35 32 30 38
internal_value=-0.00150394 0.00176535 0.0153018 -0.0144784 -0.00524212 -0.000261686 -0.010146 -0.0159179 -0.0240587 0.0307779
internal_weight=156.77 125.675 42.79 31.0956 82.8848 58.8734 16.0758 24.0114 19.937 26.7143
internal_count=643 514 175 129 339 240 66 99 83 109
is_linear=0
shrinkage=0.03


Tree=24
num_leaves=8
num_cat=0
split_feature=20 23 37 40 35 25 40
split_gain=11.9774 11.4649 10.6526 9.02128 6.14997 5.61755 1.1571
threshold=0.039019198165735923 1.1291489925681815 0.056917854751801451 0.035913360362268561 0.059088980433051448 0.071147356580427465 0.0861992711441565
decision_type=2 2 2 2 2 2 2
left_child=2 -2 3 4 -1 -5 -4
right_child=1 -3 6 5 -6 -7 -8
leaf_value=-0.011017344339915925 0.038844950857878383 -0.0029734657636056793 -0.011733412634008683 -0.0080949360211724098 0.0081727632263919672 0.016949748824476168 -0.036141175102871979
leaf_weight=67.104649350047112 10.028972178697588 9.8739592581987363 8.9303815513849276 8.7427660673856717 16.714508414268494 27.970599845051765 7.2363298684358588
leaf_count=276 41 40 37 36 68 114 31
internal_value=-0.00146576 0.0190366 -0.00479044 -0.00140671 -0.00691455 0.0104882 -0.0262603
internal_weight=156.602 19.9029 136.699 120.533 83.8192 36.7134 16.1667
internal_count=643 81 562 494 344 150 68
is_linear=0
shrinkage=0.03


Tree=25
num_leaves=8
num_cat=0
split_feature=36 15 11 25 17 18 21
split_gain=6.94642 5.5041 9.46907 6.09101 5.24109 8.80589 4.72906
threshold=0.0075745090968123889 111.27834758269829 0.049261357142435742 0.46861045442605731 -0.63817866111558874 0.65369242344167156 0.024052293036176505
decision_type=2 2 2 2 2 2 2
left_child=1 2 3 -1 6 -6 -2
right_child=4 -3 -4 -5 5 -7 -8
leaf_value=-0.007521756743656129 -0.013038906054792854 -0.019495387583544788 0.022274126063593747 0.01163141554375029 0.035105228289069833 -0.00055605999495561477 0.014932790857475096
leaf_weight=72.25507265329361 10.12082475423813 12.981671065092085 12.753817692399023 16.353489100933075 12.900223881006243 9.2203911840915662 7.8456238955259314
leaf_count=297 42 54 52 67 53 38 32
internal_value=0.0011655 -0.00252266 0 -0.00364261 0.0116619 0.0208053 0
internal_weight=154.431 114.344 101.362 88.6086 40.0871 22.1206 17.9664
internal_count=635 470 416 364 165 91 74
is_linear=0
shrinkage=0.03


Tree=26
num_leaves=8
num_cat=0
split_feature=20 24 16 16 9 20 32
split_gain=7.08667 4.40622 6.12733 7.6376 6.1694 5.62514 4.48816
threshold=0.041030294620860185 -0.43952544271015603 26.143440548405284 16.683787899695616 0.036233028824364501 0.026040624822344618 -1.0000000180025095e-35
decision_type=2 2 2 2 2 2 2
left_child=1 5 3 -3 -4 -1 -7
right_child=-2 2 4 -5 -6 6 -8
leaf_value=-0.022867860395387778 0.021020400911218637 0.0015992767522670661 -0.027094222065815802 0.025212710005097363 0.0028296306432865413 0.010055536139692733 -0.013063344422505955
leaf_weight=14.247708573937414 12.690641865134237 66.566958874464035 9.2818211168050784 13.732045039534567 11.297001034021376 14.727938801050186 11.758600801229477
leaf_count=60 52 273 39 56 47 60 48
internal_value=0.00114513 -0.000799493 0.00246174 0.00633428 -0.0112073 -0.00896413 0
internal_weight=154.303 141.612 100.878 80.299 20.5788 40.7342 26.4865
internal_count=635 583 415 329 86 168 108
is_linear=0
shrinkage=0.03


Tree=27
num_leaves=11
num_cat=0
split_feature=19 39 35 18 32 35 34 16 16 11
split_gain=7.36021 8.00644 10.0305 8.0116 4.79036 4.49725 3.72431 2.76264 3.78513 2.12009
threshold=0.10055935913097001 1.0000000180025095e-35 0.048026981734366044 0.45426477541255311 -0.0020254652073750652 0.039027212967684639 0.011900313398034325 -11.05743962526803 8.1267798406556953 -0.010199220314531963
decision_type=2 2 2 2 2 2 2 2 2 2
left_child=5 6 3 -3 -4 7 -2 -1 -9 -7
right_child=1 2 4 -5 -6 9 -8 8 -10 -11
leaf_value=-0.013883425333874648 0.0065565280819267612 0.018195441045075072 0 -0.0015270170673134724 -0.026389955715215633 -0.0050289723119239507 0.034241425119490007 0.018506988312318454 -0.007676854878691154 -0.031672300386928309
leaf_weight=7.6720006763935098 12.178687125444414 29.653039902448654 12.213373497128488 41.100862950086594 12.431655615568159 7.1549424976110458 8.8742178678512555 8.2249115258455259 7.0839705914258966 7.6198463439941388
leaf_count=32 50 120 50 170 51 30 36 34 30 32
internal_value=0.0011131 0.0049335 0.000914489 0.00680548 -0.0146765 -0.00994845 0.0208352 -0.000591833 0.00603713 -0.0218019
internal_weight=154.208 116.452 95.3989 70.7539 24.645 37.7557 21.0529 22.9809 15.3089 14.7748
internal_count=635 477 391 290 101 158 86 96 64 62
is_linear=0
shrinkage=0.03


Tree=28
num_leaves=6
num_cat=0
split_feature=20 11 11 24 38
split_gain=6.62468 5.33381 10.0119 5.22115 2.84141
threshold=0.041030294620860185 0.082803575088755257 0.049261357142435742 0.69338199513382015 0.0092596370726621951
decision_type=2 2 2 2 2
left_child=1 2 3 -1 -4
right_child=-2 -3 4 -5 -6
leaf_value=-0.00026451819193711707 0.020310504544701839 -0.021071701617134227 0.029409738448821825 -0.020712800126518924 0.0040463046933103281
leaf_weight=102.11818718910217 12.655128881335257 8.863747686147688 10.281468629837038 10.873808264732359 9.2921692728996259
leaf_count=421 52 37 42 45 38
internal_value=0.00106627 -0.00081033 0.000725985 -0.00268883 0.0195556
internal_weight=154.085 141.429 132.566 112.992 19.5736
internal_count=635 583 546 466 80
is_linear=0
shrinkage=0.03


Tree=29
num_leaves=9
num_cat=0
split_feature=19 40 40 40 15 16 32 12
split_gain=6.94552 7.74485 8.71627 6.64704 6.64472 4.0075 3.84867 0.993908
threshold=0.10055935913097001 -0.048920093163436144 0.018107584634312616 0.072860437626275157 -5.723694848174171 -6.9817840922501206 -0.0029873456129078098 52.793559128037053
decision_type=2 2 2 2 2 2 2 2
left_child=5 -2 4 -4 -3 -1 -7 -8
right_child=1 2 3 -5 -6 6 7 -9
leaf_value=-0.020751684314682148 0.027531820247451273 -0.01625922362662412 0.015384124710361621 -0.0066814381359420567 0.0053481960991479853 0.01326285982446705 0 -0.016890473121326355
leaf_weight=15.050774678587912 10.170710906386374 28.080614537000656 44.155446216464043 14.352752476930617 19.588355407118797 8.1677949130535126 7.411435604095459 7.047628253698349
leaf_count=63 42 115 180 60 80 34 31 30
internal_value=0.00103611 0.00475086 0.00196134 0.00968135 -0.00722038 -0.00971818 -0.000680639 -0.0101231
internal_weight=154.026 116.348 106.177 58.5082 47.669 37.6776 22.6269 14.4591
internal_count=635 477 435 240 195 158 95 61
is_linear=0
shrinkage=0.03


Tree=30
num_leaves=10
num_cat=0
split_feature=20 23 37 34 11 19 20 25 25
split_gain=8.9559 10.2067 10.0619 9.05169 5.53551 5.17819 10.4997 3.3936 2.88029
threshold=0.039019198165735923 1.1291489925681815 0.026648636712105937 0.011641043650135631 -0.00049405475286834466 0.14820138347820785 0.026085215176781012 0.26020833333333343 0.1676356589147287
decision_type=2 2 2 2 2 2 2 2 2
left_child=2 -2 3 4 -1 6 -4 -5 -7
right_child=1 -3 5 7 -6 8 -8 -9 -10
leaf_value=0.0067295808827704815 0.036700656783768756 -0.0034821147076234127 -0.020582192865259485 0.0055886264846139524 -0.01331256422689959 -0.0046094566656705773 0.010625499948325959 0.027137870075168498 -0.03104028901864829
leaf_weight=22.691856622695923 10.678510755300524 8.6226467043161374 15.482016474008558 16.46217925846577 22.189367920160294 8.1209721714258212 19.40890409052372 14.941031649708746 12.263737440109251
leaf_count=93 44 35 66 68 91 34 79 61 51
internal_value=0.00129951 0.0194037 -0.00149502 0.00539143 -0.00300454 -0.0111171 -0.00318067 0.0173014 -0.0225334
internal_weight=150.861 19.3012 131.56 76.2844 44.8812 55.2756 34.8909 31.4032 20.3847
internal_count=622 79 543 313 184 230 145 129 85
is_linear=0
shrinkage=0.03


Tree=31
num_leaves=10
num_cat=0
split_feature=36 15 34 40 34 36 4 21 17
split_gain=8.21356 7.26683 6.08959 9.763 6.30518 4.80106 3.83942 3.22182 2.31086
threshold=0.0075528760355793477 30.10562667121086 0.0084672293851539866 0.076415355734515203 0.0029827539570029819 0.0063726376729655249 -0.04731230106211725 0.024344985721853628 -4.1220970528206697
decision_type=2 2 2 2 2 2 2 2 2
left_child=2 7 4 5 6 -4 -1 -2 -3
right_child=1 8 3 -5 -6 -7 -8 -9 -10
leaf_value=-0.015602011437666298 0.0084974758492017046 0.0066382886984909639 0.014201702947311341 -0.023081298830339672 -0.028649082488970794 -0.0059617389211681733 0.0024533574181579932 0.033157452345722552 -0.013497201381908063
leaf_weight=14.08379617333412 13.596590027213098 8.3260398507118207 37.429643422365189 8.1517078280448896 11.073772490024565 12.054570555686949 26.900778979063034 11.528212815523146 7.5502482652664176
leaf_count=57 56 34 154 35 46 50 111 48 31
internal_value=0.00126405 0.0124587 -0.00293411 0.00355262 -0.010259 0.00895767 -0.00383942 0.0219759 -0.00253713
internal_weight=150.695 41.0011 109.694 57.6359 52.0583 49.4842 40.9846 25.1248 15.8763
internal_count=622 169 453 239 214 204 168 104 65
is_linear=0
shrinkage=0.03


Tree=32
num_leaves=7
num_cat=0
split_feature=20 23 33 36 19 19
split_gain=8.3625 9.597 5.50958 5.9305 10.2096 7.94989
threshold=0.039019198165735923 1.1291489925681815 0.92506382643707907 0.0071220746004734565 0.10213058225334189 0.12408921937972342
decision_type=2 2 2 2 2 2
left_child=2 -2 3 5 -5 -1
right_child=1 -3 -4 4 -6 -7
leaf_value=0.0048140594719861957 0.035619313243970448 -0.0033782529610873664 -0.019713533880048227 -0.016648376675177431 0.017005607739567313 -0.013715354474801896
leaf_weight=39.53664368391037 10.592137679457666 8.6084607541561109 11.451036512851713 8.3807017505168897 33.264653727412224 38.751895174384117
leaf_count=164 44 35 48 35 136 160
internal_value=0.00121523 0.0187582 -0.00147887 0.000433909 0.00943686 -0.00428413
internal_weight=150.586 19.2006 131.385 119.934 41.6454 78.2885
internal_count=622 79 543 495 171 324
is_linear=0
shrinkage=0.03


Tree=33
num_leaves=9
num_cat=0
split_feature=20 37 34 28 11 11 21 19
split_gain=7.96013 9.35534 8.36942 7.05277 5.38504 5.21251 5.09439 8.27948
threshold=0.039019198165735923 0.026648636712105937 0.011641043650135631 7.5000000000000009 -0.0040914558919418744 -0.00049405475286834466 0.017004632925776666 0.14820138347820785
decision_type=2 2 2 2 2 2 2 2
left_child=1 2 5 -4 -2 -1 -3 -8
right_child=4 6 3 -5 -6 -7 7 -9
leaf_value=0.0065358073316572757 0.0024209589745302911 -0.029782545575491693 0.029900063728405469 0.0011195724965953515 0.03490974998285893 -0.012921867516265857 0.0043995338639000389 -0.02013958736551838
leaf_weight=22.6894820779562 11.404232665896417 8.82526947557926 15.412862226366999 16.011959135532379 7.734267145395278 22.123094707727432 27.356345131993294 18.868821606040001
leaf_count=93 47 38 63 66 32 91 113 79
internal_value=0.00117561 -0.00144858 0.00518245 0.0166287 0.0183207 -0.00289131 -0.0107543 -0.00572596
internal_weight=150.426 131.288 76.2374 31.4248 19.1385 44.8126 55.0504 46.2252
internal_count=622 543 313 129 79 184 230 192
is_linear=0
shrinkage=0.03


Tree=34
num_leaves=11
num_cat=0
split_feature=37 21 36 40 36 28 35 36 35 4
split_gain=7.49806 8.75558 5.24483 6.52704 5.79933 4.66317 4.18457 3.09056 4.41991 1.25351
threshold=-0.0043938986928843118 0.017941885498695496 0.005159720709247047 0.016764781094801843 0.0071220746004734565 8.5000000000000018 0.020665126580304064 0.0075528760355793477 0.019127387844634084 -0.010136273599250399
decision_type=2 2 2 2 2 2 2 2 2 2
left_child=5 6 3 -3 -4 7 -2 8 -1 -8
right_child=1 2 4 -5 -6 -7 9 -9 -10 -11
leaf_value=-0.0070513880747500686 0 -0.008632803130675255 -0.012124273015258398 0.021484218740230654 0.0059457211689389836 -0.0010323957632575576 -0.010001049872337355 0.030952587921623857 0.02080024002277989 -0.034941773778562807
leaf_weight=7.4136006087064805 8.842180013656618 7.2732667028903988 30.086811438202858 18.695189610123634 28.950879618525505 14.176901787519453 7.5505348592996588 10.46206074953079 8.5879588574171049 8.2220768332481367
leaf_count=30 37 30 125 77 119 58 32 44 35 35
internal_value=0.00115366 -0.002842 0.00166151 0.0124986 -0.0031129 0.0119109 -0.0179144 0.018957 0.00771339 -0.0263154
internal_weight=150.261 109.621 85.0061 25.9685 59.0377 40.6405 24.6148 26.4636 16.0016 15.7726
internal_count=622 455 351 107 244 167 104 109 65 67
is_linear=0
shrinkage=0.03


Tree=35
num_leaves=11
num_cat=0
split_feature=19 16 20 17 20 2 35 22 20 16
split_gain=11.5712 11.6424 5.22949 4.80492 4.63486 6.63672 2.44468 2.96357 1.03558 0.0069903
threshold=0.10361568954927293 26.405283192891634 0.031056522140610488 4.5434384714345315 0.02426114320643594 -0.017630056646783184 0.027902596173809194 -0.024167907798598395 0.026008919921795857 -4.8602590945084225
decision_type=2 2 2 2 2 2 2 2 2 2
left_child=3 4 8 6 -2 -6 7 -1 -3 -8
right_child=1 2 -4 -5 5 -7 9 -9 -10 -11
leaf_value=0.0029117165323049926 -0.0087712727324760469 -0.0080309487748747369 0.0044404683971666116 0.004589433761661146 8.3629062720328478e-05 0.018316604659395632 -0.032966034469195722 -0.019714321648118826 -0.030502674045980935 -0.013696360762593703
leaf_weight=8.8811484128236788 8.9042323976755124 7.4129859656095531 7.7879193872213355 8.1698291897773725 30.134740099310875 49.671896249055862 8.6743472367525083 7.2176993042230597 8.1548747867345792 8.7330889701843279
leaf_count=37 37 32 32 34 123 204 37 31 34 37
internal_value=-0.000582019 0.00435372 -0.0134834 -0.0137892 0.00940898 0.0117856 -0.018699 -0.00746113 -0.0227885 -0.0264793
internal_weight=153.743 112.067 23.3558 41.6761 88.7109 79.8066 33.5063 16.0988 15.5679 17.4074
internal_count=638 462 98 176 364 327 142 68 66 74
is_linear=0
shrinkage=0.03


Tree=36
num_leaves=11
num_cat=0
split_feature=19 12 36 34 17 0 22 22 23 9
split_gain=10.9951 9.70748 8.6787 7.83337 4.61359 4.53153 3.33642 5.32729 2.74924 2.13242
threshold=0.10361568954927293 64.862599696639819 0.0071638962918784792 0.0096596483548980778 4.5434384714345315 0.0086378981670292027 0.082196188692204811 -0.15672181038148156 1.1247939945834655 -0.020135064265573575
decision_type=2 2 2 2 2 2 2 2 2 2
left_child=4 2 3 -2 8 -4 7 -3 9 -1
right_child=1 6 5 -5 -6 -7 -8 -9 -10 -11
leaf_value=-0.0096211719817149311 -0.0086803778268313651 -0.017509583132976559 0.029672353604424904 0.01292793815188633 0.0044758753613368335 0.00466507338547076 -0.025079552114035793 0.014038703841557467 -0.00027585343456492588 -0.031379222971361427
leaf_weight=12.550784483551977 29.884418815374374 7.8304549157619476 19.083423525094986 26.389244616031647 8.1764339655637723 13.011590555310248 8.5221823751926404 7.2548255473375338 7.6715645492076865 13.158387973904611
leaf_count=53 122 33 79 108 34 54 36 30 33 56
internal_value=-0.000597917 0.00420946 0.00886226 0.00129125 -0.0134943 0.0208425 -0.0119533 -0.0015921 -0.0183242 -0.0227598
internal_weight=153.533 111.976 88.3687 56.2737 41.5572 32.095 23.6075 15.0853 33.3807 25.7092
internal_count=638 462 363 230 176 133 99 63 142 109
is_linear=0
shrinkage=0.03


Tree=37
num_leaves=10
num_cat=0
split_feature=19 39 16 2 17 17 38 16 16
split_gain=10.4519 12.3406 5.33756 5.05673 4.42168 4.06074 3.70028 1.857 1.81814
threshold=0.10361568954927293 1.0000000180025095e-35 26.405283192891634 0.029002327749776628 4.5434384714345315 10.57256361629865 0.010926169668663256 -5.2252619386884076 10.348979110439727
decision_type=2 2 2 2 2 2 2 2 2
left_child=4 6 5 -4 7 -3 -2 -1 -9
right_child=1 2 3 -5 -6 -7 -8 8 -10
leaf_value=-0.026144024895639537 0.036684373876491393 0 -0.0012877523283602288 -0.030743349318744648 0.0043652152866538209 0.02083573298335405 0.0093109204987464056 0 -0.018092309199532055
leaf_weight=14.72723615169525 9.0442324578762072 58.211716890335083 15.305520176887514 7.2282904684543601 8.1828016042709333 8.010176479816435 14.076526463031767 10.709545701742174 7.8195677995681754
leaf_count=63 37 238 64 31 34 33 59 45 34
internal_value=-0.000591568 0.00409188 -0.00097921 -0.0130837 -0.0131874 0.00318263 0.0226839 -0.0179343 -0.00876714
internal_weight=153.316 111.876 88.7557 22.5338 41.4392 66.2219 23.1208 33.2563 18.5291
internal_count=638 462 366 95 176 271 96 142 79
is_linear=0
shrinkage=0.03


Tree=38
num_leaves=11
num_cat=0
split_feature=10 35 36 11 25 32 5 6 6 35
split_gain=7.91297 9.75876 15.964 5.91888 5.89137 7.01772 5.11844 8.35266 6.11904 0.364175
threshold=-0.022328610135099399 -0.0014081143326124532 0.0077766786520461926 -0.034076963555129729 0.41060765718299969 -0.0026496003936905539 0.025536291283348448 0.016951659651530619 0.026313639650075285 0.048026981734366044
decision_type=2 2 2 2 2 2 2 2 2 2
left_child=1 2 -1 -3 6 -6 7 -2 -8 -5
right_child=4 3 -4 9 5 -7 8 -9 -10 -11
leaf_value=-0.030722503037148144 -0.021568571875092295 0 0.019413331563263681 0.037955209420535811 0.025675976287610137 -0.0055615401446141664 0.0053449404264950852 0.0080696565217252755 -0.021294422282231409 0.015058154893340094
leaf_weight=9.607742518186571 36.733962014317513 9.2686237096786517 9.0943338274955732 8.8519990295171755 9.185113340616228 12.731320410966871 32.120159491896629 8.994549557566641 8.0082451254129392 8.4903905987739545
leaf_count=39 155 38 39 36 38 53 134 37 34 35
internal_value=-0.000572841 0.00958221 -0.00609798 0.0207824 -0.00507595 0.00795519 -0.00867847 -0.0153308 -0.000373847 0.030237
internal_weight=153.086 45.3131 18.7021 26.611 107.773 21.9164 85.8569 45.7285 40.1284 17.3424
internal_count=638 187 78 109 451 91 360 192 168 71
is_linear=0
shrinkage=0.03


Tree=39
num_leaves=11
num_cat=0
split_feature=19 16 36 14 36 17 2 25 23 22
split_gain=9.812 10.2857 6.27188 7.01447 5.29659 4.17922 4.13658 3.27688 2.6827 1.53633
threshold=0.10361568954927293 26.405283192891634 0.0071638962918784792 54.174759867216387 0.0068094986502908574 4.5434384714345315 0.029002327749776628 0.24561885571227945 1.1247939945834655 -0.046810922058593211
decision_type=2 2 2 2 2 2 2 2 2 2
left_child=5 2 4 -4 -2 8 7 -3 9 -1
right_child=1 6 3 -5 -6 -7 -8 -9 -10 -11
leaf_value=-0.0093199342534641336 0.0065323108935683091 -0.014606374598152422 0.026887898648351932 -0.0038193717713856049 -0.016694060480877303 0.0042416517443256254 -0.028418116850804569 0.0097282970630494757 0 -0.029107546232315703
leaf_weight=11.825271070003508 49.108042895793915 7.80418708920479 23.47544485330582 7.3773086369037619 8.5153697580099088 8.1855393946170789 7.6509801596403113 7.736209824681282 7.6188563257455817 13.61532047390938
leaf_count=50 201 33 98 30 35 34 33 32 33 59
internal_value=-0.000533576 0.00400049 0.00875894 0.0193033 0.00240358 -0.0127733 -0.0128119 -0.00190913 -0.0174158 -0.0218062
internal_weight=152.913 111.668 88.4762 30.8528 57.6234 41.245 23.1914 15.5404 33.0594 25.4406
internal_count=638 462 364 128 236 176 98 65 142 109
is_linear=0
shrinkage=0.03


Tree=40
num_leaves=11
num_cat=0
split_feature=37 10 13 5 25 18 8 35 34 11
split_gain=7.85197 6.58536 7.27275 5.48856 5.10491 4.73167 8.01889 4.71572 3.94886 1.79099
threshold=-0.0043938986928843118 0.0090603725268190178 -1.2681808533183199 0.031753204865814129 0.44529914529914533 0.15672300211618356 -0.011665894567982506 0.04592387748776517 0.013821019345783616 0.040497126117630795
decision_type=2 2 2 2 2 2 2 2 2 2
left_child=5 4 3 -3 7 -1 -7 -2 -8 -4
right_child=1 2 9 -5 -6 6 8 -9 -10 -11
leaf_value=-0.0053684522476033962 0.011246397945994215 -0.018136580341515621 -0.027692169172147542 0.01085373958949273 -0.0148134402332433 0.034241234638623656 -0.0069141118075785653 -0.008183862584579522 0.017240746498802386 -0.0052241682922938839
leaf_weight=10.868502631783484 37.418663427233696 7.2906378060579327 19.331418380141262 13.989997223019598 11.491332203149794 11.116728693246843 12.124757155776026 13.1786572933197 8.3246748447418195 7.1471960395574561
leaf_count=45 154 31 84 58 47 47 50 55 34 30
internal_value=-0.000543224 -0.00486557 -0.0130317 0 0.00139252 0.0100236 0.0157742 0.00578162 0.00291076 -0.022947
internal_weight=152.283 109.848 47.7592 21.2806 62.0887 42.4347 31.5662 50.5973 20.4494 26.4786
internal_count=635 459 203 89 256 176 131 209 84 114
is_linear=0
shrinkage=0.03


Tree=41
num_leaves=7
num_cat=0
split_feature=16 19 11 19 36 0
split_gain=10.5775 8.18987 6.96793 5.94311 6.80365 6.48629
threshold=27.642452082234879 0.17959802327730587 -0.066247393293188725 0.10620125234758739 0.0071938752021442577 0.0045333729363929995
decision_type=2 2 2 2 2 2
left_child=2 -2 -1 5 -5 -4
right_child=1 -3 3 4 -6 -7
leaf_value=0.023745467079704867 -0.031403720701056792 0 -0.019056758332700922 -0.0011054041611064218 0.016622528685039141 0.0056382835009801359
leaf_weight=11.168060272932051 13.969681292772295 12.370875522494314 21.514856204390526 51.59089732170105 27.819963350892067 13.653794318437575
leaf_count=46 61 52 92 211 116 57
internal_value=-0.000538754 -0.0171939 0.00304717 0.000528285 0.00517675 -0.00927815
internal_weight=152.088 26.3406 125.748 114.58 79.4109 35.1687
internal_count=635 113 522 476 327 149
is_linear=0
shrinkage=0.03


Tree=42
num_leaves=7
num_cat=0
split_feature=16 19 11 2 28 23
split_gain=10.0576 7.86886 6.61927 6.4233 6.39153 5.55616
threshold=27.642452082234879 0.17959802327730587 -0.066247393293188725 -0.004772239887163964 8.5000000000000018 1.1537465692708155
decision_type=2 2 2 2 2 2
left_child=2 -2 -1 5 -5 -4
right_child=1 -3 3 4 -6 -7
leaf_value=0.023146345958269858 -0.030813148613982315 0 0 0.014604879108311319 -0.0052932807471312467 -0.019574808767605596
leaf_weight=11.165225386619566 13.850446879863741 12.370875522494314 39.001177281141281 37.923707246780396 20.145811006426811 17.385133177042007
leaf_count=46 61 52 163 158 83 72
internal_value=-0.000520372 -0.0168022 0.0029707 0.00051004 0.00750559 -0.00644774
internal_weight=151.842 26.2213 125.621 114.456 58.0695 56.3863
internal_count=635 113 522 476 241 235
is_linear=0
shrinkage=0.03


Tree=43
num_leaves=9
num_cat=0
split_feature=33 36 13 23 35 11 38 21
split_gain=7.57858 7.36122 5.35422 5.16649 6.65884 3.77452 2.66199 2.55964
threshold=0.92506382643707907 0.0071638962918784792 2.1582678132690636 1.0497608157730178 0.04845855219862983 -0.0069542960729194738 0.012873870943676268 0.021216958385870257
decision_type=2 2 2 2 2 2 2 2
left_child=1 3 6 4 -1 -5 -3 -4
right_child=-2 2 7 5 -6 -7 -8 -9
leaf_value=0.0098560179456275085 -0.023064888881395011 0.021624651716550435 -0.013937724439202397 -0.020038998162390163 -0.010498382530899341 0 0 0.0077758150475736301
leaf_weight=35.999337643384933 10.407896891236303 25.386490032076836 7.8897978663444501 20.264904588460922 21.018753990530968 16.070520147681236 7.6153925955295554 7.0314866751432419
leaf_count=150 45 105 33 84 88 67 33 30
internal_value=-0.000509362 0.00134639 0.0107373 -0.00344124 0.00199706 -0.0120254 0.0172463 -0.00310934
internal_weight=151.685 141.277 47.9232 93.3535 57.0181 36.3354 33.0019 14.9213
internal_count=635 590 201 389 238 151 138 63
is_linear=0
shrinkage=0.03


Tree=44
num_leaves=13
num_cat=0
split_feature=37 10 13 26 28 13 21 34 13 17 26 34
split_gain=7.14578 6.08159 6.63686 4.8875 4.74569 4.64927 3.92587 3.48697 3.0372 1.87466 1.08793 0.957899
threshold=-0.0043938986928843118 0.0090603725268190178 -1.2681808533183199 0.3096087456846951 8.5000000000000018 -2.0019181792723617 0.022052026114128539 0.010103050245114488 1.4558403296152422 6.2421208481278301 0.20717168011738815 0.0074667888597346197
decision_type=2 2 2 2 2 2 2 2 2 2 2 2
left_child=4 3 7 6 8 -5 -2 -3 10 -4 -1 -6
right_child=1 2 9 5 11 -7 -8 -9 -10 -11 -12 -13
leaf_value=0.0090333838050370083 -0.012002580721053542 -0.014769449973951172 -0.027031527545295024 -0.0045240835537376052 -0.0098836173051612998 0.019492406999348236 0.0080230563175773505 0.0084613362939714495 0.0020323078943601277 -0.0047139678247836376 0.03195138216736404 0.0029915349701138297
leaf_weight=7.6743662506341996 24.928575411438942 7.0806231200695064 18.814523175358776 9.2349579632282275 7.4778627008199674 17.262990236282349 10.523586496710776 14.166946098208426 10.740647017955778 7.3319720327854148 8.8361771702766401 7.4999821782112122
leaf_count=32 104 30 82 38 31 71 43 59 45 32 37 31
internal_value=-0.000506479 -0.00464363 -0.0125311 0.00135917 0.00959234 0.0108658 -0.00554667 0 0.0167349 -0.0220858 0.0242361 -0.0029601
internal_weight=151.573 109.344 47.3941 61.9501 42.229 26.4979 35.4522 21.2476 27.2512 26.1465 16.5105 14.9778
internal_count=635 459 203 256 176 109 147 89 114 114 69 62
is_linear=0
shrinkage=0.03


Tree=45
num_leaves=8
num_cat=0
split_feature=21 37 8 21 18 8 15
split_gain=9.03371 6.25852 6.11302 7.11664 3.73545 4.35547 0.981537
threshold=0.035535476260591996 -0.0043938986928843118 -0.050881227910349477 0.017941885498695496 0.18117771710058236 -0.006893166928189383 -4.7443955973588379
decision_type=2 2 2 2 2 2 2
left_child=1 4 -3 -4 -1 -6 -2
right_child=6 2 3 -5 5 -7 -8
leaf_value=-0.0044709592362308093 0.0072706917695530126 0.011465242391903316 -0.023778453312685209 -0.0035768833332136696 0.026814175228101339 0.0019590437302797973 0.029195087645305463
leaf_weight=12.176504164934157 7.3304196894168854 13.239448934793471 20.162507802248001 65.91220298409462 11.248626932501793 15.632683038711548 7.5222695618867856
leaf_count=51 31 54 87 278 47 64 31
internal_value=0.000593163 -0.00180783 -0.0058746 -0.0089118 0.00795005 0.0140158 0.0214115
internal_weight=153.225 138.372 99.3142 86.0747 39.0578 26.8813 14.8527
internal_count=643 581 419 365 162 111 62
is_linear=0
shrinkage=0.03


Tree=46
num_leaves=7
num_cat=0
split_feature=21 40 34 34 19 34
split_gain=8.62323 6.2714 7.67858 8.90746 6.75924 1.8704
threshold=0.035535476260591996 0.080457215747953184 0.0084672293851539866 -0.024737071323606082 0.10620125234758739 0.0038157787156543059
decision_type=2 2 2 2 2 2
left_child=1 2 3 -1 -4 -2
right_child=5 -3 4 -5 -6 -7
leaf_value=0.0075605049396858647 0.030518887143680611 -0.020999416540727563 -0.0049274280849879327 -0.014675090451997339 0.015055112414330074 0.0052048965558869498
leaf_weight=22.91653710603714 7.4659227877855283 11.757681638002394 21.365841507911682 42.627959340810776 39.53678135573864 7.3701327443122864
leaf_count=96 32 52 91 178 164 30
internal_value=0.000596142 -0.00174911 0.000223202 -0.00668504 0.0078726 0.0209467
internal_weight=153.041 138.205 126.447 65.5445 60.9026 14.8361
internal_count=643 581 529 274 255 62
is_linear=0
shrinkage=0.03


Tree=47
num_leaves=7
num_cat=0
split_feature=21 40 24 21 40 15
split_gain=8.25393 5.98363 4.97039 4.48759 3.65641 0.991793
threshold=0.035535476260591996 0.080457215747953184 0.29812115069774697 0.01756042607504885 0.029552630041328468 -4.7443955973588379
decision_type=2 2 2 2 2 2
left_child=1 2 3 -1 -4 -2
right_child=5 -3 4 -5 -6 -7
leaf_value=-0.0074319637809514135 0.0066452838399445142 -0.02055731917472612 -0.015777964540123594 0.0076892218332010771 0.0029169447546747995 0.028202692830172453
leaf_weight=20.670901253819466 7.2965285927057266 11.69420078396797 22.671783939003944 70.592323809862137 12.431065380573271 7.4995797127485258
leaf_count=88 31 52 95 294 52 31
internal_value=0.000585633 -0.00170643 0.000214334 0.00401754 -0.00895284 0.0205221
internal_weight=152.856 138.06 126.366 91.2632 35.1028 14.7961
internal_count=643 581 529 382 147 62
is_linear=0
shrinkage=0.03


Tree=48
num_leaves=10
num_cat=0
split_feature=21 37 20 16 34 34 34 35 34
split_gain=7.89605 5.80582 6.35391 5.73478 4.99292 6.14754 1.87267 1.56205 1.54057
threshold=0.035535476260591996 -0.0043938986928843118 0.02522788772328283 28.84398471804538 0.0084672293851539866 -0.025440079092487352 0.0038157787156543059 0.056294619725414836 0.0033862353912327285
decision_type=2 2 2 2 2 2 2 2 2
left_child=1 4 8 -4 5 -1 -2 -6 -3
right_child=6 2 3 -5 7 -7 -8 -9 -10
leaf_value=0.010371415991172498 0.029615320936683186 -0.002607594549376657 0.0036982363809767993 -0.01793054282589579 0.026893259724611474 -0.019385701320077914 0.004620626581667996 0.0050580276229388616 -0.020525764234856216
leaf_weight=12.999170377850534 7.4077378511428815 8.5372317582368868 56.671132981777191 11.563270792365072 9.1077693104743975 8.5611875802278501 7.367862656712532 8.3217777162790281 22.209710478782654
leaf_count=55 32 36 234 50 37 35 30 35 99
internal_value=0.000568932 -0.00167076 -0.0056012 -0.000159709 0.00772772 -0.00145046 0.0200827 0.0188338 -0.0164718
internal_weight=152.747 137.971 98.9813 68.2344 38.9899 21.5604 14.7756 17.4295 30.7469
internal_count=643 581 419 284 162 90 62 72 135
is_linear=0
shrinkage=0.03


Tree=49
num_leaves=11
num_cat=0
split_feature=37 20 28 31 24 32 37 34 32 13
split_gain=7.44635 8.5876 6.70741 4.7489 3.98063 3.63862 3.18432 2.88673 2.61139 2.04592
threshold=-0.0025631238642828675 0.02522788772328283 8.5000000000000018 -3.4999999999999996 0.20881782945736438 0.0082599775758009936 -0.040488264814745094 0.0074667888597346197 -0.0025457075576466033 1.4558403296152422
decision_type=2 2 2 2 2 2 2 2 2 2
left_child=2 5 6 -3 -5 8 -1 -4 -2 -8
right_child=1 3 7 4 -6 -7 9 -9 -10 -11
leaf_value=0.0002690759214593181 -0.018540084214412417 -0.018298038476002216 -0.015306167521732758 0.0098238532433718006 -0.0046904179664971016 -0.032068221334649261 0.030943307716225662 0.0066108828067480011 0.0002565687472351669 0.0073013286732749169
leaf_weight=8.2842846512794512 9.1685650348663348 7.2970189005136481 8.4002123177051562 43.177534505724907 24.142071604728699 8.5633916407823545 13.761742636561396 8.4860231131315214 12.635009646415712 8.5946908593177778
leaf_count=36 41 30 35 179 101 38 57 35 55 36
internal_value=0.000563069 -0.00379476 0.0102566 0.00158038 0.00441722 -0.0167473 0.0183159 -0.00396403 -0.00791105 0.0238161
internal_weight=152.511 104.984 47.527 74.6166 67.3196 30.367 30.6407 16.8862 21.8036 22.3564
internal_count=643 444 199 310 280 134 129 70 96 93
is_linear=0
shrinkage=0.03


end of trees

feature_importances:
atr_pct=29
bb_bandwidth=28
macro_topix_ret_20=27
ma_5_20_cross=23
macd_hist=23
macro_usdjpy_vol_20=22
volatility=20
macro_usdjpy_ret_20=19
macro_nikkei_ret_20=19
month=18
ma_20_60_cross=17
macro_usdjpy_ret_60=17
macd_hist_change=16
rsi=13
return_20d=11
rsi_change=11
vol_ratio=10
upper_shadow_pct=10
macro_topix_vol_20=10
gap=9
return_3d=8
return_10d=8
div_ma_20=7
lower_shadow_pct=7
bb_pct_b=6
candle_body_pct=6
macd_signal=5
vol_change=5
return_5d=4
div_ma_5=4
div_ma_10=4
price_position_20d=4
return_1d=3
return_2d=2
div_ma_60=2
streak=2
macro_topix_above_200dma=2
macro_nikkei_above_200dma=2
macd=1

parameters:
[boosting: gbdt]
[objective: binary]
[metric: binary_logloss]
[tree_learner: serial]
[device_type: cpu]
[data_sample_strategy: bagging]
[data: ]
[valid: ]
[num_iterations: 50]
[learning_rate: 0.03]
[num_leaves: 15]
[num_threads: 0]
[seed: 42]
[deterministic: 0]
[force_col_wise: 0]
[force_row_wise: 0]
[histogram_pool_size: -1]
[max_depth: 4]
[min_data_in_leaf: 30]
[min_sum_hessian_in_leaf: 0.001]
[bagging_fraction: 0.7]
[pos_bagging_fraction: 1]
[neg_bagging_fraction: 1]
[bagging_freq: 5]
[bagging_seed: 400]
[bagging_by_query: 0]
[feature_fraction: 0.6]
[feature_fraction_bynode: 1]
[feature_fraction_seed: 30056]
[extra_trees: 0]
[extra_seed: 12879]
[early_stopping_round: 0]
[early_stopping_min_delta: 0]
[first_metric_only: 0]
[max_delta_step: 0]
[lambda_l1: 0.5]
[lambda_l2: 2]
[linear_lambda: 0]
[min_gain_to_split: 0]
[drop_rate: 0.1]
[max_drop: 50]
[skip_drop: 0.5]
[xgboost_dart_mode: 0]
[uniform_drop: 0]
[drop_seed: 17869]
[top_rate: 0.2]
[other_rate: 0.1]
[min_data_per_group: 100]
[max_cat_threshold: 32]
[cat_l2: 10]
[cat_smooth: 10]
[max_cat_to_onehot: 4]
[top_k: 20]
[monotone_constraints: ]
[monotone_constraints_method: basic]
[monotone_penalty: 0]
[feature_contri: ]
[forcedsplits_filename: ]
[refit_decay_rate: 0.9]
[cegb_tradeoff: 1]
[cegb_penalty_split: 0]
[cegb_penalty_feature_lazy: ]
[cegb_penalty_feature_coupled: ]
[path_smooth: 0]
[interaction_constraints: ]
[verbosity: -1]
[saved_feature_importance_type: 0]
[use_quantized_grad: 0]
[num_grad_quant_bins: 4]
[quant_train_renew_leaf: 0]
[stochastic_rounding: 1]
[linear_tree: 0]
[max_bin: 255]
[max_bin_by_feature: ]
[min_data_in_bin: 5]
[bin_construct_sample_cnt: 200000]
[data_random_seed: 175]
[is_enable_sparse: 1]
[enable_bundle: 1]
[use_missing: 1]
[zero_as_missing: 0]
[feature_pre_filter: 1]
[pre_partition: 0]
[two_round: 0]
[header: 0]
[label_column: ]
[weight_column: ]
[group_column: ]
[ignore_column: ]
[categorical_feature: ]
[forcedbins_filename: ]
[precise_float_parser: 0]
[parser_config_file: ]
[objective_seed: 16083]
[num_class: 1]
[is_unbalance: 0]
[scale_pos_weight: 1]
[sigmoid: 1]
[boost_from_average: 1]
[reg_sqrt: 0]
[alpha: 0.9]
[fair_c: 1]
[poisson_max_delta_step: 0.7]
[tweedie_variance_power: 1.5]
[lambdarank_truncation_level: 30]
[lambdarank_norm: 1]
[label_gain: ]
[lambdarank_position_bias_regularization: 0]
[eval_at: ]
[multi_error_top_k: 1]
[auc_mu_weights: ]
[num_machines: 1]
[local_listen_port: 12400]
[time_out: 120]
[machine_list_filename: ]
[machines: ]
[gpu_platform_id: -1]
[gpu_device_id: -1]
[gpu_use_dp: 0]
[num_gpu: 1]

end of parameters

pandas_categorical:[]
