tree
version=v4
num_class=1
num_tree_per_iteration=1
label_index=0
max_feature_idx=44
objective=binary sigmoid:1
feature_names=return_1d return_2d return_3d return_5d return_10d return_20d div_ma_5 div_ma_10 div_ma_20 div_ma_60 ma_5_20_cross ma_20_60_cross rsi rsi_change macd macd_signal macd_hist macd_hist_change bb_pct_b bb_bandwidth atr_pct volatility vol_change vol_ratio candle_body_pct upper_shadow_pct lower_shadow_pct day_of_week month is_month_end is_month_start streak gap price_position_20d macro_usdjpy_ret_20 macro_usdjpy_ret_60 macro_usdjpy_vol_20 macro_topix_ret_20 macro_topix_vol_20 macro_topix_above_200dma macro_nikkei_ret_20 macro_nikkei_above_200dma macro_nikkei_vi macro_jgb10y macro_bias_score
feature_infos=[-0.068051575931232122:0.046767186302069996] [-0.08258569128134341:0.057720769610261513] [-0.10319410319410316:0.075362318840579645] [-0.12150993969175783:0.090261886600559338] [-0.11954331766286097:0.11811427107353323] [-0.14070243482008193:0.16907921190188979] [-0.063185402958607528:0.044572468162522784] [-0.084211486702248942:0.062047746567147136] [-0.10640038170540526:0.081951946358726019] [-0.11474172567648554:0.18035518348437446] [-0.071675469717883966:0.060275107361628777] [-0.06330691466330296:0.1072526423189617] [8.0965909090909065:94.978165938864635] [-30.323273291184549:33.441943551268302] [-126.13514621363174:204.51852483694165] [-106.75526639828372:192.59136899387886] [-69.442503575889404:44.682518258672047] [-20.057699998820912:15.328273082196596] [-0.45907895869984006:1.3287670831642056] [0.02057515077633933:0.19624409153713882] [0.0083952323371912253:0.037225274725274725] [0.004555825553057633:0.027527065126251103] [-0.84352540044643953:4.4825207712807646] [0.47604845373667709:1.8584258217257297] [-1:1] [0:0.89189189189189189] [0:0.95918367346938771] [0:4] [1:12] none [0:1] [-8:8] [-0.090909090909090939:0.047322540473225372] [0:1] [-0.10288784967882303:0.08505611680078462] [-0.13986255140503889:0.13160084488587853] [0.0024251968629527628:0.011841457708833433] [-0.22586490939044479:0.19897850606512013] [0.0040695656522785678:0.036437277456277402] [0:1] [-0.22859537662338159:0.23022297972565586] [0:1] none none none
tree_sizes=1312 1412 1193 780 1213 1058 973 1104 993 971 1083 993 1086 1204 1079 787 1104 1100 1196 788 1294 1212 1425 1295 1181 1279 1201 1319 1080 1309 1000 1101 1391 1105 1204 1106 1098 1314 1067 1104 1190 1186 1531 1098 1097 890 895 996 974 869

Tree=0
num_leaves=11
num_cat=0
split_feature=34 16 15 28 36 36 24 34 2 1
split_gain=14.6141 9.93015 8.68488 8.66765 7.08086 5.93892 5.51477 4.60698 4.33571 3.55094
threshold=-0.0043324841583393106 -8.2335191880275644 -13.164619208694512 4.5000000000000009 0.0047892167367912736 0.0066637042847446154 -0.14495798319327727 0.01102276340830899 0.00080449513354385893 0.0064521191890732918
decision_type=2 2 2 2 2 2 2 2 2 2
left_child=1 -1 5 -3 6 8 -4 -6 -2 -5
right_child=2 3 4 9 7 -7 -8 -9 -10 -11
leaf_value=0.022054457221688223 0.00042911384818411155 0.01096720352201022 -0.025253242620622122 -0.025164168527861318 -0.04059314478136597 0.01388205549365336 0.0022651225894802715 -0.020141892206265874 -0.027992603481539757 -0.0034742022576674941
leaf_weight=14.999555647373198 7.4997778236866015 13.999585270881651 8.2497556060552615 15.499540835618975 15.499540835618971 10.249696359038351 15.499540835618971 38.748852089047432 7.4997778236865997 8.4997482001781446
leaf_count=60 30 56 33 62 62 41 62 155 30 34
internal_value=-0.00980086 0.0027971 -0.0162621 -0.00644625 -0.021251 -0.00177143 -0.00825024 -0.0271005 -0.0132406 -0.0169265
internal_weight=156.245 52.9984 103.247 37.9989 77.9977 25.2493 23.7493 54.2484 14.9996 23.9993
internal_count=625 212 413 152 312 101 95 217 60 96
is_linear=0
shrinkage=1


Tree=1
num_leaves=12
num_cat=0
split_feature=12 34 28 9 23 36 35 7 35 4 16
split_gain=18.1727 11.6233 9.85478 9.59456 8.75958 6.30756 6.19651 5.85487 2.82647 2.78416 1.53522
threshold=48.16012536505449 -0.0043324841583393106 6.5000000000000009 -0.0080694592811905927 0.84447299606208537 0.0047892167367912736 0.047014515513737039 0.0035528793998549258 0.030214068013356913 0.033796615134182757 3.5187674043883104
decision_type=2 2 2 2 2 2 2 2 2 2 2
left_child=2 4 8 6 -2 7 -4 -3 -1 -7 -6
right_child=1 5 3 -5 10 9 -8 -9 -10 -11 -12
leaf_value=0.036893130689961126 -0.014064654302836512 -0.017113206929925059 0.023153989976356475 -0.020232101903368219 0.026074519933282348 -0.022648871385988281 -0.005000459219823214 0.013703685481770454 0.0097211386448961962 -0.00094510053460511347 0.0070511974917915722
leaf_weight=14.248634055256845 9.4991340190172178 7.499418810009959 16.247965186834339 8.9988658428192121 9.9992795735597628 39.242969051003456 9.2488851398229581 11.249523073434828 8.999206677079199 7.9985946714878073 12.99918921291828
leaf_count=57 38 30 65 36 40 157 37 45 36 32 52
internal_value=0.0010584 -0.00664405 0.0142295 0.00311635 0.00744708 -0.0138189 0.0127747 0.000192867 0.0285723 -0.0194664 0.0173466
internal_weight=156.232 98.4881 57.7436 34.4957 32.4976 65.9905 25.4969 18.7489 23.2478 47.2416 22.9985
internal_count=625 394 231 138 130 264 102 75 93 189 92
is_linear=0
shrinkage=0.03


Tree=2
num_leaves=10
num_cat=0
split_feature=12 28 31 14 37 12 22 8 35
split_gain=17.1864 9.38654 8.15212 6.59188 7.26461 9.44005 8.62497 5.92132 2.65069
threshold=48.16012536505449 6.5000000000000009 -1.4999999999999998 90.563914411439796 0.0046297695763888322 62.512729124236266 0.45016179858363176 -0.016490125610086531 0.030214068013356913
decision_type=2 2 2 2 2 2 2 2 2
left_child=1 8 -3 4 5 -2 -6 -4 -1
right_child=3 2 7 -5 6 -7 -8 -9 -10
leaf_value=0.035934138660959715 -0.0084374287791067308 -0.016878345745674921 0.026777826921137258 0.016453103441490903 -0.019324338894090326 0.02496789346361411 0.010353077773821604 -0.00058161905341578288 0.0094824446098201384
leaf_weight=14.243457689881327 19.993491277098659 10.247828364372252 11.247603327035902 7.9980353266000739 52.480541914701462 9.4983632415533048 8.497443422675131 12.996954038739206 8.99930591881275
leaf_count=57 80 41 45 32 210 38 34 52 36
internal_value=0.00103786 0.0138493 0.00299505 -0.00645081 -0.00894993 0.00274742 -0.0147531 0.0126129 0.0278494
internal_weight=156.203 57.7351 34.4924 98.4679 90.4698 29.4919 60.978 24.2446 23.2428
internal_count=625 231 138 394 362 118 244 97 93
is_linear=0
shrinkage=0.03


Tree=3
num_leaves=6
num_cat=0
split_feature=10 20 22 35 36
split_gain=14.578 9.48897 10.1937 8.14617 5.85094
threshold=-0.01553779432438551 0.018156593549634791 0.50164936823015904 0.044371599406066504 0.0047892167367912736
decision_type=2 2 2 2 2
left_child=3 2 4 -1 -2
right_child=1 -3 -4 -5 -6
leaf_value=0.031087371986808089 0.00326588663844739 0.018581403846267785 0.016428172927290589 -0.0014886735330907454 -0.013290163036767933
leaf_weight=17.984976962208751 22.491166830062866 13.741566970944403 13.494593739509581 8.9979041069746 79.45104917883873
leaf_count=72 90 55 54 36 318
internal_value=0.00103972 -0.00312905 -0.00611362 0.0203537 -0.00950059
internal_weight=156.161 129.178 115.437 26.9829 101.942
internal_count=625 517 462 108 408
is_linear=0
shrinkage=0.03


Tree=4
num_leaves=10
num_cat=0
split_feature=3 1 35 10 21 35 40 22 10
split_gain=13.9744 11.1818 10.1585 7.81053 7.30024 6.9981 6.7936 5.09181 0.828494
threshold=-0.018973369370194778 0.00043994856879292504 0.04592387748776517 0.0059481300366863729 0.010230189735474507 0.0087858095680255505 -0.027404487536900942 -0.12422706174576785 -0.0096882745904346406
decision_type=2 2 2 2 2 2 2 2 2
left_child=2 6 8 5 -5 -3 -2 -8 -1
right_child=1 3 -4 4 -6 -7 7 -9 -10
leaf_value=0.039717715320966185 0.0091887973868712679 0.028622249549541887 -0.005658156472200521 -0.019803035564113912 0.0050140366073061606 0.0025815691022219624 -0.0012606443421606473 -0.02486221984496444 0.014147628864138716
leaf_weight=10.230808466672901 7.7455932796001425 14.233140915632246 7.7467645555734626 15.984953030943869 23.238392055034637 26.233096212148666 13.239275842905043 29.974467545747757 7.4943250417709359
leaf_count=41 31 57 31 64 93 105 53 120 30
internal_value=0.00103238 -0.00291531 0.0205648 0.00395282 -0.00520604 0.0130107 -0.0136825 -0.0183388 0.0321976
internal_weight=156.121 130.649 25.4719 79.6896 39.2233 40.4662 50.9593 43.2137 17.7251
internal_count=625 523 102 319 157 162 204 173 71
is_linear=0
shrinkage=0.03


Tree=5
num_leaves=9
num_cat=0
split_feature=10 34 36 36 28 15 28 37
split_gain=17.8261 11.7688 10.4038 7.36278 9.38255 8.60775 5.55909 0.797403
threshold=-0.01553779432438551 -0.025440079092487352 0.0061508225952353109 0.0047560207707511197 8.5000000000000018 11.382856350565493 6.5000000000000009 -0.015172242052605421
decision_type=2 2 2 2 2 2 2 2
left_child=2 6 -1 5 -5 -3 -2 -4
right_child=1 3 7 4 -6 -7 -8 -9
leaf_value=0 0.028254214733839947 0.026774808150005342 0.016196729927350828 -0.0070807909211565668 -0.029399016610019514 -0.0074848331282875852 0 0.043988240576028584
leaf_weight=12.985576242208483 9.2402862310409564 7.4963739812374142 7.7239892035722733 57.185478612780571 25.224235206842422 18.991354510188103 12.245642408728598 7.7270573675632459
leaf_count=52 37 30 31 229 101 76 49 31
internal_value=-0.00134135 -0.00617109 0.0192608 -0.0102554 -0.0146245 0.00288359 0.0130013 0.0344033
internal_weight=158.82 130.383 28.4366 108.897 82.4097 26.4877 21.4859 15.451
internal_count=636 522 114 436 330 106 86 62
is_linear=0
shrinkage=0.03


Tree=6
num_leaves=8
num_cat=0
split_feature=10 34 35 20 3 32 14
split_gain=16.9453 11.1511 8.16287 6.00953 9.51192 4.59242 0.661548
threshold=-0.01553779432438551 -0.025440079092487352 0.047014515513737039 0.010316818104668829 -0.0086640320249172769 0.0022118528962495891 -47.897746209567678
decision_type=2 2 2 2 2 2 2
left_child=2 5 6 -3 -5 -2 -1
right_child=1 3 -4 4 -6 -7 -8
leaf_value=0.014567990466603243 0 0.012089634376425367 -0.0046181263238832372 0.0037096154777554661 -0.017132764594798861 0.026230231371233568 0.036106276851004399
leaf_weight=10.211134850978855 11.991213351488115 7.9870875477790824 7.9969553351402274 23.975048631429672 76.899679824709892 9.4870453625917417 10.202141210436821
leaf_count=41 48 32 32 96 308 38 41
internal_value=-0.00127436 -0.00598574 0.0188193 -0.0099644 -0.0120575 0.0126721 0.028263
internal_weight=158.75 130.34 28.4102 108.862 100.875 21.4783 20.4133
internal_count=636 522 114 436 404 86 82
is_linear=0
shrinkage=0.03


Tree=7
num_leaves=9
num_cat=0
split_feature=10 34 36 36 28 15 28 37
split_gain=16.0524 10.5529 9.86167 6.99406 8.91819 8.21834 5.23938 0.827505
threshold=-0.01553779432438551 -0.025440079092487352 0.0061508225952353109 0.0047560207707511197 8.5000000000000018 11.382856350565493 6.5000000000000009 -0.015172242052605421
decision_type=2 2 2 2 2 2 2 2
left_child=2 6 -1 5 -5 -3 -2 -4
right_child=1 3 7 4 -6 -7 -8 -9
leaf_value=-0.00025921296076683559 0.027191577863599395 0.026448756129759214 0.015352928305059979 -0.0065833585672349995 -0.028332554917655139 -0.0070115447838783301 -1.3066133108001848e-05 0.042586007570042828
leaf_weight=12.976756617426874 9.2256375253200549 7.4960164129734066 7.7054296433925629 57.161444619297981 25.185744270682335 18.987695559859276 12.245027408003805 7.6929477602243406
leaf_count=52 37 30 31 229 101 76 49 31
internal_value=-0.00119965 -0.00578727 0.0183673 -0.00966085 -0.0139272 0.00312465 0.0123583 0.033152
internal_weight=158.677 130.302 28.3751 108.831 82.3472 26.4837 21.4707 15.3984
internal_count=636 522 114 436 330 106 86 62
is_linear=0
shrinkage=0.03


Tree=8
num_leaves=8
num_cat=0
split_feature=10 24 40 28 23 15 28
split_gain=15.2653 9.00607 7.27813 6.60447 6.36313 5.05031 0.650844
threshold=-0.01553779432438551 0.75911803713527859 0.069433268222667502 4.5000000000000009 0.86655360668627102 25.025194331778707 8.5000000000000018
decision_type=2 2 2 2 2 2 2
left_child=4 2 3 -2 -1 -4 -6
right_child=1 -3 5 -5 6 -7 -8
leaf_value=-0.0035388459312651866 0.011712585108314055 -0.028304307403349448 -0.00044703912753409818 -0.0045433679201076745 0.032025555916491283 -0.032982295609841381 0.011657239357522253
leaf_weight=7.4701377749443081 30.680551886558533 12.223117202520369 8.7249650359153765 69.616327419877052 12.153485879302027 8.9900602549314481 8.7137052714824659
leaf_count=30 123 49 35 279 49 36 35
internal_value=-0.00113843 -0.00561465 -0.00270704 0.000414425 0.0179532 -0.0193899 0.0259396
internal_weight=158.572 130.235 118.012 100.297 28.3373 17.715 20.8672
internal_count=636 522 473 402 114 71 84
is_linear=0
shrinkage=0.03


Tree=9
num_leaves=8
num_cat=0
split_feature=7 34 20 19 23 17 20
split_gain=15.3246 14.8175 8.29665 9.4182 5.32002 3.95023 3.94757
threshold=-0.010962175970328175 -0.025440079092487352 0.010316818104668829 0.055824130866261243 1.2065082367286062 -3.0250426511499735 0.014825192313811594
decision_type=2 2 2 2 2 2 2
left_child=4 6 -3 -4 5 -1 -2
right_child=1 2 3 -5 -6 -7 -8
leaf_value=-0.0038920292069422498 0 0.016059438817803823 -0.024079641820843482 -0.0047597607622272007 0.032241537486238044 0.019692392386150764 0.02603838080976147
leaf_weight=12.729547634720801 9.2313155531883258 7.4861204773187628 39.876486867666245 57.866820752620697 10.907282516360281 8.7002202421426791 11.705195561051367
leaf_count=51 37 30 160 232 44 35 47
internal_value=-0.0011129 -0.00595447 -0.0106406 -0.0131169 0.0165866 0.00590638 0.0158185
internal_weight=158.503 126.166 105.229 97.7433 32.3371 21.4298 20.9365
internal_count=636 506 422 392 130 86 84
is_linear=0
shrinkage=0.03


Tree=10
num_leaves=9
num_cat=0
split_feature=14 20 28 28 20 15 21 28
split_gain=14.0144 8.38788 9.43168 9.75628 7.26389 6.43449 5.25019 0.1042
threshold=-20.624373872281009 0.011042558959067498 4.5000000000000009 11.500000000000002 0.014104034791970985 -37.883094911937633 0.011919442160392367 8.5000000000000018
decision_type=2 2 2 2 2 2 2 2
left_child=4 -2 6 -4 5 -1 -3 -6
right_child=1 2 3 -5 7 -7 -8 -9
leaf_value=-0.013306524591651188 0.021211920862068741 -0.0028077577084922277 -0.016883693238668541 0.01417550606354886 0.035389254519119846 0.020145270854661477 0.018710261721228284 0.014150508678597531
leaf_weight=9.2198800593614596 8.7317722141742689 24.682672262191772 63.537528991699219 8.487727999687193 10.38968685269356 7.4662713557481757 13.956094443798063 7.718763440847396
leaf_count=37 35 99 255 34 42 30 56 31
internal_value=0.000901523 -0.00392584 -0.00638378 -0.0127368 0.017187 0.00141297 0.00513363 0.02939
internal_weight=154.19 119.396 110.664 72.0253 34.7946 16.6862 38.6388 18.1085
internal_count=619 479 444 289 140 67 155 73
is_linear=0
shrinkage=0.03


Tree=11
num_leaves=8
num_cat=0
split_feature=14 38 21 36 36 34 15
split_gain=13.3056 9.24119 7.6083 12.3378 10.0277 6.39621 3.53001
threshold=-20.624373872281009 0.013065718230667824 0.01134985482345699 0.006190981103895544 0.0048146880519967508 0.021222555799800483 -42.480563235744555
decision_type=2 2 2 2 2 2 2
left_child=5 2 4 -4 -2 6 -1
right_child=1 -3 3 -5 -6 -7 -8
leaf_value=0.005606293585347138 0.012554897039142501 -0.027524654748768376 -0.0058724433957307171 0.029073292737283717 -0.012046354270323661 -0.0017649751542690734 0.032766296801404873
leaf_weight=8.9496059566736204 17.473812386393547 11.194077670574186 16.972472846508026 15.190411642193792 58.518554627895355 10.181678265333174 15.621295705437662
leaf_count=36 70 45 68 61 235 41 63
internal_value=0.00091568 -0.0037852 -0.000736861 0.010929 -0.00602028 0.0167953 0.0246048
internal_weight=154.102 119.349 108.155 32.1629 75.9924 34.7526 24.5709
internal_count=619 479 434 129 305 140 99
is_linear=0
shrinkage=0.03


Tree=12
num_leaves=9
num_cat=0
split_feature=14 38 21 18 20 20 18 28
split_gain=12.6089 8.7994 7.18003 13.2193 9.91871 6.95262 4.21211 0.126669
threshold=-20.624373872281009 0.013065718230667824 0.01134985482345699 0.51947020099128394 0.011042558959067498 0.014104034791970985 0.26897403409372617 8.5000000000000018
decision_type=2 2 2 2 2 2 2 2
left_child=5 2 4 -4 -2 6 -1 -7
right_child=1 -3 3 -5 -6 7 -8 -9
leaf_value=0.015942008161542575 0.0207927700054047 -0.026853621624183026 -0.018828340077554295 0.021606715168420266 -0.010012749685787794 0.034202236284587149 -0.01106160678335473 0.013471466615212483
leaf_weight=7.7046831995248821 8.7350568175315839 11.179773673415182 7.9671928733587256 24.185223266482353 67.2304557710886 10.332693263888361 8.9718056321144086 7.7103460282087317
leaf_count=31 35 45 32 97 270 42 36 31
internal_value=0.00089846 -0.00367517 -0.000698022 0.0106321 -0.0058356 0.0163663 0.000982323 0.02832
internal_weight=154.017 119.298 108.118 32.1524 75.9655 34.7195 16.6765 18.043
internal_count=619 479 434 129 305 140 67 73
is_linear=0
shrinkage=0.03


Tree=13
num_leaves=10
num_cat=0
split_feature=23 5 34 32 40 9 1 13 9
split_gain=9.56299 13.1047 8.49197 7.14041 5.75966 5.1862 3.55234 1.5311 3.6884
threshold=0.97084436217183667 -0.032543233428267197 0.034317890975212102 0.0018103776858967582 0.068238128596435424 0.040714672871026057 0.0058868623462782219 6.1048212320440536 0.0087742420498287
decision_type=2 2 2 2 2 2 2 2 2
left_child=3 -2 5 4 6 -3 -1 8 -5
right_child=1 2 -4 7 -6 -7 -8 -9 -10
leaf_value=0.010734836361017179 0.032671233248589254 0.011813834751391843 -0.023508680566033432 0.0019029079244570314 -0.019626707920849987 -0.0070879437882871944 -0.009440448368562079 -0.029773253191066464 -0.021045511656970623
leaf_weight=29.856418371200562 13.824961394071577 42.055712297558784 7.9600196778774253 9.422538444399839 7.9487811625003806 15.957037553191183 7.9654574394226065 7.7131775170564643 11.204780936241148
leaf_count=120 56 169 32 38 32 64 32 31 45
internal_value=0.000887297 0.00808167 0.00189843 -0.00667084 0.000473789 0.0063018 0.00584842 -0.0179746 -0.0106581
internal_weight=153.909 79.7977 65.9728 74.1112 45.7707 58.0127 37.8219 28.3405 20.6273
internal_count=619 321 265 298 184 233 152 114 83
is_linear=0
shrinkage=0.03


Tree=14
num_leaves=9
num_cat=0
split_feature=3 34 11 18 10 35 38 33
split_gain=10.2969 8.1791 6.68841 6.71215 6.51483 3.53263 3.23714 1.88367
threshold=-0.020032249380061259 0.032496153790359424 0.03154176790106112 0.7774454222992605 0.0089511820255042691 0.04592387748776517 0.0088616659400370789 0.21881907759169761
decision_type=2 2 2 2 2 2 2 2
left_child=5 2 4 -4 -2 7 -3 -1
right_child=1 6 3 -5 -6 -7 -8 -9
leaf_value=0.034337377583938601 0.010759467185682952 -0.00030822144693548376 -0.031488710593428899 0.0031363217848817183 -0.0050486186626130308 0 -0.026128674160357294 0.0081706074871294287
leaf_weight=8.8367592394352013 54.411342710256577 7.7118826657533672 8.4720286577940005 7.7307594567537299 37.111372396349907 7.7194681465625754 14.134528845548628 7.7126048058271399
leaf_count=36 219 31 34 31 149 31 57 31
internal_value=0.000831881 -0.00250283 0.000868218 -0.0156147 0.0042182 0.018042 -0.0184333 0.0251472
internal_weight=153.841 129.572 107.726 16.2028 91.5227 24.2688 21.8464 16.5494
internal_count=619 521 433 65 368 98 88 67
is_linear=0
shrinkage=0.03


Tree=15
num_leaves=6
num_cat=0
split_feature=10 20 38 5 3
split_gain=14.8422 9.85003 9.26138 9.71406 3.14535
threshold=-0.020561974997393258 0.019193656799847161 0.012557300122894317 0.054857705403672304 -0.013964885906855571
decision_type=2 2 2 2 2
left_child=4 2 3 -2 -1
right_child=1 -3 -4 -5 -6
leaf_value=0.037142618648828278 0.0020035395417798748 0.021510617130994784 -0.029283438525535482 -0.020286113337171813 0.0065165001289302143
leaf_weight=9.2924978137016314 98.572991013526917 12.421099767088888 10.415181055665014 19.186494797468185 7.3936795741319647
leaf_count=38 396 50 42 77 30
internal_value=0.00134356 -0.00186992 -0.00454657 -0.00178098 0.0265248
internal_weight=157.282 140.596 128.175 117.759 16.6862
internal_count=633 565 515 473 68
is_linear=0
shrinkage=0.03


Tree=16
num_leaves=9
num_cat=0
split_feature=10 21 40 36 38 36 37 3
split_gain=14.1824 7.72146 13.6806 9.10644 12.1981 7.56786 7.32105 2.99979
threshold=-0.020561974997393258 0.011474634585071222 0.068238128596435424 0.0047560207707511197 0.0071143805668462496 0.005159720709247047 0.025600783074988035 -0.013964885906855571
decision_type=2 2 2 2 2 2 2 2
left_child=7 3 5 6 -5 -3 -2 -1
right_child=1 2 -4 4 -6 -7 -8 -9
leaf_value=0.036383889573577827 0.02661294106739755 -0.00030253906779956891 -0.019686919806271162 0.0083036783500077399 -0.018739408259997935 0.026582907679824887 -0.0057033086949144106 0.0063658774144357165
leaf_weight=9.2441223114728945 9.7022369652986544 13.44715356826782 10.187046214938162 18.158226490020752 55.225234791636467 22.595937848091125 11.229354739189146 7.3889573961496344
leaf_count=38 39 54 41 73 222 91 45 30
internal_value=0.00131366 -0.00182235 0.00786298 -0.00679021 -0.011806 0.0166695 0.00963648 0.0259685
internal_weight=157.178 140.545 46.2301 94.3151 73.3835 36.0431 20.9316 16.6331
internal_count=633 565 186 379 295 145 84 68
is_linear=0
shrinkage=0.03


Tree=17
num_leaves=9
num_cat=0
split_feature=10 15 34 39 15 12 36 3
split_gain=13.5423 6.27582 7.45945 8.55948 6.646 4.15153 3.57014 2.86415
threshold=-0.020561974997393258 -13.164619208694512 -0.025908540023016454 1.0000000180025095e-35 -42.480563235744555 60.708655435051007 0.0074771154410397831 -0.013964885906855571
decision_type=2 2 2 2 2 2 2 2
left_child=7 4 5 -4 -2 -3 -6 -1
right_child=1 2 3 -5 6 -7 -8 -9
leaf_value=0.035657368903122252 -0.0093333642905005822 0.023822141964752207 -0.028529249037901404 -0.0041546243644265176 0.028490936740272105 -0.0027037263406044653 0.0017662411839351935 0.0062187812302026699
leaf_weight=9.1910459697246569 8.9400704801082629 9.1758807450532931 14.369428083300589 79.372720032930374 11.93292383849621 7.7252116799354544 8.9446098953485471 7.3841994404792777
leaf_count=38 36 37 58 319 48 31 36 30
internal_value=0.0012981 -0.00176158 -0.00515026 -0.00856551 0.00987457 0.0119009 0.0188522 0.0254318
internal_weight=157.036 140.461 110.643 93.7421 29.8176 16.9011 20.8775 16.5752
internal_count=633 565 445 377 120 68 84 68
is_linear=0
shrinkage=0.03


Tree=18
num_leaves=10
num_cat=0
split_feature=20 14 9 35 13 28 40 28 5
split_gain=12.9874 11.9332 11.6174 8.14934 10.2829 9.43219 6.62554 9.9204 1.19468
threshold=0.014055409180101999 -22.148043797114948 0.039845794355325752 0.032225279626958543 -3.9538021520503075 6.5000000000000009 0.069433268222667502 6.5000000000000009 -0.05107890816900295
decision_type=2 2 2 2 2 2 2 2 2
left_child=2 8 3 4 -1 -5 7 -3 -2
right_child=1 6 -4 5 -6 -7 -8 -9 -10
leaf_value=-0.013196866580375661 0.01259191238629739 0.021683295098047499 -0.028625874296823995 -0.026672681546610996 0.021848081022797245 0.0022525420996155972 -0.019520673424819768 -0.0045816795794189017 0.037125041832900177
leaf_weight=9.1926241666078585 8.305571526288988 21.135144785046577 15.423616290092466 15.421948060393332 20.332989290356636 21.626799643039703 7.9418759644031516 26.551326915621758 10.978659898042677
leaf_count=37 34 85 62 62 82 87 32 107 45
internal_value=0.00127965 0.0102501 -0.006786 -0.000820195 0.0103162 -0.0101532 0.00254668 0.00716157 0.0294396
internal_weight=156.911 74.9126 81.998 66.5744 29.5256 37.0487 55.6283 47.6865 19.2842
internal_count=633 303 330 268 119 149 224 192 79
is_linear=0
shrinkage=0.03


Tree=19
num_leaves=6
num_cat=0
split_feature=10 20 5 19 3
split_gain=12.6153 8.70397 7.68143 5.39561 2.7706
threshold=-0.020561974997393258 0.019193656799847161 0.070471767495275298 0.052624331565550846 -0.013964885906855571
decision_type=2 2 2 2 2
left_child=4 2 3 -2 -1
right_child=1 -3 -4 -5 -6
leaf_value=0.034694329646202463 -0.0079871163613422329 0.020307960589699633 -0.023821895042224584 0.0047957176813998217 0.0057959835235881149
leaf_weight=9.1025122255086917 55.596634283661842 12.366624444723127 13.907482326030729 58.418595463037491 7.3627092540264121
leaf_count=38 224 50 56 235 30
internal_value=0.00124085 -0.00170406 -0.00422734 -0.00133845 0.0246117
internal_weight=156.755 140.289 127.923 114.015 16.4652
internal_count=633 565 515 459 68
is_linear=0
shrinkage=0.03


Tree=20
num_leaves=11
num_cat=0
split_feature=20 19 4 37 37 23 35 35 21 4
split_gain=14.3069 11.0666 9.80733 8.64093 10.5457 6.31799 4.80466 3.87261 3.57265 3.1606
threshold=0.014055409180101999 0.048143611230821885 0.016628209304672351 0.034753067267453537 -0.016987708506371876 0.90144743544535255 0.045418121766629523 0.023962378459250647 0.010056114331703345 0.024491522798323121
decision_type=2 2 2 2 2 2 2 2 2 2
left_child=2 -2 3 4 -1 6 -3 -5 -4 -7
right_child=1 5 8 7 -6 9 -8 -9 -10 -11
leaf_value=-0.020722243080668733 -0.012947167664456222 0.011658792986055861 -0.031114276448663471 0 0.014936520157566779 0.026657712897360301 -0.015869807789096531 -0.030739011691765645 -0.0058852220451968132 0.0069022169116963721
leaf_weight=7.4354458302259436 13.347209259867666 12.35251931846142 15.141605973243715 7.4356020689010602 31.792586535215378 30.529803395271301 7.4247924685478202 7.6970702111721039 11.168809086084364 14.684417977929114
leaf_count=30 54 50 61 30 128 125 30 31 45 59
internal_value=0.00088742 0.00997514 -0.00778394 -4.71371e-05 0.00713641 0.0151526 0.000126894 -0.0182036 -0.0221067 0.0211235
internal_weight=159.01 78.3387 80.6711 54.3607 39.228 64.9915 19.7773 15.1327 26.3104 45.2142
internal_count=643 318 325 219 158 264 80 61 106 184
is_linear=0
shrinkage=0.03


Tree=21
num_leaves=10
num_cat=0
split_feature=20 19 4 38 37 36 14 19 27
split_gain=13.6042 10.4995 9.27779 18.8776 6.00359 5.31457 4.8059 4.01554 3.45863
threshold=0.014055409180101999 0.048143611230821885 0.016628209304672351 0.0087985121335097272 0.033806472285578322 0.0041954807640636532 -12.475845570584623 0.059417879749931492 2.5000000000000004
decision_type=2 2 2 2 2 2 2 2 2
left_child=2 -2 3 4 -1 -3 -7 -5 -4
right_child=1 5 8 7 -6 6 -8 -9 -10
leaf_value=0.019770352275173497 -0.012619800117096453 -0.006325937414060674 -0.029387431484483466 -0.032000020464679459 -0.0069586898530058748 0.028906671112636284 0.0095535193151920998 -0.0023314547534740103 -0.0041151079715036299
leaf_weight=26.121895357966423 13.334713712334631 7.4562385380268088 16.605500385165218 12.128837555646898 8.1978783607482892 21.753895819187164 35.688405439257622 7.9016895443201056 9.6628999859094602
leaf_count=105 54 30 67 49 33 90 144 32 39
internal_value=0.000829383 0.00970124 -0.00762484 -9.21473e-05 0.012941 0.0147519 0.0178611 -0.0222513 -0.0215704
internal_weight=158.852 78.2333 80.6187 54.3503 34.3198 64.8985 57.4423 20.0305 26.2684
internal_count=643 318 325 219 138 264 234 81 106
is_linear=0
shrinkage=0.03


Tree=22
num_leaves=12
num_cat=0
split_feature=20 19 16 38 38 36 40 5 38 10 36
split_gain=12.9166 9.9599 8.87005 9.79699 5.16773 6.79946 4.92293 4.56254 6.41289 3.18343 2.58338
threshold=0.014055409180101999 0.048143611230821885 3.1712417569725324 0.0071143805668462496 0.011883443035612526 0.0073375039766244233 -0.0089132185559904192 0.024519122038080935 0.0088616659400370789 0.006938145745342906 0.0068428575992175245
decision_type=2 2 2 2 2 2 2 2 2 2 2
left_child=2 -2 3 -1 9 -6 -5 8 -4 -3 -9
right_child=1 4 7 6 5 -7 -8 10 -10 -11 -12
leaf_value=0.023809688218580091 -0.012301346462473191 0.027765166870786177 0.007648256910469658 -0.023641096708364152 -0.014761829202819834 0.016735907856976821 0.0011504853980068984 -0.012740534510697728 -0.023547392826414836 0.0090944163513905028 -0.039477418052464242
leaf_weight=11.454069942235945 13.321497723460196 23.108270898461342 12.197326675057413 8.4260690808296221 9.8841852843761462 10.677133619785307 19.552107006311417 12.875087395310404 7.8847353011369696 21.132824167609215 8.1501166075468046
leaf_count=46 54 95 49 34 40 44 79 52 32 85 33
internal_value=0.000778197 0.00943253 -0.00745998 0.00238097 0.0143594 0.000963198 -0.00689463 -0.0169204 -0.00494406 0.0199501 -0.026285
internal_weight=158.663 78.1239 80.5395 39.4322 64.8024 20.5613 27.9782 41.1073 20.0821 44.2411 21.0252
internal_count=643 318 325 159 264 84 113 166 81 180 85
is_linear=0
shrinkage=0.03


Tree=23
num_leaves=11
num_cat=0
split_feature=21 18 36 23 11 36 7 7 32 34
split_gain=12.3375 17.4075 13.9159 8.14583 7.46276 5.5835 9.38903 5.68197 2.27557 1.21959
threshold=0.01134985482345699 0.8861831641969028 0.0061623745756878541 0.80885163042432184 -0.010493011804425299 0.0048146880519967508 -0.0022541091752861938 0.0022597627230315389 0.0011014445070444137 -0.005394717555102512
decision_type=2 2 2 2 2 2 2 2 2 2
left_child=1 5 4 -4 -2 7 -7 -1 -6 -5
right_child=2 -3 3 9 8 6 -8 -9 -10 -11
leaf_value=-0.0014697039124386402 0.018611944110710953 -0.034334459722025389 -0.00072893812953804895 0.039644633801312265 -0.019272182336905575 0.0076644939962554016 -0.014098614689431362 0.03035023661736724 0 0.01606066677023062
leaf_weight=8.4270839691162127 7.4101862013340023 14.084036186337469 7.8393764197826377 14.060070291161539 13.864140555262567 30.357552856206894 36.834387615323067 7.7128382176160803 7.423049420118331 10.46713577210903
leaf_count=34 30 57 32 58 56 123 149 31 30 43
internal_value=0.000737877 -0.00575644 0.0111902 0.0241442 -0.00355269 -5.91173e-05 -0.00411185 0.014579 -0.0128483 0.0321152
internal_weight=158.48 97.4159 61.064 32.3666 28.6974 83.3319 67.1919 16.1399 21.2872 24.5272
internal_count=643 394 249 133 116 337 272 65 86 101
is_linear=0
shrinkage=0.03


Tree=24
num_leaves=10
num_cat=0
split_feature=20 9 23 1 7 15 15 7 28
split_gain=11.8 8.45792 6.41004 5.36177 6.48978 4.79799 7.88446 4.10357 3.93254
threshold=0.014055409180101999 0.047579395202386139 0.90144743544535255 0.0019405700709961284 -0.0025420238208328917 -9.0848673637537711 6.9740129864737179 0.0096410333626829516 6.5000000000000009
decision_type=2 2 2 2 2 2 2 2 2
left_child=1 3 8 4 -1 -4 -7 -5 -2
right_child=2 -3 5 7 -6 6 -8 -9 -10
leaf_value=0 0.0091672512679422807 -0.03168698073735942 0.027811418858404002 0.013856157718253536 -0.025337415299283343 -0.012295196159406815 0.015835531718892494 -0.0051649891979211821 -0.013514987496854782
leaf_weight=21.083713099360466 9.8315199613571185 9.0997102260589582 16.106937244534492 19.076154604554176 14.328893378376959 10.526328027248381 27.865657359361649 16.799846217036247 13.558083206415175
leaf_count=85 40 37 67 77 58 43 113 68 55
internal_value=0.000731086 -0.00714329 0.00902132 -0.00302649 -0.011139 0.0145579 0.00752439 0.00475059 -0.00341891
internal_weight=158.277 80.3883 77.8885 71.2886 35.4126 54.4989 38.392 35.876 23.3896
internal_count=643 325 318 288 143 223 156 145 95
is_linear=0
shrinkage=0.03


Tree=25
num_leaves=11
num_cat=0
split_feature=34 15 21 23 14 38 40 5 23 21
split_gain=8.44063 10.0098 9.28854 8.69806 6.25884 6.05034 4.70351 3.24706 1.11422 0.989663
threshold=-0.0057935078812141319 -3.6161325050869602 0.01134985482345699 1.2109189844727468 6.2489403359495563 0.011821125890087112 0.0011314737914067676 -0.020190748129120247 1.0765099214173721 0.014097764109789671
decision_type=2 2 2 2 2 2 2 2 2 2
left_child=2 5 6 4 -3 7 8 -2 -1 -4
right_child=1 3 9 -5 -6 -7 -8 -9 -10 -11
leaf_value=0.016898906478988986 0.0021533706508124477 -0.034655272547979774 0.033068908108654711 0.014278313521536025 -0.0086197033072838679 -0.0078004037677920045 -0.01077987412280638 0.024294213860929309 0 0.010687244554531482
leaf_weight=9.853032082319265 11.949991688132288 9.863492012023924 12.24344561994076 9.1257149875164014 46.27080325782299 11.549048185348509 14.099751994013785 16.026457399129868 7.4229947030544272 7.9050291776657096
leaf_count=40 49 40 50 37 187 47 57 65 30 33
internal_value=0.00206265 -0.00272571 0.011819 -0.0099369 -0.0144874 0.00872452 0.000770936 0.0161119 0.0111166 0.026723
internal_weight=156.31 104.786 51.5243 65.26 56.1343 39.5255 31.3758 27.9764 17.276 20.1485
internal_count=635 425 210 264 227 161 127 114 70 83
is_linear=0
shrinkage=0.03


Tree=26
num_leaves=10
num_cat=0
split_feature=3 2 26 23 23 6 27 32 35
split_gain=12.1705 7.8828 7.60337 5.63425 9.73464 4.89425 4.61694 4.24923 0.93384
threshold=-0.020032249380061259 0.0015611768642613824 0.077254641909814334 0.97084436217183667 1.1163138499022331 -0.014663640212832899 3.5000000000000004 0.0062124118799982151 0.030214068013356913
decision_type=2 2 2 2 2 2 2 2 2
left_child=5 2 -2 7 -5 -1 -4 -3 -7
right_child=1 3 6 4 -6 8 -8 -9 -10
leaf_value=0.0015284937377025598 0.0091753559300121641 0.0018810786416650542 -0.020875221832019255 0.026243593327151125 -0.002542266827573685 0.039812087618790105 0.0025692479311892557 -0.019476184732217943 0.013106453570355813
leaf_weight=9.5157400071620959 11.642246425151823 31.802893802523613 34.02216961979866 19.477790638804436 18.515809193253517 7.4037196934223157 7.6716788858175269 8.8578228503465635 7.2580855339765549
leaf_count=39 47 129 138 79 75 31 31 36 30
internal_value=0.0020231 -0.00155485 -0.0103359 0.00432233 0.0124144 0.0207554 -0.016298 -0.00311488 0.0306523
internal_weight=156.168 131.99 53.3361 78.6543 37.9936 24.1775 41.6938 40.6607 14.6618
internal_count=635 535 216 319 154 100 169 165 61
is_linear=0
shrinkage=0.03


Tree=27
num_leaves=11
num_cat=0
split_feature=10 40 21 14 38 10 34 32 14 40
split_gain=10.6349 8.43789 13.5864 5.47138 5.44585 5.1999 2.87098 2.38857 0.991762 0.711303
threshold=-0.0091030573558994448 0.047254976475725526 0.01134985482345699 25.893362088140751 0.0090356026599184066 0.0076336552728047966 0.019718308640954921 -0.00024012669602274658 40.878141483324733 0.068238128596435424
decision_type=2 2 2 2 2 2 2 2 2 2
left_child=4 2 3 -2 -1 -3 7 -6 -4 -7
right_child=1 5 8 -5 6 9 -8 -9 -10 -11
leaf_value=0.033929150889593911 -0.011887230223736436 -1.2304520116154911e-05 0.025509193135721437 0.0048146410522602236 0.025010973565087764 -0.010667301444933115 -0.0061352247800421306 0.0021888773976807114 0.0066928836941534068 -0.032758501446396707
leaf_weight=9.3769192546606046 38.034775108098984 13.323811039328577 16.011513084173206 28.491043925285339 7.1378603726625469 7.6399196982383755 7.5996864736080161 11.359004378318788 7.961591348052024 9.1135573089122754
leaf_count=39 154 54 65 115 30 31 31 47 32 37
internal_value=0.00199209 -0.00220314 0.00229226 -0.00458366 0.0160087 -0.0154964 0.00707887 0.0133088 0.0208343 -0.0256963
internal_weight=156.05 120.576 90.4989 66.5258 35.4735 30.0773 26.0966 18.4969 23.9731 16.7535
internal_count=635 488 366 269 147 122 108 77 97 68
is_linear=0
shrinkage=0.03


Tree=28
num_leaves=9
num_cat=0
split_feature=3 17 37 6 16 3 38 24
split_gain=11.4014 9.61098 7.9895 4.66179 4.2727 4.23291 4.12662 5.16209
threshold=-0.020032249380061259 2.2682534810913624 -0.0046578334528463708 -0.014663640212832899 4.8136347916994859 0.0026822727759213687 0.011883443035612526 0.62701612903225812
decision_type=2 2 2 2 2 2 2 2
left_child=3 2 4 -1 -2 -4 7 -3
right_child=1 6 5 -5 -6 -7 -8 -9
leaf_value=0.0013553525362215307 -0.0015520507782333889 0.023502806213936394 -0.019379127547222496 0.029820184540462927 0.024266732124670721 -0.0040542072537107995 -0.0062000150535599973 0
leaf_weight=9.5024851113557833 11.833580747246744 20.338196337223053 33.054133892059326 14.565159618854521 7.4269146770238867 38.496475249528885 8.5623753070831281 12.104518100619314
leaf_count=39 48 83 134 61 30 156 35 49
internal_value=0.00194846 -0.00150905 -0.00701651 0.0201233 0.00904447 -0.0116722 0.0100982 0.0149454
internal_weight=155.884 131.816 90.8111 24.0676 19.2605 71.5506 41.0051 32.4427
internal_count=635 535 368 100 78 290 167 132
is_linear=0
shrinkage=0.03


Tree=29
num_leaves=11
num_cat=0
split_feature=19 7 7 40 38 14 15 9 34 20
split_gain=8.28394 10.9078 9.00127 7.61801 7.08013 10.3819 5.81772 5.54245 4.81689 3.5991
threshold=0.052624331565550846 -0.0022541091752861938 0.014201605164889627 0.051935666033145929 0.0071143805668462496 25.893362088140751 -3.6161325050869602 0.040714672871026057 -0.0060182771961215234 0.01614991625725393
decision_type=2 2 2 2 2 2 2 2 2 2
left_child=4 3 9 8 -1 6 -6 -4 -2 -3
right_child=1 2 7 -5 5 -7 -8 -9 -10 -11
leaf_value=0.010240893250483584 0.039073043163462141 -0.016785346628445583 0.023075861892977761 -0.0043433038936577587 -0.0051025643580972137 0.013069473574503776 -0.031145514188654536 -0.0014370340215309615 0.011560806499223107 0.00460834064539922
leaf_weight=13.879085153341292 13.446609333157541 24.445499062538151 14.270958393812181 7.9166093468666068 16.515446826815602 8.8924839496612531 18.348246842622761 14.340008124709128 16.359452933073044 7.3268466144800177
leaf_count=56 56 99 58 33 67 36 75 58 67 30
internal_value=0.00190525 0.00723029 -0.000543901 0.019453 -0.00684591 -0.0128043 -0.0201616 0.0110086 0.0261207 -0.011427
internal_weight=155.741 98.106 60.3833 37.7227 57.6353 43.7562 34.8637 28.611 29.8061 31.7723
internal_count=635 401 245 156 234 178 142 116 123 129
is_linear=0
shrinkage=0.03


Tree=30
num_leaves=8
num_cat=0
split_feature=10 22 37 20 4 10 36
split_gain=12.7374 8.83494 6.61839 5.85276 4.57999 14.4691 1.87444
threshold=-0.020094128720009648 -0.041551665214657023 0.047839424948528116 0.017379032884559883 0.036453204739330121 0.0085802619938020203 0.0062158212445232496
decision_type=2 2 2 2 2 2 2
left_child=6 4 3 -3 5 -2 -1
right_child=1 2 -4 -5 -6 -7 -8
leaf_value=0.0075458538857379369 0.012698028604949613 -0.0075279613335049256 -0.025958304664847099 0.017967385824291041 0.021730352150199937 -0.020668683056315893 0.033993679644452553
leaf_weight=7.2680601775646201 33.976981043815613 53.820716917514801 14.237379819154738 7.3002427816390982 11.829796031117437 15.238440111279486 8.6759116351604444
leaf_count=30 138 218 58 30 48 62 38
internal_value=0.00112931 -0.00186804 -0.00872059 -0.00377236 0.00636158 0.00167022 0.0249582
internal_weight=152.348 136.404 75.3583 61.121 61.0452 49.2154 15.944
internal_count=622 554 306 248 248 200 68
is_linear=0
shrinkage=0.03


Tree=31
num_leaves=9
num_cat=0
split_feature=14 36 38 21 34 3 36 21
split_gain=9.78949 11.2301 7.43054 8.85087 9.11158 8.64975 6.93962 1.11206
threshold=-14.923751295001237 0.0064814559958253403 0.013453731709472047 0.010184079750800027 -0.005394717555102512 -0.0091875092341570635 0.0055852855331987817 0.010407638027056075
decision_type=2 2 2 2 2 2 2 2
left_child=1 6 3 5 -5 -2 -1 -3
right_child=2 7 -4 4 -6 -7 -8 -9
leaf_value=0.011641174649612002 0.01184713359426913 0.011064932784748887 -0.025949242499158618 0.023388880175302322 -0.0011799217383516945 -0.017075500261625083 -0.02033930672505398 0.03512020529577474
leaf_weight=12.261392131447794 10.106588065624235 7.3921591639518764 9.8093459755182248 18.328226208686829 37.310350760817528 36.122440740466118 8.5443111658096296 12.275713652372358
leaf_count=50 41 30 40 75 151 147 35 53
internal_value=0.00111541 0.0134635 -0.00338594 -0.000610971 0.00718393 -0.0102123 -0.0014665 0.0286272
internal_weight=152.151 40.4736 111.677 101.868 55.6386 46.229 20.8057 19.6679
internal_count=622 168 454 414 226 188 85 83
is_linear=0
shrinkage=0.03


Tree=32
num_leaves=12
num_cat=0
split_feature=16 21 36 19 28 22 28 16 20 8 7
split_gain=9.39379 13.4348 11.6996 11.789 10.7769 8.02729 6.38587 6.84581 6.07233 3.98448 1.23496
threshold=3.1712417569725324 0.010165515903763979 0.006190981103895544 0.065563321646793613 6.5000000000000009 -0.12422706174576785 9.5000000000000018 -15.132185584003542 0.011612895079464848 0.017219156775197291 0.016481309070535813
decision_type=2 2 2 2 2 2 2 2 2 2 2
left_child=2 8 6 4 -4 10 7 -1 -2 -7 -3
right_child=1 5 3 -5 -6 9 -8 -9 -10 -11 -12
leaf_value=0.011094638497197024 0 0.0059791840042314002 0.023795095016585995 0.036677071312114631 -0.014435647013999717 0.0077317738657985951 0.014233462632081957 -0.018305058441999863 -0.030285134718760674 -0.014200895475550595 0.028353373722538579
leaf_weight=7.7938756942749015 8.6631338298320788 7.3517060875892621 10.554557844996454 17.242205530405045 11.825961008667944 9.7862793952226657 11.593009978532789 22.697611495852474 19.990978062152863 16.734727263450623 7.6636540591716766
leaf_count=32 35 30 43 74 48 40 47 92 82 68 31
internal_value=0.00109518 -0.00673769 0.00800339 0.0193379 0.00345153 0.00390459 -0.00272105 -0.0101082 -0.0219021 -0.00560713 0.0202707
internal_weight=151.898 70.1905 81.7072 39.6227 22.3805 41.5364 42.0845 30.4915 28.6541 26.521 15.0154
internal_count=622 286 336 165 91 169 171 124 117 108 61
is_linear=0
shrinkage=0.03


Tree=33
num_leaves=9
num_cat=0
split_feature=10 22 37 20 21 10 34 36
split_gain=11.2737 7.99455 6.24234 5.29419 5.24206 12.3559 5.34995 1.7131
threshold=-0.020094128720009648 -0.041551665214657023 0.047839424948528116 0.017379032884559883 0.010056114331703345 0.0076336552728047966 0.015885957688813627 0.0062158212445232496
decision_type=2 2 2 2 2 2 2 2
left_child=7 4 3 -3 5 -2 -6 -1
right_child=1 2 -4 -5 6 -7 -8 -9
leaf_value=0.0070263253390636616 0.013056253418753031 -0.0070273175275163986 -0.025025480732221533 0.017277127494751875 0.020273141833401908 -0.028599950968204026 -0.0016015412823107899 0.032492160390228245
leaf_weight=7.2446190714836112 12.57242374122143 53.703173652291298 14.156833201646803 7.2460672557353965 25.434373512864113 9.2566961795091611 13.565084904432295 8.427387982606886
leaf_count=30 51 218 58 30 104 38 55 38
internal_value=0.00108919 -0.00171427 -0.00824878 -0.00344243 0.00612099 -0.00489652 0.0125917 0.0236965
internal_weight=151.607 135.935 75.1061 60.9492 60.8286 21.8291 38.9995 15.672
internal_count=622 554 306 248 248 89 159 68
is_linear=0
shrinkage=0.03


Tree=34
num_leaves=10
num_cat=0
split_feature=14 36 37 15 35 36 21 36 23
split_gain=8.59961 10.5526 7.775 8.29564 8.82755 6.5577 4.37921 1.47542 0.933295
threshold=-14.923751295001237 0.0064814559958253403 0.052503169904171483 12.369766832089406 -0.023776328745680971 0.0055852855331987817 0.012095400730994013 0.0055382943536720179 1.1045149725445695
decision_type=2 2 2 2 2 2 2 2 2
left_child=1 5 3 6 -5 -1 -2 -4 -3
right_child=2 8 7 4 -6 -7 -8 -9 -10
leaf_value=0.011047085128595332 -0.016486760992152433 0.03493879741292058 -0.029501004320913422 -0.0099992831459863873 0.014383146260214048 -0.020050333005521843 0.0061359381700911535 -0.006904247400693413 0.012289955974545916
leaf_weight=12.234082922339441 27.086249142885208 10.656043827533724 8.2689162790775317 16.724617198109627 42.452207118272781 8.5241330415010435 8.1453096866607648 8.5636943578720075 8.7078453749418241
leaf_count=50 111 45 34 68 173 35 33 35 38
internal_value=0.00106925 0.0127016 -0.00314405 0.00020582 0.00714535 -0.00170344 -0.010805 -0.0207554 0.0275599
internal_weight=151.363 40.1221 111.241 94.4084 59.1768 20.7582 35.2316 16.8326 19.3639
internal_count=622 168 454 385 241 85 144 69 83
is_linear=0
shrinkage=0.03


Tree=35
num_leaves=9
num_cat=0
split_feature=22 34 24 34 38 16 13 35
split_gain=8.27313 6.26696 5.26593 5.07601 4.69562 5.71767 3.02123 3.05662
threshold=-0.18784412750304105 -0.025908540023016454 -0.027972027972027969 0.0043532314981906692 0.011856757862080571 -15.132185584003542 -1.0578323673406762 0.043722797556203126
decision_type=2 2 2 2 2 2 2 2
left_child=3 2 -2 -1 5 -3 -5 -8
right_child=1 4 -4 6 -6 -7 7 -9
leaf_value=0.023192672877144556 0.024431737881588346 0.015773324533172157 -0.0038893799418618208 -0.012090119041102569 -0.024518752048068786 -0.0080455165906531487 0.020632289245911591 -0.0032041215851350085
leaf_weight=14.627262964844702 8.7494540214538592 7.9965769797563544 10.486426174640654 7.8050009310245523 12.636006653308867 78.133175238966942 7.2743298560380936 7.3228791803121567
leaf_count=61 37 34 43 32 52 319 30 30
internal_value=-0.0012944 -0.00526515 0.00937392 0.0105963 -0.00839462 -0.00535612 0.000530091 0.00882552
internal_weight=155.031 118.002 19.2359 37.0295 98.7658 86.1298 22.4022 14.5972
internal_count=638 485 80 153 405 353 92 60
is_linear=0
shrinkage=0.03


Tree=36
num_leaves=9
num_cat=0
split_feature=22 34 36 19 21 24 34 12
split_gain=7.82498 5.939 5.424 7.81567 7.70521 5.03885 4.83649 2.98225
threshold=-0.18784412750304105 -0.025908540023016454 0.0047560207707511197 0.10389043009266095 0.01134985482345699 -0.027972027972027969 0.0043532314981906692 48.461453287197237
decision_type=2 2 2 2 2 2 2 2
left_child=6 5 3 -3 -4 -2 -1 -8
right_child=1 2 4 -5 -6 -7 7 -9
leaf_value=0.022643601241572983 0.023918482006881202 0.015337892290118874 -0.018674256722860098 -0.015876851833491766 0.0016549143522136412 -0.00379049963153917 0.01318884930373237 -0.0072677988643145832
leaf_weight=14.581680729985235 8.7125651985406893 16.457502573728565 50.207976251840591 9.6533142477273923 22.376448810100555 10.489309400320051 8.6964162141084689 13.700236663222311
leaf_count=61 37 67 206 39 93 43 36 56
internal_value=-0.00124429 -0.00510968 -0.00815851 0.00295549 -0.0123297 0.00914483 0.0103246 0.000490529
internal_weight=154.875 117.897 98.6952 26.1108 72.5844 19.2019 36.9783 22.3967
internal_count=638 485 405 106 299 80 153 92
is_linear=0
shrinkage=0.03


Tree=37
num_leaves=11
num_cat=0
split_feature=3 21 20 34 7 38 7 34 33 34
split_gain=7.38819 5.89999 9.31633 8.6506 6.16829 5.90055 5.45964 4.89434 4.05555 3.55757
threshold=-0.020032249380061259 0.010122426587404325 0.012220935506780415 0.020147679143185052 0.010853673046950523 0.011883443035612526 -0.0022541091752861938 -0.0038068581678278308 0.47997648483984756 0.01434313344237126
decision_type=2 2 2 2 2 2 2 2 2 2
left_child=7 2 4 5 -2 -3 -4 -1 -5 -9
right_child=1 3 6 8 -6 -7 -8 9 -10 -11
leaf_value=0.030279481501329402 0.010592373376283085 0.014248386705065686 -0.002035476594105697 -0.028650733529887385 -0.01746399551253501 -0.0081366104096175038 -0.032696220983435637 -0.010107942276459718 -0.0029147536569776268 0.014016063963894609
leaf_weight=7.6411754488945034 18.22924326360226 37.733071699738503 9.0207018256187457 7.3241207301616695 8.7741864472627622 12.044738516211508 17.467244327068329 8.0986286550760287 18.765597030520439 9.5734213739633542
leaf_count=34 74 155 37 30 36 50 72 33 77 40
internal_value=-0.00119082 -0.00421468 -0.0116743 0.00101693 0.000383243 0.00843712 -0.0236569 0.01289 -0.0121991 0.0022945
internal_weight=154.672 129.359 53.4914 75.8675 27.0034 49.7778 26.4879 25.3132 26.0897 17.6721
internal_count=638 531 219 312 110 205 109 107 107 73
is_linear=0
shrinkage=0.03


Tree=38
num_leaves=9
num_cat=0
split_feature=22 26 36 8 4 27 35 5
split_gain=7.33649 4.75363 5.72234 3.90534 4.32112 3.44054 2.57342 2.42506
threshold=-0.18784412750304105 0.61064030131826763 0.0082429721824947514 0.0045722443587896183 0.029289215686274409 3.5000000000000004 0.032225279626958543 0.0080497241492379929
decision_type=2 2 2 2 2 2 2 2
left_child=3 2 5 6 -5 -2 -1 -4
right_child=1 -3 7 4 -6 -7 -8 -9
leaf_value=0.027306665061788138 -0.012899031321304136 0.013027152378614616 0.02028143153172484 -0.012062686514702367 0.01483643045692257 0 0.0025726438185325025 -0.0011185952367051865
leaf_weight=10.98551118373871 70.141449019312859 9.6681912392377836 6.7830533683300001 10.227211609482767 7.5850103646516791 23.648007661104202 8.0532064139842969 7.3757959306240082
leaf_count=47 288 40 30 42 31 97 33 30
internal_value=-0.00117505 -0.00492429 -0.00687623 0.0100427 0 -0.00964276 0.0187965 0.00944654
internal_weight=154.467 117.616 107.948 36.8509 17.8122 93.7895 19.0387 14.1588
internal_count=638 485 445 153 73 385 80 60
is_linear=0
shrinkage=0.03


Tree=39
num_leaves=9
num_cat=0
split_feature=10 36 21 40 33 36 17 35
split_gain=7.09123 6.88713 10.1183 10.9163 7.64939 6.58641 6.47066 4.05819
threshold=-0.020561974997393258 0.0047060436712268649 0.01134985482345699 0.071665812940453169 0.61208067295023827 0.0056120213692363559 -3.4572213038925894 0.047612426125369763
decision_type=2 2 2 2 2 2 2 2
left_child=5 4 6 -4 -2 -1 -3 -6
right_child=1 2 3 -5 7 -7 -8 -9
leaf_value=-0.0029318046227986001 -0.0078484433761288469 0.0028163396648484876 0.014669872420637768 -0.019739261104625167 0.0029393181552967054 0.031854203247992582 -0.017878090935642525 0.034520236621548697
leaf_weight=7.2128175050020209 11.555430918931963 15.447330102324484 28.442443117499352 9.2432875037193281 8.1405465751886386 8.5989476293325406 57.486224502325058 8.197919696569441
leaf_count=30 47 63 118 38 33 40 236 33
internal_value=-0.00111081 -0.00344635 -0.00687902 0.00528282 0.00921432 0.0165964 -0.0133366 0.0216398
internal_weight=154.325 138.513 110.619 37.6857 27.8939 15.8118 72.9336 16.3385
internal_count=638 568 455 156 113 70 299 66
is_linear=0
shrinkage=0.03


Tree=40
num_leaves=10
num_cat=0
split_feature=34 18 21 37 10 4 13 21 4
split_gain=6.9001 7.08696 6.18559 5.98785 5.15743 5.00299 4.24993 3.16853 0.924037
threshold=-0.025440079092487352 0.26897403409372617 0.010056114331703345 -0.023341043543571968 0.012297704039994086 -0.014495560936238936 -2.238313155283961 0.0080373984181304758 -0.0067043727195977279
decision_type=2 2 2 2 2 2 2 2 2
left_child=4 3 7 -2 8 -4 -5 -3 -1
right_child=1 2 5 6 -6 -7 -8 -9 -10
leaf_value=0.0076403351882819099 -0.010984382664346601 -0.0050502666177507875 -0.019404452948931825 0 -0.0049774171055163522 0.0022854555088347244 0.026918149498473296 -0.024053030541961375 0.028815356195778543
leaf_weight=7.427367821335797 7.1669578403234508 17.547714054584503 9.4319947808980924 7.2448086440563246 7.598384052515029 54.055779978632927 12.646545961499211 21.288009315729141 9.1032815128564835
leaf_count=32 30 72 39 30 31 221 54 88 38
internal_value=-0.000794827 -0.0036748 -0.00735776 0.00928425 0.013173 -0.00120204 0.0176087 -0.0165019 0.0219622
internal_weight=153.511 129.382 102.323 27.0583 24.129 63.4878 19.8914 38.8357 16.5306
internal_count=635 534 420 114 101 260 84 160 70
is_linear=0
shrinkage=0.03


Tree=41
num_leaves=10
num_cat=0
split_feature=34 18 36 18 21 37 10 13 4
split_gain=6.57719 6.71309 6.13034 10.767 10.3311 5.71199 4.94422 4.07101 0.869535
threshold=-0.025440079092487352 0.26897403409372617 0.0047560207707511197 0.54141784740382948 0.01134985482345699 -0.023341043543571968 0.012297704039994086 -2.238313155283961 -0.0067043727195977279
decision_type=2 2 2 2 2 2 2 2 2
left_child=6 5 3 -3 -4 -2 8 -7 -1
right_child=1 2 4 -5 -6 7 -8 -9 -10
leaf_value=0.0074680240209742668 -0.010716229907736163 -0.018810554868403183 -0.018666491982795887 0.019296181682238969 0.0038861141824362766 0 -0.004858517264192808 0.026342098416855607 0.028208342113296491
leaf_weight=7.4170824289321944 7.1758172214031246 8.4074169695377368 52.685515210032463 16.059449389576912 25.087657511234283 7.2448086440563246 7.5997289568185797 12.580152854323384 9.0638333112001419
leaf_count=32 30 34 218 65 103 30 31 54 38
internal_value=-0.00077305 -0.00358768 -0.00717394 0.00520308 -0.0112885 0.00903292 0.0128746 0.0171955 0.0215043
internal_weight=153.321 129.241 102.24 24.4669 77.7732 27.0008 24.0806 19.825 16.4809
internal_count=635 534 420 99 321 114 101 84 70
is_linear=0
shrinkage=0.03


Tree=42
num_leaves=13
num_cat=0
split_feature=20 38 40 16 20 20 22 17 9 34 3 3
split_gain=6.4117 7.64803 12.3516 8.79058 7.26437 5.31676 6.59637 5.82252 4.96205 3.82821 2.58461 2.73435
threshold=0.013794812371279512 0.0088616659400370789 0.033994729897033234 9.9512756101019342 0.015091411472990422 0.016322454057264339 0.24798977768847788 -0.54473827909335992 0.028790772711359658 0.0063346777155741671 -0.0081695222800413064 0.012356983288772329
decision_type=2 2 2 2 2 2 2 2 2 2 2 2
left_child=1 2 3 -1 10 7 -7 -6 -4 -3 -2 -12
right_child=4 9 8 -5 5 6 -8 -9 -10 -11 11 -13
leaf_value=0.023021270401760059 0.026528715813543536 -0.0029128225391159704 -0.00031959601347038985 -0.011620977816544734 0.0046469235779964943 0.013533151255187009 -0.012940693982057968 -0.02496874658266043 -0.030760667344488117 -0.030392483912702366 -0.0038389495374906938 0.017271257758089024
leaf_weight=19.124405547976497 11.951189890503885 9.0029333084821719 10.047727912664415 7.4721647053956977 8.0596351772546786 24.826853469014168 10.069600731134413 12.35816630721092 9.6441553682088834 13.394674748182295 8.8005019724369067 8.3108518570661527
leaf_count=78 50 37 41 31 33 106 42 51 40 56 36 34
internal_value=-0.00073454 -0.00750826 -1.65166e-05 0.0126321 0.00465206 -0.00156848 0.00520004 -0.0132377 -0.0173813 -0.0211058 0.0163131 0.00636369
internal_weight=153.063 68.6861 46.2885 26.5966 84.3768 55.3143 34.8965 20.4178 19.6919 22.3976 29.0625 17.1114
internal_count=635 283 190 109 352 232 148 84 81 93 120 70
is_linear=0
shrinkage=0.03


Tree=43
num_leaves=9
num_cat=0
split_feature=34 26 26 3 10 32 13 12
split_gain=6.12974 6.43357 8.64176 5.81718 4.71112 2.22988 2.44858 0.713086
threshold=-0.025440079092487352 0.068974630021141667 0.61064030131826763 -0.024033367808222513 0.012297704039994086 0.0028497644257904358 -3.2272990297086745 47.396097124981388
decision_type=2 2 2 2 2 2 2 2
left_child=4 5 3 -3 7 6 -2 -1
right_child=1 2 -4 -5 -6 -7 -8 -9
leaf_value=0.0074729865246443766 0.00039881385148724571 0.0072227842428561747 0.01560083368973228 -0.013192211105105794 -0.0048044907030884744 -0.0018221703118809873 0.023915461209251122 0.027262422956194639
leaf_weight=7.4151776731014314 8.3194430023431796 12.54372702538967 11.21562138199806 78.771043330430984 7.5953019410371772 8.5839491039514524 9.3803794682025927 8.9927263110876066
leaf_count=32 34 53 47 325 31 36 39 38
internal_value=-0.00073237 -0.00345781 -0.00692935 -0.0101324 0.012458 0.00908637 0.0147861 0.0209175
internal_weight=152.817 128.814 102.53 91.3148 24.0032 26.2838 17.6998 16.4079
internal_count=635 534 425 378 101 109 73 70
is_linear=0
shrinkage=0.03


Tree=44
num_leaves=9
num_cat=0
split_feature=34 26 26 3 10 0 24 4
split_gain=5.81084 6.087 8.18873 5.51064 4.51913 3.10474 2.79273 0.823827
threshold=-0.025440079092487352 0.068974630021141667 0.61064030131826763 -0.024033367808222513 0.012297704039994086 0.0070997293245471669 -0.52041666666666664 -0.0067043727195977279
decision_type=2 2 2 2 2 2 2 2
left_child=4 5 3 -3 7 6 -2 -1
right_child=1 2 -4 -5 -6 -7 -8 -9
leaf_value=0.0069055956048006675 0.0022889125775606288 0.0070430236694390014 0.015204445312301074 -0.012820329079163296 -0.0046898162784340903 -0.0054955762137753189 0.026434618031072665 0.026999873598452014
leaf_weight=7.3791296929121062 10.805778324604038 12.529235258698462 11.2149271517992 78.683639138936996 7.5964752733707419 7.1852969676256171 8.2822465449571609 8.97343909740448
leaf_count=32 45 53 47 325 31 30 34 38
internal_value=-0.000675403 -0.00333199 -0.00671407 -0.00983835 0.0121794 0.0088649 0.0149904 0.0204903
internal_weight=152.65 128.701 102.428 91.2129 23.949 26.2733 19.088 16.3526
internal_count=635 534 425 378 101 109 79 70
is_linear=0
shrinkage=0.03


Tree=45
num_leaves=7
num_cat=0
split_feature=3 32 18 21 25 37
split_gain=5.27244 5.91794 3.93125 4.58525 3.51428 2.66941
threshold=-0.024033367808222513 -0.009235354705166841 0.91963342997501252 0.010286184604926543 0.040408163265306128 -0.009077785258535696
decision_type=2 2 2 2 2 2
left_child=5 -2 4 -4 -3 -1
right_child=1 2 3 -5 -6 -7
leaf_value=0.0016516138144429689 -0.017928525832920286 -0.006659441252937031 -0.025393359186524914 0.0039861886006183614 0.0068656899277752858 0.026179309174439214
leaf_weight=8.698679447174074 12.606421634554861 18.50767707824707 7.3789106756448728 7.3326323926448822 90.357791975140572 9.5620630681514722
leaf_count=38 52 77 31 30 374 41
internal_value=0.00226953 3.40002e-05 0.00224221 -0.0111277 0.00435239 0.0165521
internal_weight=154.444 136.183 123.577 14.7115 108.865 18.2607
internal_count=643 564 512 61 451 79
is_linear=0
shrinkage=0.03


Tree=46
num_leaves=7
num_cat=0
split_feature=24 34 1 31 4 21
split_gain=6.04337 4.84087 6.21897 6.86874 5.71271 4.93483
threshold=0.72944819819819828 0.034830690815106487 0.00092476045860678824 -1.4999999999999998 0.017053581233531959 0.010640926741362603
decision_type=2 2 2 2 2 2
left_child=1 2 3 -1 -4 -3
right_child=-2 5 4 -5 -6 -7
leaf_value=0.010908183269230915 -0.015689968966671432 -0.020037667601886355 0.020406250188819374 -0.0086280145911813797 0.00093679736620396088 0.0079347937701766159
leaf_weight=26.309007734060287 13.101501703262327 11.820249140262606 36.087579190731049 35.794210016727448 23.987501263618469 7.2391425967216483
leaf_count=108 55 50 151 150 99 30
internal_value=0.00219858 0.00415858 0.00643656 -3.57104e-05 0.0131545 -0.00895633
internal_weight=154.339 141.238 122.178 62.1032 60.0751 19.0594
internal_count=643 588 508 258 250 80
is_linear=0
shrinkage=0.03


Tree=47
num_leaves=8
num_cat=0
split_feature=24 25 21 11 7 1 24
split_gain=5.73177 4.92237 7.40231 4.83836 4.79016 4.657 4.09285
threshold=0.72944819819819828 0.23836580086580089 0.0098818377651312458 -0.020533216334487955 0.0031181921246122503 0.0031753472934835662 0.24106002554278419
decision_type=2 2 2 2 2 2 2
left_child=1 2 4 -3 -1 -4 -5
right_child=-2 3 5 6 -6 -7 -8
leaf_value=0.0088447431093803246 -0.015284686226832604 0.016188988010488833 0.0063898771486762679 -0.010209261181575471 -0.016586039056437962 0.026048544374715692 0.0058787668898365886
leaf_weight=10.454480439424517 13.098502948880194 9.4153750389814359 28.742641940712929 41.185846358537674 11.695750296115873 21.256298258900642 18.378179132938385
leaf_count=43 55 39 120 171 49 89 77
internal_value=0.00213256 0.00404489 0.00944357 -0.00149753 -0.00422363 0.0157164 -0.00497201
internal_weight=154.227 141.129 72.1492 68.9794 22.1502 49.9989 59.564
internal_count=643 588 301 287 92 209 248
is_linear=0
shrinkage=0.03


Tree=48
num_leaves=8
num_cat=0
split_feature=3 34 26 26 36 37 38
split_gain=5.07761 3.83162 4.67416 4.64878 3.60834 2.49346 2.00626
threshold=-0.024033367808222513 0.03082235894928809 0.59449404761904778 0.36996779388083739 0.0071026271226287954 -0.009077785258535696 0.0095567710018403893
decision_type=2 2 2 2 2 2 2
left_child=5 2 3 -2 6 -1 -3
right_child=1 4 -4 -5 -6 -7 -8
leaf_value=0.0016476239863678589 0.0035498118767821494 -0.0036428180924621789 0.018047951305917142 -0.011182193166381766 0.0033534272605137893 0.025478571564979725 -0.02906893576890815
leaf_weight=8.6984511911869067 77.31408579647541 7.2356283068656939 12.753450140357016 23.467176154255867 8.0758955925703031 9.4935459196567518 7.0731781274080276
leaf_count=38 320 30 53 97 34 41 30
internal_value=0.00208123 0 0.00227672 0 -0.0108102 0.0161186 -0.0191548
internal_weight=154.111 135.919 113.535 100.781 22.3847 18.192 14.3088
internal_count=643 564 470 417 94 79 60
is_linear=0
shrinkage=0.03


Tree=49
num_leaves=7
num_cat=0
split_feature=24 26 14 10 35 13
split_gain=5.46198 5.88188 5.29021 5.5029 3.21664 0.799817
threshold=0.75911803713527859 0.068974630021141667 85.082859966682932 0.0076336552728047966 0.049449557973192511 -2.307722698306232
decision_type=2 2 2 2 2 2
left_child=1 4 3 -3 5 -1
right_child=-2 2 -4 -5 -6 -7
leaf_value=0.0089270309144281797 -0.016983559118460674 0.0039360492416372289 0.020706225479827926 -0.0096134542287649744 0 0.028895683398816825
leaf_weight=8.4026450812816655 10.316550582647322 66.746587857604027 8.8167306333780271 41.880554869771004 7.8115650266408911 10.023227795958519
leaf_count=35 43 280 36 174 32 43
internal_value=0.00202631 0.00370863 0.000608821 -0.00123165 0.0160269 0.0222896
internal_weight=153.998 143.681 117.444 108.627 26.2374 18.4259
internal_count=643 600 490 454 110 78
is_linear=0
shrinkage=0.03


end of trees

feature_importances:
macro_usdjpy_vol_20=32
macro_usdjpy_ret_20=31
ma_5_20_cross=25
volatility=24
atr_pct=23
return_5d=18
month=18
macro_topix_vol_20=18
macro_usdjpy_ret_60=17
macro_topix_ret_20=15
macd=14
macd_signal=13
div_ma_10=12
vol_ratio=12
macro_nikkei_ret_20=12
return_10d=11
vol_change=10
candle_body_pct=10
bb_bandwidth=9
lower_shadow_pct=9
macd_hist=8
bb_pct_b=8
return_20d=7
div_ma_60=7
rsi_change=7
gap=7
return_2d=6
rsi=6
macd_hist_change=4
div_ma_20=3
ma_20_60_cross=3
day_of_week=3
price_position_20d=3
return_3d=2
div_ma_5=2
upper_shadow_pct=2
streak=2
return_1d=1
macro_topix_above_200dma=1

parameters:
[boosting: gbdt]
[objective: binary]
[metric: binary_logloss]
[tree_learner: serial]
[device_type: cpu]
[data_sample_strategy: bagging]
[data: ]
[valid: ]
[num_iterations: 50]
[learning_rate: 0.03]
[num_leaves: 15]
[num_threads: 0]
[seed: 42]
[deterministic: 0]
[force_col_wise: 0]
[force_row_wise: 0]
[histogram_pool_size: -1]
[max_depth: 4]
[min_data_in_leaf: 30]
[min_sum_hessian_in_leaf: 0.001]
[bagging_fraction: 0.7]
[pos_bagging_fraction: 1]
[neg_bagging_fraction: 1]
[bagging_freq: 5]
[bagging_seed: 400]
[bagging_by_query: 0]
[feature_fraction: 0.6]
[feature_fraction_bynode: 1]
[feature_fraction_seed: 30056]
[extra_trees: 0]
[extra_seed: 12879]
[early_stopping_round: 0]
[early_stopping_min_delta: 0]
[first_metric_only: 0]
[max_delta_step: 0]
[lambda_l1: 0.5]
[lambda_l2: 2]
[linear_lambda: 0]
[min_gain_to_split: 0]
[drop_rate: 0.1]
[max_drop: 50]
[skip_drop: 0.5]
[xgboost_dart_mode: 0]
[uniform_drop: 0]
[drop_seed: 17869]
[top_rate: 0.2]
[other_rate: 0.1]
[min_data_per_group: 100]
[max_cat_threshold: 32]
[cat_l2: 10]
[cat_smooth: 10]
[max_cat_to_onehot: 4]
[top_k: 20]
[monotone_constraints: ]
[monotone_constraints_method: basic]
[monotone_penalty: 0]
[feature_contri: ]
[forcedsplits_filename: ]
[refit_decay_rate: 0.9]
[cegb_tradeoff: 1]
[cegb_penalty_split: 0]
[cegb_penalty_feature_lazy: ]
[cegb_penalty_feature_coupled: ]
[path_smooth: 0]
[interaction_constraints: ]
[verbosity: -1]
[saved_feature_importance_type: 0]
[use_quantized_grad: 0]
[num_grad_quant_bins: 4]
[quant_train_renew_leaf: 0]
[stochastic_rounding: 1]
[linear_tree: 0]
[max_bin: 255]
[max_bin_by_feature: ]
[min_data_in_bin: 5]
[bin_construct_sample_cnt: 200000]
[data_random_seed: 175]
[is_enable_sparse: 1]
[enable_bundle: 1]
[use_missing: 1]
[zero_as_missing: 0]
[feature_pre_filter: 1]
[pre_partition: 0]
[two_round: 0]
[header: 0]
[label_column: ]
[weight_column: ]
[group_column: ]
[ignore_column: ]
[categorical_feature: ]
[forcedbins_filename: ]
[precise_float_parser: 0]
[parser_config_file: ]
[objective_seed: 16083]
[num_class: 1]
[is_unbalance: 0]
[scale_pos_weight: 1]
[sigmoid: 1]
[boost_from_average: 1]
[reg_sqrt: 0]
[alpha: 0.9]
[fair_c: 1]
[poisson_max_delta_step: 0.7]
[tweedie_variance_power: 1.5]
[lambdarank_truncation_level: 30]
[lambdarank_norm: 1]
[label_gain: ]
[lambdarank_position_bias_regularization: 0]
[eval_at: ]
[multi_error_top_k: 1]
[auc_mu_weights: ]
[num_machines: 1]
[local_listen_port: 12400]
[time_out: 120]
[machine_list_filename: ]
[machines: ]
[gpu_platform_id: -1]
[gpu_device_id: -1]
[gpu_use_dp: 0]
[num_gpu: 1]

end of parameters

pandas_categorical:[]
