tree
version=v4
num_class=1
num_tree_per_iteration=1
label_index=0
max_feature_idx=44
objective=binary sigmoid:1
feature_names=return_1d return_2d return_3d return_5d return_10d return_20d div_ma_5 div_ma_10 div_ma_20 div_ma_60 ma_5_20_cross ma_20_60_cross rsi rsi_change macd macd_signal macd_hist macd_hist_change bb_pct_b bb_bandwidth atr_pct volatility vol_change vol_ratio candle_body_pct upper_shadow_pct lower_shadow_pct day_of_week month is_month_end is_month_start streak gap price_position_20d macro_usdjpy_ret_20 macro_usdjpy_ret_60 macro_usdjpy_vol_20 macro_topix_ret_20 macro_topix_vol_20 macro_topix_above_200dma macro_nikkei_ret_20 macro_nikkei_above_200dma macro_nikkei_vi macro_jgb10y macro_bias_score
feature_infos=[-0.19711853307138183:0.13504273504273501] [-0.28450539830755761:0.14946982055464919] [-0.28886310904872392:0.17230769230769227] [-0.27795606023204145:0.16823001631321377] [-0.33249657690552259:0.26060358890701463] [-0.30142450142450139:0.27936378466557921] [-0.21716365493902046:0.066209787041232496] [-0.25636853612650634:0.10715795406509786] [-0.28241109870833997:0.14352976533346684] [-0.29204182399070583:0.29442443809760338] [-0.18656547063718198:0.11488144922026722] [-0.14527657521550907:0.14255958037173588] [17.237903225806463:96.028037383177576] [-25.000938332770346:27.728982072944575] [-263.58885642980886:408.19007934855017] [-218.12307519609428:343.30395389030264] [-148.17114725430511:93.517612130795641] [-49.139421189342215:27.969309762487512] [-0.44979986384889986:1.3735004984632544] [0.024154389231556928:0.55295253894360785] [0.008909034073147859:0.085348151999653371] [0.0059784954589238463:0.062472626747607757] [-0.8140130501280578:3.3778891538124665] [0.4226264082472177:2.078603599909461] [-0.9887640449438202:1] [0:0.86206896551724133] [0:0.94214876033057848] [0:4] [1:12] none [0:1] [-7:8] [-0.17699115044247793:0.15130544196288143] [0:1] [-0.10288784967882303:0.08505611680078462] [-0.13986255140503889:0.13160084488587853] [0.0024251968629527628:0.011841457708833433] [-0.22586490939044479:0.19897850606512013] [0.0040695656522785678:0.036437277456277402] [0:1] [-0.22859537662338159:0.23022297972565586] [0:1] none none none
tree_sizes=1162 1096 1281 1300 1206 1195 1410 1093 1200 1299 971 1099 1100 1184 1099 1211 1206 1203 1179 990 1306 1180 1286 1287 1098 1214 1422 1417 1089 1201 1416 1291 987 1093 1312 1390 1185 880 1507 1287 1211 1285 1164 1525 1214 1421 973 1390 1098 1093 1101 1292 1298 1295 1293 876 1000 991 892 1291 1060 1400 1299 1206 1305 1195

Tree=0
num_leaves=10
num_cat=0
split_feature=7 24 0 14 22 22 36 18 2
split_gain=18.4057 7.56027 9.32335 7.35049 5.13656 4.48659 3.76601 3.32609 1.72956
threshold=0.029010036108973392 0.25053191489361709 -0.017645760092389769 -0.99671425292092397 -0.28774836801922504 -0.13621166217350308 0.004619464286071664 0.42015291832522256 0.036766765011240328
decision_type=2 2 2 2 2 2 2 2 2
left_child=1 2 7 -3 -4 -5 -2 -1 -8
right_child=6 3 4 5 -6 -7 8 -9 -10
leaf_value=0.25388077256178476 0.25006514498448862 0.26801440432541962 0.25135307011501196 0.2551510131291122 0.27055083967810045 0.23335998387159509 0.21358808027536813 0.22996902055635515 0.23891862347840337
leaf_weight=8.6129834502935427 7.8747277259826687 8.6129834502935392 14.27294400334358 10.089494898915289 52.170071184635162 24.85460938513279 9.8434096574783343 7.6286424845457068 9.8434096574783307
leaf_count=35 32 35 58 41 212 101 40 31 40
internal_value=0.251185 0.256013 0.261325 0.246274 0.266321 0.23991 0.229764 0.242333 0.223225
internal_weight=153.803 126.242 82.6846 43.5571 66.443 34.9441 27.5615 16.2416 19.6868
internal_count=625 513 336 177 270 142 112 66 80
is_linear=0
shrinkage=1


Tree=1
num_leaves=9
num_cat=0
split_feature=7 23 3 40 7 5 36 13
split_gain=17.4764 7.63848 10.8432 9.10028 6.48267 4.46435 3.54758 3.46241
threshold=0.029010036108973392 0.82099402882892292 -0.036790468043481343 0.011053567231783081 0.0061730291547500036 0.018319138980825603 0.004619464286071664 4.1556899918172627
decision_type=2 2 2 2 2 2 2 2
left_child=1 3 -3 5 -4 -1 -2 -8
right_child=6 2 4 -5 -6 -7 7 -9
leaf_value=0.020970915261500481 -0.0014889129036094087 -0.016775080016876033 0.019324941751765114 -0.025368025583400185 0.0023069170453124846 -0.007536775164544627 -0.037224729787180763 -0.0070362187827393936
leaf_weight=7.3732251375913638 7.8762269020080593 11.311277061700819 47.69352725148201 13.282100170850752 38.626216009259224 7.8768334239721298 11.8493849337101 7.8960686624050131
leaf_count=30 32 46 194 54 157 32 48 32
internal_value=-0.000415177 0.00429294 0.00833825 -0.00869742 0.0121043 0.00621016 -0.021264 -0.0275998
internal_weight=153.785 126.163 97.631 28.5322 86.3197 15.2501 27.6217 19.7455
internal_count=625 513 397 116 351 62 112 80
is_linear=0
shrinkage=0.03


Tree=2
num_leaves=11
num_cat=0
split_feature=33 3 24 20 12 37 38 22 37 12
split_gain=12.3352 9.41303 6.00789 6.33301 6.14479 5.80573 5.0855 5.04298 4.89324 1.89488
threshold=0.675411223356429 -0.039493160269926324 0.10380747126436783 0.024004892328175913 67.605267073352209 0.017018739364093264 0.011883443035612526 -0.10126713310670336 0.033207504351008506 54.632082688109854
decision_type=2 2 2 2 2 2 2 2 2 2
left_child=1 -1 4 7 8 6 -3 -4 -2 -7
right_child=2 5 3 -5 -6 9 -8 -9 -10 -11
leaf_value=-0.014111750684328942 -0.0033134345797037955 0.026231238474305352 0 0.0034202994823917827 -0.013856292779651473 -0.0079945955212485376 0.00046638198863582374 -0.026910400825017718 0.021668854919944299 0.0089051931448329673
leaf_weight=11.332567453384398 11.305428713560106 28.46475151181221 7.8778368532657614 10.594781994819639 14.041162788867949 10.314183846116068 10.564311087131498 27.382363557815552 12.296683445572851 9.5802899152040464
leaf_count=46 46 116 32 43 57 42 43 111 50 39
internal_value=-0.000428342 0.00860162 -0.00822515 -0.0152893 0.000338898 0.0135361 0.0199855 -0.0211955 0.0097924 0
internal_weight=153.754 70.2561 83.4983 45.855 37.6433 58.9235 39.0291 35.2602 23.6021 19.8945
internal_count=625 286 339 186 153 240 159 143 96 81
is_linear=0
shrinkage=0.03


Tree=3
num_leaves=11
num_cat=0
split_feature=18 38 38 23 27 0 23 20 0 36
split_gain=13.3982 9.11 6.68516 8.6569 5.74768 8.70669 5.84992 4.47974 1.9909 1.27789
threshold=0.74565975695598563 0.011883443035612526 0.0093559764134423674 0.7977605321607516 3.5000000000000004 0.009814284337083869 1.1394519363759268 0.03320236967747444 0.01175662114538545 0.0048922641903527452
decision_type=2 2 2 2 2 2 2 2 2 2
left_child=1 2 3 -1 5 6 -2 -3 -4 -7
right_child=4 7 8 -5 -6 9 -8 -9 -10 -11
leaf_value=-0.020744033247357511 0.0050100846229104417 0.0013917660018320961 0.027114273000922333 0.010479408436783945 0.0063337668335610338 -0.011689311571778174 -0.021143202068293739 -0.02373445110522435 0.0046619232273962877 -0.036439647219479884
leaf_weight=8.1262051910161954 19.696355253458027 12.530940607190134 21.556258976459507 34.106940492987633 11.340456634759901 7.6484496295452145 9.6231224536895734 8.8748737573623639 7.3585516661405554 12.871338635683058
leaf_count=33 80 51 88 139 46 31 39 36 30 52
internal_value=-0.00041397 0.00663935 0.0118344 0.0034662 -0.0111942 -0.0155623 -0.00389692 -0.00952265 0.0225568 -0.0297378
internal_weight=153.733 92.5538 71.148 42.2331 61.1797 49.8393 29.3195 21.4058 28.9148 20.5198
internal_count=625 377 290 172 248 202 119 87 118 83
is_linear=0
shrinkage=0.03


Tree=4
num_leaves=10
num_cat=0
split_feature=18 21 18 5 27 0 4 1 36
split_gain=12.6914 11.5146 6.59063 6.15289 5.46529 8.23275 4.45264 4.40188 1.16568
threshold=0.74565975695598563 0.013880976513830062 0.64951443347848281 -0.017522878907720359 3.5000000000000004 0.009814284337083869 0.0080221779287610335 0.0012018241236935181 0.0048922641903527452
decision_type=2 2 2 2 2 2 2 2 2
left_child=1 6 3 -3 5 7 -1 -2 -7
right_child=4 2 -4 -5 -6 8 -8 -9 -10
leaf_value=0.031787557682491772 -0.017847729839525619 0.005059127953987619 0.015935969264647881 -0.015114803121002579 0.0061762287623968321 -0.011399453411221826 0.0056242890856743827 0.0043890766070163144 -0.03539177589638038
leaf_weight=15.634654596447946 10.599930286407472 22.355016574263573 14.235549077391623 27.503020063042641 11.331971704959868 7.6583425700664547 12.72625946998596 18.729219809174538 12.913401916623114
leaf_count=64 43 91 58 112 46 31 52 76 52
internal_value=-0.000417946 0.00645178 -0.00051424 -0.00593384 -0.0109036 -0.0151598 0.0216854 -0.00379512 -0.0289261
internal_weight=153.687 92.4545 64.0936 49.858 61.2329 49.9009 28.3609 29.3292 20.5717
internal_count=625 377 261 203 248 202 116 119 83
is_linear=0
shrinkage=0.03


Tree=5
num_leaves=10
num_cat=0
split_feature=33 19 28 15 15 33 12 8 23
split_gain=15.6739 10.5456 6.40855 7.81039 8.80427 7.13202 6.10427 12.0472 3.93524
threshold=0.68167342211928206 0.056827787037045698 10.500000000000002 61.189112542753996 110.72988496555229 0.94588963963963979 39.329470184936547 0.0059354866899477493 0.97699037336449479
decision_type=2 2 2 2 2 2 2 2 2
left_child=1 -1 3 5 -5 -2 8 -8 -3
right_child=2 6 -4 4 -6 -7 7 -9 -10
leaf_value=0.03231119198288479 0.003150205595632098 0.033198044864048544 0.0096257570277033591 -0.039469496992869287 -0.00033288353485459688 -0.022127309870424924 -0.012677712191288612 0.018882691360937887 0.002868081682354444
leaf_weight=14.859179452061651 34.240836054086685 7.3379441797733334 13.571507751941679 13.088620752096178 9.1232012063264829 11.649718895554541 28.212234050035477 14.934869244694708 9.3422625511884672
leaf_count=61 139 30 55 53 37 47 115 61 38
internal_value=0.00127434 0.0111366 -0.00761553 -0.011442 -0.0253695 -0.00360959 0.0047598 -0.00106864 0.0191396
internal_weight=156.36 74.6865 81.6739 68.1024 22.2118 45.8906 59.8273 43.1471 16.6802
internal_count=636 305 331 276 90 186 244 176 68
is_linear=0
shrinkage=0.03


Tree=6
num_leaves=12
num_cat=0
split_feature=5 21 16 20 9 1 3 35 38 21 20
split_gain=13.7412 10.4592 9.41904 7.59717 6.89439 6.66328 6.48656 5.83325 2.43272 4.45901 2.49633
threshold=0.053434052266253203 0.013835673276505674 0.50834777666413633 0.024004892328175913 -0.055510254366016198 0.0039780413593923933 0.035778684879871799 0.037607981997207725 0.007996741483552958 0.016882527939026063 0.018978051659591818
decision_type=2 2 2 2 2 2 2 2 2 2 2
left_child=1 2 -1 8 -3 -4 -5 -6 10 -10 -2
right_child=3 4 5 6 7 -7 -8 -9 9 -11 -12
leaf_value=0.032435315496551348 0.0027969171251174948 0.019138771077730894 0.019066915188118181 0.017535846135331486 -0.012872226242903129 -0.014234720911171773 -0.013134473991878351 0.0084415807966276811 -0.038895673818789681 -0.0080281017555822939 -0.016472219279951739
leaf_weight=21.392094284296036 9.1348450630903262 11.295050904154776 8.7997491657733935 12.294900044798853 30.227795749902725 8.6206626296043378 8.6659352183341962 15.471771314740179 8.9164816588163394 11.587635591626166 9.8840157240629178
leaf_count=88 37 46 36 50 123 35 35 63 36 47 40
internal_value=0.00124988 0.00833848 0.0199318 -0.00964599 0 0.00204608 0.00416282 -0.00529049 -0.0171784 -0.0243816 -0.00711803
internal_weight=156.291 95.8071 38.8125 60.4838 56.9946 17.4204 20.9608 45.6996 39.523 20.5041 19.0189
internal_count=636 391 159 245 232 71 85 186 160 83 77
is_linear=0
shrinkage=0.03


Tree=7
num_leaves=9
num_cat=0
split_feature=33 19 28 15 15 33 9 19
split_gain=14.3115 9.73966 6.05529 7.28038 8.10258 6.5942 3.74704 3.48823
threshold=0.68167342211928206 0.056827787037045698 10.500000000000002 61.189112542753996 110.72988496555229 0.94588963963963979 -0.055510254366016198 0.12044560738793238
decision_type=2 2 2 2 2 2 2 2
left_child=1 -1 3 5 -5 -2 -3 -8
right_child=2 6 -4 4 -6 -7 7 -9
leaf_value=0.031116485326392732 0.0030787268331162244 0.01869281122575259 0.0094818925952506773 -0.037893190432699668 -0.00030757307309719464 -0.021202317191792899 0.0046051708440691059 -0.01429292284208397
leaf_weight=14.715397924184797 34.221286863088608 11.265744090080259 13.560057058930395 13.154628545045854 9.1223312765359861 11.680196717381476 39.37753514945507 9.0997995287179929
leaf_count=61 139 46 55 53 37 47 161 37
internal_value=0.00120941 0.0106594 -0.00726877 -0.0109893 -0.0244132 -0.00341402 0.00453291 0.000334844
internal_weight=156.197 74.4585 81.7385 68.1784 22.277 45.9015 59.7431 48.4773
internal_count=636 305 331 276 90 186 244 198
is_linear=0
shrinkage=0.03


Tree=8
num_leaves=10
num_cat=0
split_feature=18 23 37 1 17 10 4 37 17
split_gain=13.3691 6.88338 16.3535 6.4275 8.11166 5.71301 6.89148 6.21103 5.13552
threshold=0.74565975695598563 0.7977605321607516 0.007958072948113017 -0.019317835069649344 4.462272237701586 0.059614337126984392 0.080264216081002551 0.046076855652094191 -8.4115014569098019
decision_type=2 2 2 2 2 2 2 2 2
left_child=1 2 -1 8 -5 6 7 -2 -3
right_child=5 3 -4 4 -6 -7 -8 -9 -10
leaf_value=0.013875985940013186 -0.017169040375854178 0.014539465858318491 -0.036187314565705613 0.022928760065418319 -0.0078589018329757315 -0.029987964117959273 0.015781642934679853 0.0044668010062095314 -0.014676201548471849
leaf_weight=12.718621999025347 31.410413280129433 7.3664681762456921 7.6526689976453772 45.161815837025642 7.3693019002676001 8.1983328461647016 9.6497839391231519 16.053597256541252 10.51152530312538
leaf_count=52 127 30 31 186 30 33 39 65 43
internal_value=0.00117188 0.00862491 -0.00581409 0.0130549 0.0182048 -0.00891307 -0.00472191 -0.00966325 -0.00163187
internal_weight=156.093 90.7804 20.3713 70.4091 52.5311 65.3121 57.1138 47.464 17.878
internal_count=636 372 83 289 216 264 231 192 73
is_linear=0
shrinkage=0.03


Tree=9
num_leaves=11
num_cat=0
split_feature=33 19 25 12 8 23 23 4 40 23
split_gain=12.9887 9.25868 6.08842 5.59517 11.3559 5.12541 6.38132 4.3266 4.0513 3.89274
threshold=0.68167342211928206 0.056827787037045698 0.11622807017543861 39.329470184936547 0.0059354866899477493 1.1394519363759268 0.84363358395025456 0.080264216081002551 0.046241342591128894 0.97699037336449479
decision_type=2 2 2 2 2 2 2 2 2 2
left_child=1 -1 7 9 -5 6 -4 8 -2 -3
right_child=2 3 5 4 -6 -7 -8 -9 -10 -11
leaf_value=0.030181905496443798 -0.031299351087871179 0.032007927256989636 -0.011586365289682335 -0.012610965904348371 0.018066261875286156 -0.015752576935146357 0.01311090102477777 0.00042505249640325854 -0.0021258541727022032 0.0020515546747251444
leaf_weight=14.582557216286657 15.361050784587865 7.2622555047273663 11.619893863797186 28.20661523938179 14.851817473769186 12.39974996447563 26.827414587140083 7.927322804927825 7.6366465985774985 9.299348831176756
leaf_count=61 62 30 47 115 61 50 109 32 31 38
internal_value=0.00112242 0.0101526 -0.00693956 0.00418957 -0.00136457 -0.000126494 0.00507199 -0.0169979 -0.0231572 0.018029
internal_weight=155.975 74.2026 81.7721 59.62 43.0584 50.8471 38.4473 30.925 22.9977 16.5616
internal_count=636 305 331 244 176 206 156 125 93 68
is_linear=0
shrinkage=0.03


Tree=10
num_leaves=8
num_cat=0
split_feature=12 21 19 28 35 21 17
split_gain=9.63507 8.70683 7.99472 8.55751 5.94145 4.72706 0.689576
threshold=45.204045902369934 0.021936876679699274 0.1897331480386546 2.5000000000000004 1.0000000180025095e-35 0.015429332472599333 1.1775863651179861
decision_type=2 2 2 2 2 2 2
left_child=1 6 3 5 -5 -2 -1
right_child=2 -3 -4 4 -6 -7 -8
leaf_value=0.031146042232440392 0 -0.0071342708134939101 -0.024388552690683296 -0.019493645599671691 -0.0012014430188126732 0.028223214743706867 0.0098998705235896056
leaf_weight=11.368325576186185 9.8645090758800524 9.5409432351589185 14.334240421652792 19.677118644118309 70.090964734554291 9.6219668537378293 7.2886940240859976
leaf_count=47 40 39 58 80 286 39 30
internal_value=-0.000999342 0.0141066 -0.00473511 -0.00162967 -0.005712 0.0152594 0.0253341
internal_weight=151.787 28.198 123.589 109.255 89.7681 19.4865 18.657
internal_count=619 116 503 445 366 79 77
is_linear=0
shrinkage=0.03


Tree=11
num_leaves=9
num_cat=0
split_feature=12 23 24 21 24 23 36 38
split_gain=9.15837 8.90728 11.005 8.33441 8.12187 3.29899 2.54937 0.832895
threshold=45.204045902369934 0.7977605321607516 0.56264009962640105 0.021936876679699274 -0.7227596517456687 0.71702735562068076 0.0071220746004734565 0.01059579863023492
decision_type=2 2 2 2 2 2 2 2
left_child=3 5 4 7 -3 -2 -4 -1
right_child=1 2 6 -5 -6 -7 -8 -9
leaf_value=0.030785618290407032 -0.0072358164332974621 -0.017251853534996028 -0.025352708506358745 -0.0069515631174285964 0.0082798924797301849 -0.036097746958659124 -0.0032483839437716031 0.0092215602051623716
leaf_weight=11.324994742870336 10.140389651060106 11.082033917307852 14.565669208765032 9.5503765195608121 70.055199041962624 7.9101948738098136 9.8887212276458722 7.255858600139617
leaf_count=47 41 45 59 39 286 32 40 30
internal_value=-0.000962368 -0.00460247 -0.000954384 0.0137823 0.00428111 -0.022971 -0.0179027 0.0248081
internal_weight=151.773 123.642 105.592 28.1312 81.1372 18.0506 24.4544 18.5809
internal_count=619 503 430 116 331 73 99 77
is_linear=0
shrinkage=0.03


Tree=12
num_leaves=9
num_cat=0
split_feature=12 23 21 26 23 37 23 38
split_gain=8.74446 8.45964 7.97935 7.80839 10.9497 3.93012 3.11278 0.781614
threshold=45.204045902369934 0.7977605321607516 0.021936876679699274 0.25101626016260165 1.1394519363759268 -0.0071811721970096434 0.71702735562068076 0.01059579863023492
decision_type=2 2 2 2 2 2 2 2
left_child=2 6 7 5 -5 -3 -2 -1
right_child=1 3 -4 4 -6 -7 -8 -9
leaf_value=0.030152878755406103 -0.0070505210459165532 -0.025628893144153238 -0.0067737841908071363 0.015660559098956181 -0.0140973891432067 -0.0043656875209189452 -0.035151390548718985 0.0090165095106918385
leaf_weight=11.258734837174421 10.147139728069307 8.5970848351716977 9.5593486726284009 37.092339485883713 13.310305297374724 46.574261322617531 7.9329423159360877 7.2439092099666587
leaf_count=47 41 35 39 152 54 189 32 30
internal_value=-0.00095789 -0.00451302 0.0134667 -0.000950779 0.00727773 -0.00872205 -0.0224003 0.0242962
internal_weight=151.716 123.654 28.062 105.574 50.4026 55.1713 18.0801 18.5026
internal_count=619 503 116 430 206 224 73 77
is_linear=0
shrinkage=0.03


Tree=13
num_leaves=10
num_cat=0
split_feature=7 1 0 19 9 28 28 40 7
split_gain=8.50093 7.75655 7.71536 6.61474 7.80586 6.28451 5.93325 5.50761 2.26902
threshold=0.015760069218773841 -0.018858637277112896 -0.0025616600007206665 0.1897331480386546 0.13056291329506703 5.5000000000000009 6.5000000000000009 0.040036700403983001 -0.014509095158414051
decision_type=2 2 2 2 2 2 2 2 2
left_child=1 8 6 4 5 -2 -3 -4 -1
right_child=3 2 7 -5 -6 -7 -8 -9 -10
leaf_value=-0.02003128808726513 -0.026654694049753319 0.032384272160510305 0.0065422641185633621 -0.03264703865949075 0.016924337541935255 -0.00089535043552575559 0.0037138768523906221 -0.015807054029261497 0
leaf_weight=10.299157828092577 12.916432172060011 15.034491971135141 38.656491234898567 8.1929401755332929 9.1545086205005628 23.255127772688866 13.579331785440443 11.030717357993124 9.5246983468532544
leaf_count=42 52 62 159 33 37 94 56 45 39
internal_value=-0.000949868 0.00417729 0.00852439 -0.0104323 -0.00488996 -0.0114013 0.0203996 0.000870781 -0.0115134
internal_weight=151.644 98.1249 78.301 53.519 45.3261 36.1716 28.6138 49.6872 19.8239
internal_count=619 403 322 216 183 146 118 204 81
is_linear=0
shrinkage=0.03


Tree=14
num_leaves=9
num_cat=0
split_feature=7 3 26 33 0 32 25 38
split_gain=8.06375 6.91889 6.16905 7.92627 5.87207 5.14653 6.66602 3.51878
threshold=0.015760069218773841 -0.036790468043481343 0.33558558558558566 0.53073942186845424 -0.0025616600007206665 0.013210002638443298 0.44189971070395379 0.008068179389049461
decision_type=2 2 2 2 2 2 2 2
left_child=1 -1 3 -3 -4 6 7 -2
right_child=5 2 4 -5 -6 -7 -8 -9
leaf_value=-0.014544953999465048 -0.0044885545618251243 0.016603310381303096 0.032106889269136366 -0.007688768809097888 0.0057385381373897051 0.0077572782666244624 0.0073597562710108304 -0.026553642787139821
leaf_weight=13.01573199033737 12.420276135206221 16.163984298706055 12.2832815349102 33.999934509396553 22.578613683581352 9.4232748150825483 8.149485692381857 23.549305468797684
leaf_count=53 50 67 51 139 93 38 33 95
internal_value=-0.000936433 0.00405852 0.00734752 0.000187622 0.016674 -0.0101696 -0.0144941 -0.0199674
internal_weight=151.584 98.0415 85.0258 50.1639 34.8619 53.5423 44.1191 35.9696
internal_count=619 403 350 206 144 216 178 145
is_linear=0
shrinkage=0.03


Tree=15
num_leaves=10
num_cat=0
split_feature=18 3 20 11 20 20 16 36 10
split_gain=15.5548 9.01036 8.96281 8.16416 7.08302 8.19945 6.68749 4.31981 3.08823
threshold=0.74565975695598563 -0.036790468043481343 0.016053394889674874 0.051295305461386949 0.018710389878664861 0.025482042940195501 -0.33372328351338781 0.0052974122720070051 0.0086552276725991879
decision_type=2 2 2 2 2 2 2 2 2
left_child=1 -1 -2 6 7 -6 -3 -4 -5
right_child=2 3 4 8 5 -7 -8 -9 -10
leaf_value=-0.012276032034441667 -0.033516237358176409 0.029972642329419468 0.024447699430918457 -0.011567971749816709 -0.019229332092769485 0.0079555044259923529 0.0061212472368214798 -0.0028890564157741756 0.0082177641304988884
leaf_weight=13.031438887119291 10.423830866813658 25.873704388737679 7.9179021120071438 11.316456303000452 30.736488536000252 12.127523779869078 22.123518407344818 8.4051229357719404 12.921942055225371
leaf_count=53 42 108 32 47 124 49 91 34 53
internal_value=0.000198042 0.00879105 -0.0100697 0.013022 -0.00473467 -0.0111918 0.0199634 0.0107738 -0.000625777
internal_weight=154.878 85.2671 69.6109 72.2356 59.187 42.864 47.9972 16.323 24.2384
internal_count=633 352 281 299 239 173 199 66 100
is_linear=0
shrinkage=0.03


Tree=16
num_leaves=10
num_cat=0
split_feature=7 14 21 38 38 36 35 14 26
split_gain=12.5547 12.6057 10.7613 7.48292 14.5835 6.21454 7.28158 6.94719 2.54076
threshold=0.0037013748788991478 -2.2925450318703038 0.013425265899584054 0.0093559764134423674 0.011856757862080571 0.0049452748353441744 -0.031479363654649699 81.403619154667709 0.2920596393897365
decision_type=2 2 2 2 2 2 2 2 2
left_child=2 -2 -1 8 -5 7 -7 -3 -4
right_child=1 5 3 4 -6 6 -8 -9 -10
leaf_value=0.029240250578647937 0.022155021233036774 0.011949316741335824 -0.019906801514744117 0.030208444153355031 -0.010493404868613863 0.0027979710205173168 -0.022201215480188368 -0.017157314567585603 5.0682728711069887e-05
leaf_weight=17.285394057631493 9.7414602637290937 17.231345251202587 10.751728847622873 15.199406236410143 12.529986456036566 11.850329473614691 42.462894067168236 9.9239181876182538 7.7827618569135657
leaf_count=73 40 70 44 63 51 48 172 40 32
internal_value=0.000189026 -0.0067914 0.0103381 0.002046 0.0118434 -0.0108803 -0.0165747 0.000350503 -0.0116073
internal_weight=154.759 91.2099 63.5493 46.2639 27.7294 81.4685 54.3132 27.1553 18.5345
internal_count=633 370 263 190 114 330 220 110 76
is_linear=0
shrinkage=0.03


Tree=17
num_leaves=10
num_cat=0
split_feature=18 3 11 12 16 28 40 34 10
split_gain=13.9386 8.42852 7.67347 6.3556 6.28154 4.853 8.1519 6.66506 4.76222
threshold=0.74565975695598563 -0.036790468043481343 0.051295305461386949 49.840807603659584 -0.33372328351338781 8.5000000000000018 0.0039381340697518539 0.01102276340830899 0.04950817016431542
decision_type=2 2 2 2 2 2 2 2 2
left_child=1 -1 4 -4 -3 6 -2 -7 -8
right_child=5 2 3 -5 -6 7 8 -9 -10
leaf_value=-0.011979314405869902 -0.03629064939697025 0.029001622914947647 -0.019719305883681475 0.0096931981903707887 0.0058158975712372775 -0.016753420251191139 -0.0008607576876911244 0.015494107804847187 -0.02569105096810987
leaf_weight=13.040261983871458 10.206912204623221 25.627631425857544 8.4553569257259387 15.756008207798002 22.074183776974678 7.4607070237398174 32.147910982370377 12.39306119084358 7.4668085128068915
leaf_count=53 41 108 35 65 91 30 130 50 30
internal_value=0.000197496 0.00836111 0.0124768 -0.000727161 0.0192399 -0.00950247 -0.0143879 0.00226544 -0.00691114
internal_weight=154.629 84.9534 71.9132 24.2114 47.7018 69.6754 49.8216 19.8538 39.6147
internal_count=633 352 299 100 199 281 201 80 160
is_linear=0
shrinkage=0.03


Tree=18
num_leaves=10
num_cat=0
split_feature=5 14 28 15 33 17 9 40 23
split_gain=14.2234 6.70598 10.6478 7.53604 5.50415 8.81211 4.42276 3.75375 0.0386557
threshold=0.013779171192521701 14.070483878945426 10.500000000000002 61.189112542753996 0.57026094895436186 -3.0931299876709555 0.10796533844040986 -0.027404487536900942 0.98254180511321143
decision_type=2 2 2 2 2 2 2 2 2
left_child=4 8 3 -3 5 -1 -4 -7 -2
right_child=1 2 6 -5 -6 7 -8 -9 -10
leaf_value=-0.0059837446126835532 -0.010942468848651878 0.00028588213164730623 0.027969962657675009 -0.018496963138400789 -0.0012485079080251146 0.0084190573288170732 0 0.03617510251879838 -0.029413612364451197
leaf_weight=7.6124857515096656 7.6259440183639509 42.932398542761803 10.412959888577463 30.639782443642616 14.131360232830046 9.8865433782339078 7.4233609884977332 16.450966462492946 7.3537341207265854
leaf_count=31 31 175 43 124 58 41 30 70 30
internal_value=0.000164123 -0.00585119 -0.0023953 -0.00762042 0.0134757 0.0197502 0.0169966 0.027615 -0.0232901
internal_weight=154.47 106.388 91.4085 73.5722 48.0814 33.95 17.8363 26.3375 14.9797
internal_count=633 433 372 299 200 142 73 111 61
is_linear=0
shrinkage=0.03


Tree=19
num_leaves=8
num_cat=0
split_feature=5 3 33 20 12 19 11
split_gain=13.492 6.67866 9.03459 5.89168 11.0117 8.47499 1.3664
threshold=0.013779171192521701 -0.042243723562050188 0.57026094895436186 0.01595276444085433 49.840807603659584 0.19376051468211311 0.042304293452569926
decision_type=2 2 2 2 2 2 2
left_child=1 -1 6 -2 -5 -6 -3
right_child=3 2 -4 4 5 -7 -8
leaf_value=-0.0081867277352206409 -0.023116794139009408 0.033669160333800636 -0.0002646302471002854 -0.03083478125067781 0.0045764208231465261 -0.023336880960756354 0.010494152284478692
leaf_weight=8.6287999302148801 13.279478430747984 17.590278670191768 13.884052023291586 9.0381832867860776 74.918990910053253 9.1715841889381391 7.8278868943452826
leaf_count=35 54 75 57 37 305 37 33
internal_value=0.000155024 0.0131482 0.0183651 -0.00569393 -0.0026181 0.000886319 0.0283653
internal_weight=154.339 47.931 39.3022 106.408 93.1288 84.0906 25.4182
internal_count=633 200 165 433 379 342 108
is_linear=0
shrinkage=0.03


Tree=20
num_leaves=11
num_cat=0
split_feature=11 24 17 17 33 14 20 19 32 11
split_gain=6.78521 9.617 7.41014 7.7645 7.31346 9.05638 3.9634 7.02438 5.56335 2.56867
threshold=0.050409947298957321 0.73748119492800346 -2.987319354281794 -6.2806066598041275 0.57311552321662662 10.872642322874869 0.023672503196736677 0.089985226577239577 0.00044980055841215011 0.018499578504962314
decision_type=2 2 2 2 2 2 2 2 2 2
left_child=2 6 3 -1 9 -6 7 -2 -8 -4
right_child=1 -3 4 -5 5 -7 8 -9 -10 -11
leaf_value=0.0086335741809870012 0.0032513695638089674 -0.033983409612290801 0.028461168342689837 -0.02831937413847806 -0.011944393605650028 0.011546206722983223 -0.0058992188382310292 -0.023652043280285636 0.024507272123017978 0.0039057799414605027
leaf_weight=7.353819444775584 18.687641829252247 8.2154117524623853 16.88792380690575 9.0192383378744108 21.111660912632942 37.976131767034531 8.8679418563842791 12.658712625503538 8.3402832299470884 7.6304939836263648
leaf_count=30 77 33 72 37 86 155 36 51 34 32
internal_value=0.000580184 -0.00744087 0.00533838 -0.0117727 0.00906132 0.00279136 -0.00148642 -0.00793026 0.00907423 0.0222557
internal_weight=156.749 56.77 99.9793 16.3731 83.6062 59.0878 48.5546 31.3464 17.2082 24.5184
internal_count=643 231 412 67 345 241 198 128 70 104
is_linear=0
shrinkage=0.03


Tree=21
num_leaves=10
num_cat=0
split_feature=5 20 1 1 15 3 4 4 26
split_gain=6.61696 8.28329 5.26059 5.32331 5.97112 4.03726 2.53801 2.95796 2.52947
threshold=0.061973505586952145 0.025289347603478823 -0.019317835069649344 -0.012999785809590601 35.028507586957545 0.035778684879871799 0.012793839520112706 0.08952659788704033 0.21605209247878257
decision_type=2 2 2 2 2 2 2 2 2
left_child=2 6 8 -4 -5 -3 -2 -8 -1
right_child=1 5 3 4 -6 -7 7 -9 -10
leaf_value=-0.01997412136881321 0 0.019925274533709302 0.029160886304895221 0.010573521110472082 -0.0067295651494748004 -0.0057986558936890028 -0.02397479706339134 -0.00020459555520887387 0.0013608719812503941
leaf_weight=7.8116092979907972 7.6416383832693091 9.7920582890510577 8.0408442765474302 54.460614666342735 23.59358674287796 7.7037223130464545 22.818333953619007 7.4545682966709128 7.3043566048145294
leaf_count=32 31 40 34 226 97 31 92 30 30
internal_value=0.00055496 -0.007511 0.00517617 0.00814522 0.00511845 0.00839625 -0.0152802 -0.0189617 -0.00983387
internal_weight=156.621 55.4103 101.211 86.095 78.0542 17.4958 37.9145 30.2729 15.116
internal_count=643 224 419 357 323 71 153 122 62
is_linear=0
shrinkage=0.03


Tree=22
num_leaves=11
num_cat=0
split_feature=5 20 0 1 40 28 3 3 18 26
split_gain=6.25547 7.84152 7.66527 8.59618 4.9072 4.27114 3.85685 3.72661 3.38958 1.27854
threshold=0.061973505586952145 0.025289347603478823 0.012302440391414706 -0.019317835069649344 0.057174790697194118 8.5000000000000018 0.035778684879871799 0.02262808189364807 0.88985487801809937 0.21238244514106586
decision_type=2 2 2 2 2 2 2 2 2 2
left_child=2 4 3 9 5 -2 -3 -4 -5 -1
right_child=1 6 7 8 -6 -7 -8 -9 -10 -11
leaf_value=-0.017103692618520339 -0.029385001279752208 0.019473803722343752 -0.018451911489570618 0.016662039498929759 0.0045440800585375175 -0.0047897690394424191 -0.0056591023260435273 0.0044732202810641849 -0.002657730920550196 0
leaf_weight=7.3320118039846403 17.14448040723801 9.7652738094329852 13.887676686048509 57.058489575982094 7.4158356934785834 13.378480598330496 7.7061676234006873 8.1264018118381482 7.3950444012880316 7.3034113347530365
leaf_count=30 69 40 57 239 30 54 31 33 30 30
internal_value=0.000535426 -0.00730266 0.00503496 0.0094585 -0.0148586 -0.0200234 0.00817538 -0.00969683 0.0142064 -0.0097434
internal_weight=156.513 55.4102 101.103 79.089 37.9388 30.523 17.4714 22.0141 64.4535 14.6354
internal_count=643 224 419 329 153 123 71 90 269 60
is_linear=0
shrinkage=0.03


Tree=23
num_leaves=11
num_cat=0
split_feature=11 24 18 17 36 17 0 21 21 11
split_gain=6.12917 8.9629 6.73927 10.634 9.18094 7.34288 5.44951 3.68607 7.01182 6.70658
threshold=0.050409947298957321 0.73748119492800346 0.89729723396043792 -2.987319354281794 0.0055382943536720179 -6.2806066598041275 0.012302440391414706 0.017142338035706969 0.015382404637666242 0.081474058145270215
decision_type=2 2 2 2 2 2 2 2 2 2
left_child=2 7 3 5 -4 -1 -5 8 -2 -9
right_child=1 -3 4 6 -6 -7 -8 9 -10 -11
leaf_value=0.0086371261409949381 0.0019249893687863667 -0.032729938194401439 0.0089348782160355404 0.019349396492742959 -0.028653920389057248 -0.027246786158521 0 0.023291510242272245 -0.028284526611937415 -0.0064747535527968402
leaf_weight=7.3430645912885693 16.726539924740795 8.2218637168407422 9.6458596885204333 48.074469804763794 9.4596583694219571 9.0558681637048704 16.066867887973785 10.01705387234688 8.6701832115650159 13.07537868618965
leaf_count=30 69 33 39 202 38 37 66 41 35 53
internal_value=0.000498871 -0.00712009 0.00503737 0.00892094 -0.0099173 -0.0111713 0.0144672 -0.00135607 -0.00915265 0.00666679
internal_weight=156.357 56.711 99.6458 80.5403 19.1055 16.3989 64.1413 48.4892 25.3967 23.0924
internal_count=643 231 412 335 77 67 268 198 104 94
is_linear=0
shrinkage=0.03


Tree=24
num_leaves=9
num_cat=0
split_feature=11 17 17 31 35 25 10 7
split_gain=5.80011 6.31847 6.98167 6.76061 10.1086 6.31592 4.35489 5.50969
threshold=0.050409947298957321 -2.987319354281794 -6.2806066598041275 3.5000000000000004 0.055900136275615082 0.032389194859690544 0.0066810218942251485 0.01478387987803602
decision_type=2 2 2 2 2 2 2 2
left_child=1 2 -1 4 -3 -2 -7 -8
right_child=5 3 -4 -5 -6 6 7 -9
leaf_value=0.0084405238662866623 -0.027673449682930298 0.017156829167126724 -0.026515935979647715 -0.014417031635696803 -0.0080991150481253271 -0.016127279217435397 0.014604957556023916 -0.0075951602795949003
leaf_weight=7.3353832513093975 8.9080719947814924 58.419228255748749 9.0810374170541746 8.1922112107276899 16.446120068430901 12.177017271518705 17.745085388422012 17.865388035774231
leaf_count=30 36 243 37 33 69 50 73 72
internal_value=0.00045666 0.00488042 -0.0108614 0.00835039 0.0113472 -0.00695121 -0.00183061 0.00325695
internal_weight=156.17 99.474 16.4164 83.0576 74.8653 56.6956 47.7875 35.6105
internal_count=643 412 67 345 312 231 195 145
is_linear=0
shrinkage=0.03


Tree=25
num_leaves=10
num_cat=0
split_feature=18 21 17 38 32 0 24 38 18
split_gain=8.70254 10.7761 5.84633 6.27775 5.21451 6.13359 7.14466 3.88542 3.05683
threshold=0.75431318769116229 0.013835673276505674 -6.346384028798993 0.009538205352506603 0.010536479159197533 0.0062246836861087349 -0.46609195402298847 0.0073904687451251195 0.65263850308618443
decision_type=2 2 2 2 2 2 2 2 2
left_child=1 8 -3 -4 5 6 -2 -7 -1
right_child=4 2 3 -5 -6 7 -8 -9 -10
leaf_value=0.026971545240554038 -0.02326466273330427 0.014878621902630517 -0.017014041743453334 0.0033438898685494473 0.0084049227253374832 -0.0017019511890243228 0.0068956137946657552 -0.029363297250327301 0.0020406227725886916
leaf_weight=18.122566223144535 8.1794005185365695 12.723817363381384 23.896209165453911 25.624038487672806 10.426776170730589 7.6845415234565762 20.447398617863655 19.138098016381264 7.8737085461616507
leaf_count=79 33 52 98 107 42 31 83 77 33
internal_value=-0.000871302 0.00513881 -0.00154345 -0.00646789 -0.00905697 -0.0127799 -0.00218866 -0.0226269 0.0206415
internal_weight=154.117 88.2403 62.2441 49.5202 65.8762 55.4494 28.6268 26.8226 25.9963
internal_count=635 369 257 205 266 224 116 108 112
is_linear=0
shrinkage=0.03


Tree=26
num_leaves=12
num_cat=0
split_feature=9 23 23 40 32 32 16 40 2 2 16
split_gain=9.02387 7.52199 8.27536 10.2914 4.11235 4.61086 3.58305 4.7057 3.36525 4.83061 0.92048
threshold=0.044874654676241958 1.1292284114510875 0.8081612607387989 -0.010339750531914103 -0.0025354258776387746 -0.013879339771869502 9.1825658304764541 0.040857031965668263 0.0040810779551238028 0.038994060406925331 0.32818733958512075
decision_type=2 2 2 2 2 2 2 2 2 2 2
left_child=4 2 -2 -4 5 -1 7 -6 -3 -10 -7
right_child=1 8 3 -5 6 10 -8 -9 9 -11 -12
leaf_value=-0.0012029269968021803 -0.020160570744372993 -0.0023567945524851884 -0.019285793777375635 0.01262060298035165 0.0027201188663619133 0.032025458714238612 0.015632888276673612 -0.020813172031859214 -0.040959279729396419 -0.0060533499283397674 0.0096737260629343614
leaf_weight=7.509649425745013 13.58101139962673 8.8480267971754092 9.7924333661794645 36.005389213562012 26.393438994884491 8.9198391139507311 9.7973534166812879 8.2014234066009504 8.9559777826070803 8.2194060385227186 7.7609123587608329
leaf_count=31 55 36 40 148 111 39 40 34 36 33 32
internal_value=-0.000840086 -0.00735765 -0.00100845 0.00496308 0.00704188 0.0165212 0.00106346 -0.00328162 -0.0202037 -0.0274107 0.0245781
internal_weight=153.985 85.4022 59.3788 45.7978 68.5826 24.1904 44.3922 34.5949 26.0234 17.1754 16.6808
internal_count=635 348 243 188 287 102 185 145 105 69 71
is_linear=0
shrinkage=0.03


Tree=27
num_leaves=12
num_cat=0
split_feature=7 21 38 18 38 21 19 13 9 13 35
split_gain=8.99864 6.81612 7.86474 7.37218 7.22868 6.87303 6.57824 5.51698 7.7052 2.6104 0.514102
threshold=0.013382421383876035 0.013981960567036206 0.009538205352506603 0.6692023863254779 0.012044554040536367 0.018555359187254674 0.17651732855808064 8.0852866236605205 0.041704947030907241 1.0000000180025095e-35 0.060796940402693463
decision_type=2 2 2 2 2 2 2 2 2 2 2
left_child=1 3 5 10 -4 -3 7 8 -2 -5 -1
right_child=6 2 4 9 -6 -7 -8 -9 -10 -11 -12
leaf_value=0.031979973506523832 0.011862460205155259 -0.020728641905117858 0.021400744089346609 0.010162273688721322 -0.0076835785946940387 0.0076822292133046765 -0.027571223938431446 0.01631922987546823 -0.01599257708380154 -0.012067095476430617 0.011964265872073878
leaf_weight=11.583250120282175 10.025886863470076 21.055880397558216 16.64980418980122 7.2710636407136899 10.739515855908392 9.2576223909854871 12.598889917135237 7.6655639559030524 30.740784257650375 7.5752283036708832 8.7061995416879636
leaf_count=51 41 86 70 30 44 38 51 31 124 31 38
internal_value=-0.000832572 0.00491314 -0.00125955 0.0149762 0.00973941 -0.0116494 -0.0096893 -0.00383125 -0.00855697 -0.000375757 0.0259084
internal_weight=153.87 92.8386 57.7028 35.1357 27.3893 30.3135 61.0311 48.4322 40.7667 14.8463 20.2894
internal_count=635 388 238 150 114 124 247 196 165 61 89
is_linear=0
shrinkage=0.03


Tree=28
num_leaves=9
num_cat=0
split_feature=33 21 18 11 11 38 20 14
split_gain=10.26 7.14769 9.08569 7.86477 5.8733 4.67301 1.85362 1.69353
threshold=0.94588963963963979 0.013835673276505674 0.6692023863254779 -0.057775923368732267 0.025745218586607502 0.009538205352506603 0.015018383397557919 57.736306837946138
decision_type=2 2 2 2 2 2 2 2
left_child=1 2 6 -3 -4 -5 -1 -2
right_child=7 3 4 5 -6 -7 -8 -9
leaf_value=0.0073528779342497417 -0.029985607223290533 0.023096836680252288 -0.015139059645468831 -0.012487928694384464 0.011939080300245472 0.0012091562598555863 0.032932816834144563 -0.0073618284396317945
leaf_weight=6.9232933372259167 8.7130067795515078 7.4594159871339789 11.314839228987696 41.722289800643921 13.674912020564078 41.698967516422272 12.513240262866018 9.6828478425741178
leaf_count=31 35 31 46 170 56 172 55 39
internal_value=-0.000788546 0.00207174 0.0117206 -0.00263434 0 -0.00559769 0.0260571 -0.0207024
internal_weight=153.703 135.307 44.4263 90.8807 24.9898 83.4213 19.4365 18.3959
internal_count=635 561 188 373 102 342 86 74
is_linear=0
shrinkage=0.03


Tree=29
num_leaves=10
num_cat=0
split_feature=7 19 15 15 0 40 24 20 13
split_gain=8.29994 6.39384 5.63265 6.96721 4.77015 9.40825 5.14328 5.22846 4.7286
threshold=0.013382421383876035 0.17651732855808064 13.544019569421385 91.840731171001465 -0.0030571049897732956 0.043304665039097696 -0.7380158730158729 0.021210078594105206 1.2239465971572374
decision_type=2 2 2 2 2 2 2 2 2
left_child=4 2 -2 -4 6 8 -1 -8 -6
right_child=1 -3 3 -5 5 -7 7 -9 -10
leaf_value=-0.0038180946500790919 0.011274962196595167 -0.026878138943053194 -0.017060073405316022 0.012339829040887245 0.01552183773152005 -0.02473456082633101 0.029059993612494815 0.0038422777803163895 -0.0043387828277291285
leaf_weight=11.789301693439482 13.688149601221083 12.593641489744185 27.291697785258293 7.4385557025670996 18.620777606964111 10.196301579475401 15.994522675871847 16.439347371459007 19.50948029756546
leaf_count=49 56 51 110 30 79 42 69 68 81
internal_value=-0.000754792 -0.00926196 -0.00349803 -0.0100258 0.00477207 -0.00148873 0.0117067 0.0176794 0.0052765
internal_weight=153.562 61.012 48.4184 34.7303 92.5497 48.3266 44.2232 32.4339 38.1303
internal_count=635 247 196 140 388 202 186 137 160
is_linear=0
shrinkage=0.03


Tree=30
num_leaves=12
num_cat=0
split_feature=5 38 23 36 5 15 25 38 0 34 23
split_gain=6.04126 8.64284 9.84967 9.10862 8.25772 6.16675 6.09765 5.15059 3.6476 1.6204 1.60765
threshold=0.010626406536502377 0.0075300993449637166 0.82099402882892292 0.0049452748353441744 0.12611496260365987 24.525007490881084 0.1795639490250269 0.012315511678136123 0.0078466023645545908 -0.0026877033262277523 0.99175270615615563
decision_type=2 2 2 2 2 2 2 2 2 2 2
left_child=5 2 -2 8 -5 7 -4 9 -3 -1 -9
right_child=1 3 6 4 -6 -7 -8 10 -10 -11 -12
leaf_value=0.011216820948014412 -0.01745451717578787 0.015301654827847965 2.6634524564783236e-05 -0.021997561120548712 0.0069538452413983468 -0.0082909434930480367 0.029605618131243808 -0.0069012238287461929 -0.0078796999987463812 0.033722724013284265 0.010274188374863956
leaf_weight=11.317649990320204 7.3561253100633612 13.843765810132028 11.773953929543497 38.615681305527687 9.3934922814369184 10.525458618998526 14.534869462251661 7.7054287046194059 7.4069922268390647 10.274612158536913 7.4547762423753738
leaf_count=49 30 57 48 158 38 44 60 32 30 45 31
internal_value=0.0012175 -0.00275741 0.00915704 -0.00885358 -0.0159814 0.00993605 0.0178351 0.0157016 0.00659383 0.0245129 0.000883487
internal_weight=150.203 102.925 33.6649 69.2599 48.0092 47.2779 26.3088 36.7525 21.2508 21.5923 15.1602
internal_count=622 421 138 283 196 201 108 157 87 94 63
is_linear=0
shrinkage=0.03


Tree=31
num_leaves=11
num_cat=0
split_feature=14 23 38 36 38 40 33 32 4 38
split_gain=6.34379 8.57909 10.2865 7.15815 7.0165 6.4345 4.75173 4.45601 3.49258 1.93125
threshold=1.0000000180025095e-35 0.84363358395025456 0.0074198193490818505 0.0045785071382542708 0.0066132866631609223 0.025287881130586446 0.57026094895436186 0.0019246452756827017 -0.022234563143623817 0.012315511678136123
decision_type=2 2 2 2 2 2 2 2 2 2
left_child=6 5 4 -4 -3 7 8 -2 9 -1
right_child=1 2 3 -5 -6 -7 -8 -9 -10 -11
leaf_value=0.01727019976925058 0.0096157666892224981 0 0.01304815990314412 -0.009155179996142274 0.0299775601390679 -0.036315997801848091 -0.0047799574950533035 -0.017678124396647128 0.0350622788125226 -0.0012064544108553008
leaf_weight=7.5537254661321676 8.2212681025266701 12.111645430326464 14.828179106116293 53.116028741002083 14.703289225697516 7.9501694589853278 7.8136881440877906 8.8381598740816099 7.4256654232740411 7.5018734633922577
leaf_count=33 34 50 61 219 61 32 32 36 33 31
internal_value=0.00120336 -0.00184054 0.00222763 -0.00386051 0.0173717 -0.0168334 0.0130704 -0.00410889 0.0197709 0.00812233
internal_weight=150.064 119.769 94.7591 67.9442 26.8149 25.0096 30.295 17.0594 22.4813 15.0556
internal_count=622 493 391 280 111 102 129 70 97 64
is_linear=0
shrinkage=0.03


Tree=32
num_leaves=8
num_cat=0
split_feature=33 28 36 17 35 17 21
split_gain=5.51301 8.91523 7.57281 5.83446 5.42288 2.09487 1.84092
threshold=0.9176453476291403 1.5000000000000002 0.0080213846019836638 2.4109821531294107 -0.0048633063187535344 5.231393894817022 0.02041133532171498
decision_type=2 2 2 2 2 2 2
left_child=1 -1 4 -2 -3 -5 -4
right_child=3 2 6 5 -6 -7 -8
leaf_value=0.031581916944718937 -0.024563819548362318 -0.014769111400790583 0.024603015512323755 0.011408372443526691 0.001773245373733039 -0.0080868205886013601 0.0026544541993084804
leaf_weight=7.7869673818349829 11.915285065770151 20.927352324128151 11.722737789154055 7.9384526014327985 74.617567583918571 7.4686169475317001 7.5446394979953757
leaf_count=32 48 87 50 32 312 30 31
internal_value=0.00118015 0.00400719 0.00149986 -0.0104017 -0.0019248 0.00125297 0.0177717
internal_weight=149.922 122.599 114.812 27.3224 95.5449 15.4071 19.2674
internal_count=622 512 480 110 399 62 81
is_linear=0
shrinkage=0.03


Tree=33
num_leaves=9
num_cat=0
split_feature=5 38 35 7 38 38 25 18
split_gain=5.57137 8.38562 14.4543 8.82554 5.95699 4.01274 3.05701 2.49057
threshold=-0.017522878907720359 0.0075300993449637166 0.0052147498903151188 0.0052747752154765895 0.0066132866631609223 0.012315511678136123 0.12925034798170612 0.61071247385901983
decision_type=2 2 2 2 2 2 2 2
left_child=5 4 7 -4 -2 -1 -6 -3
right_child=1 2 3 -5 6 -7 -8 -9
leaf_value=0.024832934182646718 -0.0040228229941625905 -0.041563908091150389 0.012387908250107217 -0.0087420770030924178 0.0011857181590932465 0.00038310730013849396 0.026318712823267934 -0.012818882467333301
leaf_weight=11.920189246535303 14.314348846673964 7.863066345453265 28.287386924028397 41.115766450762749 7.8649874329566982 13.072553560137747 15.041920572519301 10.363428458571432
leaf_count=52 59 32 121 167 32 54 63 42
internal_value=0.00115833 -0.00138405 -0.00652861 0 0.0100606 0.013576 0.0190798 -0.028845
internal_weight=149.844 124.851 87.6296 69.4032 37.2213 24.9927 22.9069 18.2265
internal_count=622 516 362 288 154 106 95 74
is_linear=0
shrinkage=0.03


Tree=34
num_leaves=11
num_cat=0
split_feature=14 23 2 33 4 40 33 32 4 33
split_gain=6.05263 8.2759 6.90068 8.32521 6.39951 5.96682 4.47867 4.229 3.35461 0.245626
threshold=1.0000000180025095e-35 0.84363358395025456 0.0095027313377162876 0.44105596784168216 0.056463646323029811 0.025287881130586446 0.57026094895436186 0.0019246452756827017 -0.022234563143623817 0.26669676404625292
decision_type=2 2 2 2 2 2 2 2 2 2
left_child=6 5 3 -3 -4 7 8 -2 9 -1
right_child=1 2 4 -5 -6 -7 -8 -9 -10 -11
leaf_value=0.0010734634230788163 0.0091722324833080713 -0.014134863667935878 -0.015011747072542511 0.015464686466337552 0.0068914055650898401 -0.035361936143002322 -0.0045264719680957683 -0.017421918485267595 0.034387222939791975 0.011651607096803235
leaf_weight=7.700798243284229 8.1890470087528282 8.477784186601637 26.965619698166847 41.264663249254227 17.852826714515686 7.9529166221618643 7.8203245699405661 8.8307212293148023 7.3212324380874643 7.2953908443450928
leaf_count=33 34 36 110 173 72 32 32 36 33 31
internal_value=0.00112461 -0.00184499 0.00215368 0.00977867 -0.00604485 -0.0165794 0.0127513 -0.00421854 0.0192969 0.00786763
internal_weight=149.671 119.534 94.5609 49.7424 44.8184 24.9727 30.1377 17.0198 22.3174 14.9962
internal_count=622 493 391 209 182 102 129 70 97 64
is_linear=0
shrinkage=0.03


Tree=35
num_leaves=12
num_cat=0
split_feature=15 35 35 38 15 6 15 15 38 0 6
split_gain=4.1211 8.12757 4.86598 4.72075 9.18068 4.83045 4.74978 4.68959 7.35235 3.55218 1.88498
threshold=26.879566989509989 -0.0038363945838799647 -0.041501841254739706 0.010825274427929264 2.3512719384598344 0.006929782721158342 1.447841932455596 41.694663824487137 0.009538205352506603 0.0068337132771051365 -0.00097233640549188754
decision_type=2 2 2 2 2 2 2 2 2 2 2
left_child=3 2 -2 6 5 -5 -1 -3 -9 -8 -4
right_child=1 7 10 4 -6 -7 9 8 -10 -11 -12
leaf_value=-0.0038807634531492943 0 -0.014463563905041582 -0.0097241437769348821 0.018821764987511241 -0.022644432642596479 -0.0080923073909035838 0.025547722157138967 -0.0038298166484172455 0.019783489519801221 0.0010391191841381603 -0.037522617799811669
leaf_weight=11.337757810950277 7.3621485978364971 13.281733855605124 7.2855432480573716 12.207156851887705 12.698100596666334 7.9349861890077582 16.17690892517567 30.372036904096603 16.309440314769745 9.6545513123273832 9.0900080353021568
leaf_count=48 30 55 30 52 53 33 69 124 67 40 37
internal_value=-0.00151983 -0.00601579 -0.0201174 0.00366487 -0.00418549 0.0077683 0.0108434 0 0.00458584 0.0176595 -0.0283758
internal_weight=153.71 83.7009 23.7377 70.0095 32.8402 20.1421 37.1692 59.9632 46.6815 25.8315 16.3756
internal_count=638 343 97 295 138 85 157 246 191 109 67
is_linear=0
shrinkage=0.03


Tree=36
num_leaves=10
num_cat=0
split_feature=25 28 32 19 28 15 23 22 34
split_gain=7.83823 7.67547 4.58531 4.49208 4.13627 5.03551 3.64633 4.70609 3.93493
threshold=0.10372413793103449 8.5000000000000018 0.0013511951682365633 0.050592293754095262 2.5000000000000004 37.367109496633951 0.8081612607387989 -0.030008725022271362 0.022515759173616371
decision_type=2 2 2 2 2 2 2 2 2
left_child=1 4 -3 -2 -1 -6 7 -5 -8
right_child=3 2 -4 6 5 -7 8 -9 -10
leaf_value=0 0.018691080905214662 -0.0088535520186286427 0.017240836829156243 -0.024810997688729641 -0.0093417245412975424 -0.039206853661293492 0.0089874230128210858 0.0017991917959727583 -0.0056744151680200826
leaf_weight=8.1108760386705381 12.703952401876448 10.411951512098314 9.4033616185188276 8.3455151468515414 14.035307273268701 10.885461702942846 46.271771460771561 11.403389424085615 22.068920210003853
leaf_count=33 56 43 39 35 58 44 192 47 91
internal_value=-0.00149289 -0.0107003 0.00328731 0.003303 -0.0192282 -0.0248877 0.000551612 -0.0100036 0.00401278
internal_weight=153.641 52.847 19.8153 100.794 33.0316 24.9208 88.0896 19.7489 68.3407
internal_count=638 217 82 421 135 102 365 82 283
is_linear=0
shrinkage=0.03


Tree=37
num_leaves=7
num_cat=0
split_feature=12 19 7 24 26 27
split_gain=4.18269 5.78133 4.03477 4.1322 3.10048 1.57236
threshold=45.050349744872101 0.20679075200076383 -0.014509095158414051 0.30715589631252288 0.16247642991829042 2.5000000000000004
decision_type=2 2 2 2 2 2
left_child=4 2 -2 -4 -1 -6
right_child=1 -3 3 -5 5 -7
leaf_value=0.018517888045432352 -0.018874222644364357 -0.023288585539287525 0.0046271971504065071 -0.0074105490084370937 0.0075505042419694813 -0.009484151603272992
leaf_weight=12.447867378592493 9.0455338507890684 10.600248306989668 67.413398519158363 38.661824181675911 8.0139983743429166 7.385556384921073
leaf_count=54 37 43 281 157 35 31
internal_value=-0.00146504 -0.00389172 -0.00161041 4.49968e-05 0.00851466 0
internal_weight=153.568 125.721 115.121 106.075 27.8474 15.3996
internal_count=638 518 475 438 120 66
is_linear=0
shrinkage=0.03


Tree=38
num_leaves=13
num_cat=0
split_feature=37 38 35 35 25 14 37 0 22 11 26 13
split_gain=7.53107 8.32015 6.99938 10.5995 6.78597 6.56918 5.64787 4.05741 4.93996 3.98199 3.72288 0.309337
threshold=0.015771911015813437 0.010538236536327635 0.004257431469596896 -0.032653295259744079 0.51482127288578916 1.7323193012447293 -0.014209895761508438 0.0062246836861087349 -0.1511541456253945 -0.026857091914913086 0.19153439153439156 -2.812997212707351
decision_type=2 2 2 2 2 2 2 2 2 2 2 2
left_child=1 2 3 -1 7 9 -7 8 -2 -3 -9 -4
right_child=4 5 11 -5 -6 6 -8 10 -10 -11 -12 -13
leaf_value=0.019743851762650987 -0.016307456648534242 -0.0078284072847569219 0.0094333417627792734 -0.022618860641175874 0.014661192844208193 -0.033680794768203348 0 -0.0063140692963944336 0.0041681514380684549 0.01770646037579866 -0.029041156109177933 0.027330749441828533
leaf_weight=8.9982926249504107 15.295103639364241 7.6290716081857672 7.1437507867813137 8.2659975141286832 8.3502020686864835 7.9800031334161758 7.4357403665781003 16.024999648332599 24.07111132144928 9.9315154552459735 15.276719480752943 17.097520306706429
leaf_count=38 63 32 30 34 35 33 31 65 100 43 62 72
internal_value=-0.00143246 0.00522246 0.0139787 -2.9333e-06 -0.00786455 -0.00553876 -0.018926 -0.0110629 -0.00382851 0.00618001 -0.0189344 0.0237491
internal_weight=153.5 74.4819 41.5056 17.2643 79.0181 32.9763 15.4157 70.6679 39.3662 17.5606 31.3017 24.2413
internal_count=638 313 174 72 325 139 64 290 163 75 127 102
is_linear=0
shrinkage=0.03


Tree=39
num_leaves=11
num_cat=0
split_feature=25 38 11 4 3 21 21 11 12 35
split_gain=7.22843 7.99089 5.4266 5.22462 5.32893 5.30373 4.56692 4.04575 4.72907 2.17641
threshold=0.10372413793103449 0.011883443035612526 0.051953506793019362 0.032550205385668669 0.045860593444356341 0.014229405202104658 0.022628064695419853 0.036419653898039479 47.832041682586585 0.036352193553541697
decision_type=2 2 2 2 2 2 2 2 2 2
left_child=2 3 7 5 -5 -2 -3 8 -1 -4
right_child=1 6 9 4 -6 -7 -8 -9 -10 -11
leaf_value=0.0092791705647176457 0.021944183376636107 -0.028495144579971977 -0.030464784902867949 -0.01199464212209882 0.013563802734900364 0.0026635416790576445 0 0.014167431577871679 -0.015831682948024697 -0.0050990118264371918
leaf_weight=7.4887420386076 26.182198882102966 7.6422780901193645 11.091274857521059 18.614065349102024 9.1480100303888303 28.467904418706894 10.522394314408301 7.558629870414733 19.387827470898628 7.300287887454032
leaf_count=32 114 32 45 76 37 119 43 31 79 30
internal_value=-0.00139438 0.00321408 -0.0102392 0.0073276 -0.00272323 0.0126141 -0.0135806 -0.00233665 -0.0081574 -0.0226194
internal_weight=153.404 100.577 52.8268 82.4122 27.7621 54.6501 18.1647 34.4352 26.8766 18.3916
internal_count=638 421 217 346 113 233 75 142 111 75
is_linear=0
shrinkage=0.03


Tree=40
num_leaves=10
num_cat=0
split_feature=4 21 32 35 9 36 36 35 34
split_gain=8.15525 11.9851 7.12563 6.07404 5.61174 6.70615 4.65595 6.2762 3.44833
threshold=0.02169771918355479 0.013835673276505674 0.0070392923882107725 0.051122905301416728 -0.036460374223041353 0.0050177200738143321 0.0048815766993560369 -0.046495458847131681 0.011476410558069696
decision_type=2 2 2 2 2 2 2 2 2
left_child=1 3 6 -1 -3 -6 -2 -8 -4
right_child=2 4 8 -5 5 -7 7 -9 -10
leaf_value=0.033516828514335038 0.0017425125760702552 0.014874793265272818 -0.0042131055051972035 0.0041564041388258499 0.0055474827303330651 -0.018243007452489843 0.0045077812869166517 -0.023413386221780647 0.017296856195267659
leaf_weight=16.716421172022823 13.922102749347685 12.4558969438076 9.8140827566385287 12.510235875844954 17.991313591599464 19.966700926423073 7.5859871357679358 29.288161769509315 12.276442244648932
leaf_count=73 57 53 40 55 75 82 31 119 50
internal_value=0.00125139 0.00787374 -0.00580132 0.0225008 -0.000854902 -0.00687815 -0.0119631 -0.017347 0.00756163
internal_weight=152.527 79.6406 72.8868 29.2267 50.4139 37.958 50.7963 36.8741 22.0905
internal_count=635 338 297 128 210 157 207 150 90
is_linear=0
shrinkage=0.03


Tree=41
num_leaves=11
num_cat=0
split_feature=4 21 32 15 36 36 5 34 19 18
split_gain=7.7243 11.4215 6.72131 5.008 6.1142 4.4018 3.97453 3.28544 1.82219 2.8926
threshold=0.02169771918355479 0.013835673276505674 0.0070392923882107725 -18.600959633961384 0.0049900352998058324 0.0048815766993560369 0.090049708069051007 0.011476410558069696 0.055258249042157127 0.62842236931316786
decision_type=2 2 2 2 2 2 2 2 2 2
left_child=1 8 5 -3 -5 -2 -7 -4 9 -1
right_child=2 3 7 4 -6 6 -8 -9 -10 -11
leaf_value=0.024255725174079774 0.0016969902791200177 0.015786997500313218 -0.0041073082389778614 0.0062803958221686763 -0.015954257382262749 -0.024158621599800277 -0.0024503355864818766 0.01687455428262823 0.031104235143406603 0
leaf_weight=6.4837422370910707 13.920378893613814 10.240912333130835 9.8163528889417666 17.72957444190979 22.418024763464928 22.85799415409565 14.02415359020233 12.256515622138975 12.802872076630591 9.7897875905036909
leaf_count=31 57 44 40 74 92 93 57 50 56 41
internal_value=0.00123861 0.00769548 -0.00561925 -0.000809618 -0.00594724 -0.0116052 -0.0168406 0.00735429 0.0220208 0.0114315
internal_weight=152.34 79.4649 72.8754 50.3885 40.1476 50.8025 36.8821 22.0729 29.0764 16.2735
internal_count=635 338 297 210 166 207 150 90 128 72
is_linear=0
shrinkage=0.03


Tree=42
num_leaves=10
num_cat=0
split_feature=7 32 38 15 38 24 28 34 32
split_gain=7.22526 7.95711 6.3835 9.23073 7.86717 4.00334 2.74802 2.18879 1.35424
threshold=0.027235568532554318 0.0032910664954076689 0.007551698261077263 3.0210268409504413 0.011883443035612526 0.30715589631252288 10.500000000000002 0.010103050245114488 0.0031701414780527242
decision_type=2 2 2 2 2 2 2 2 2
left_child=2 -2 5 6 -5 8 -4 -3 -1
right_child=1 7 3 4 -6 -7 -8 -9 -10
leaf_value=0.028604907309981331 -0.028263683197952482 -0.0082589520239430801 0.020301554078951522 -0.00067042612738971369 -0.028703468903085606 0 0 0.01041053909924276 0.0071324272996318014
leaf_weight=13.477925777435308 12.09876634180546 8.6294407546520251 19.220014601945881 56.095843434333801 9.0529699772596341 8.3179193288087827 7.7554955780506125 9.6403183788061124 7.8653047978878012
leaf_count=58 49 35 83 233 37 34 34 39 33
internal_value=0.00122628 -0.0112791 0.00459768 0.00042623 -0.00552813 0.0162346 0.0147133 0.000907458 0.0226236
internal_weight=152.154 30.3685 121.785 92.1243 65.1488 29.6611 26.9755 18.2698 21.3432
internal_count=635 123 512 387 270 125 117 74 91
is_linear=0
shrinkage=0.03


Tree=43
num_leaves=13
num_cat=0
split_feature=10 38 38 35 21 33 21 21 35 24 10 35
split_gain=6.09322 6.59254 4.72121 4.55756 3.89495 9.00677 5.14302 3.86139 3.5452 2.86167 2.69628 1.83392
threshold=0.022287832891524698 0.007551698261077263 0.0095567710018403893 0.042782929003027832 0.015429332472599333 0.73558170209512175 0.017661363858610904 0.02745449312249815 0.037827511716566738 -0.21525302922309333 0.039083025324441197 0.060796940402693463
decision_type=2 2 2 2 2 2 2 2 2 2 2 2
left_child=4 10 9 -4 5 11 -6 -8 -7 -3 -2 -1
right_child=1 2 3 -5 6 8 7 -9 -10 -11 -12 -13
leaf_value=0.02606875188664106 -0.0031622921704058927 -0.036568654949687876 -0.013420445088802028 0.012805907360749352 -0.015019450616993689 0.0090280882475357559 0.012350354120872412 -0.0077867700902815281 -0.014686956303509266 -0.0078877895427516883 0.016877783440025065 0.0052205658243646555
leaf_weight=21.52715648710728 9.2954265028238314 7.918530315160754 12.576821208000185 7.8219025433063498 13.089107528328894 7.8142730295658138 23.958973258733749 10.21406441926956 10.581098094582556 9.1114694923162443 9.7674498707056028 8.2976337075233442
leaf_count=96 38 32 51 32 54 32 101 42 43 37 40 37
internal_value=0.00118501 -0.00636523 -0.0135739 -0.00244876 0.00584489 0.0116668 -2.30543e-05 0.0058191 -0.00398002 -0.0244536 0.00702131 0.0214324
internal_weight=151.974 56.4916 37.4287 20.3987 95.4823 48.2202 47.2621 34.173 18.3954 17.03 19.0629 29.8248
internal_count=635 230 152 83 405 208 197 143 75 69 78 133
is_linear=0
shrinkage=0.03


Tree=44
num_leaves=10
num_cat=0
split_feature=4 21 32 35 9 36 36 35 34
split_gain=6.9783 10.6065 6.15702 5.71149 5.03919 5.87996 4.21533 5.77119 3.03249
threshold=0.02169771918355479 0.013835673276505674 0.0070392923882107725 0.051122905301416728 -0.036460374223041353 0.0050177200738143321 0.0048815766993560369 -0.046495458847131681 0.011476410558069696
decision_type=2 2 2 2 2 2 2 2 2
left_child=1 3 6 -1 -3 -6 -2 -8 -4
right_child=2 4 8 -5 5 -7 7 -9 -10
leaf_value=0.032025246576729845 0.0018850631164231688 0.014102475331035759 -0.0039215554015986018 0.0034596732658431048 0.0050694830779666198 -0.017191138658232272 0.0046309172618414513 -0.02207102433095829 0.016219431404889628
leaf_weight=16.329564228653911 13.903833821415899 12.338015154004095 9.8123538941144961 12.385111495852469 17.923054054379463 20.002444446086884 7.5759184807538977 29.267456978559494 12.215734109282492
leaf_count=73 57 53 40 55 75 82 31 119 50
internal_value=0.00113948 0.00730728 -0.00536984 0.0212204 -0.000861901 -0.00656842 -0.0111054 -0.0162385 0.00704377
internal_weight=151.753 78.9782 72.7753 28.7147 50.2635 37.9255 50.7472 36.8434 22.0281
internal_count=635 338 297 128 210 157 207 150 90
is_linear=0
shrinkage=0.03


Tree=45
num_leaves=12
num_cat=0
split_feature=25 32 21 35 10 15 32 11 11 13 9
split_gain=7.21615 8.86922 5.39601 5.26825 9.35172 4.31885 4.14965 3.96032 2.8547 2.77532 0.0802357
threshold=0.09197085041316938 0.0048759813726554366 0.020876531051485191 0.056294619725414836 0.028552109539840668 10.545724092657492 -0.00024934612313254329 0.021244432731033717 0.050259702713735151 -0.29690327703983138 0.060354603077586756
decision_type=2 2 2 2 2 2 2 2 2 2 2
left_child=1 6 3 4 -2 -4 7 -1 -3 -5 -8
right_child=2 8 5 9 -6 -7 10 -9 -10 -11 -12
leaf_value=0.0099041904065421647 0.022419223544031346 0.019597475700044564 0.005235164340321348 0.01006044510179017 -0.0024014555641342977 -0.018853338908038367 -0.032657528934584235 -0.015752382245551453 -0.0023366814071179819 -0.010280759313125321 -0.012403644027965991
leaf_weight=7.7696695029735592 42.718621909618378 9.3580722212791461 12.882644370198252 7.8717777132988003 17.666897088289261 9.6113496720790845 7.7834378331899625 9.5152851492166501 7.3506775945425025 12.766766831278799 7.5790422707796097
leaf_count=33 185 39 54 35 72 39 32 39 30 54 31
internal_value=0.00254799 -0.00656611 0.00707774 0.0106936 0.0150729 -0.0051441 -0.0155264 -0.00361072 0.00992797 -0.00165643 -0.0261091
internal_weight=152.874 49.3562 103.518 81.0241 60.3855 22.494 32.6474 17.285 16.7087 20.6385 15.3625
internal_count=643 204 439 346 257 93 135 72 69 89 63
is_linear=0
shrinkage=0.03


Tree=46
num_leaves=8
num_cat=0
split_feature=38 12 0 7 33 16 32
split_gain=6.25701 6.75851 4.95593 6.09665 2.68986 1.69858 1.0464
threshold=0.011883443035612526 45.204045902369934 -0.01675253136159904 0.003458862763361758 0.56095151389205011 -7.7467695951072519 0.00091814656625832669
decision_type=2 2 2 2 2 2 2
left_child=1 6 -3 -4 5 -2 -1
right_child=4 2 3 -5 -6 -7 -8
leaf_value=0.029085613833763627 -0.0088517558658422861 -0.014664838743703289 0.016466035769867066 0 -0.019028302382732433 0.0088379163127208105 0.0082331654100886512
leaf_weight=9.2161192297935504 8.6498516947031003 11.394491150975226 26.072653099894524 69.299983069300652 12.521433264017103 6.8888254016637829 8.6026652604341489
leaf_count=42 36 47 114 284 51 30 39
internal_value=0.00245643 0.0054264 0.00223767 0.00467085 -0.00971485 -4.05499e-05 0.021622
internal_weight=152.646 124.586 106.767 95.3726 28.0601 15.5387 17.8188
internal_count=643 526 445 398 117 66 81
is_linear=0
shrinkage=0.03


Tree=47
num_leaves=12
num_cat=0
split_feature=25 38 15 7 2 23 12 12 12 10 37
split_gain=6.79643 12.0803 8.49308 5.94143 5.86729 4.60411 3.41596 4.91568 4.00724 2.04444 1.63044
threshold=0.09197085041316938 0.011608288433260254 6.4479678127920428 0.0086399386742235778 0.026270557639379358 0.7977605321607516 60.879227053140106 45.204045902369934 66.857591503954112 -0.0016002074070190495 0.02899913280706912
decision_type=2 2 2 2 2 2 2 2 2 2 2
left_child=6 3 9 5 -5 -2 7 -1 -8 -3 -9
right_child=1 2 -4 4 -6 -7 8 10 -10 -11 -12
leaf_value=0.00618796947891187 0 0.010915033115323672 -0.034019446736163014 -0.0053696208616294547 0.016889960496158436 0.024634758949233591 0.017109222894578523 -0.025741454477671899 -0.0072078902551824461 -0.0083005436019984724 -0.0043208591268973388
leaf_weight=6.9093307554721859 7.0138740539550772 8.2762739956378937 7.3764110654592505 24.242114096879959 15.494472473859785 33.481068998575211 7.9863106161355999 13.819900557398798 13.036138340830801 7.2734168469905862 7.5451140850782386
leaf_count=30 30 36 30 100 63 150 33 57 53 30 31
internal_value=0.00239251 0.00680307 -0.0113852 0.0123333 0.00334409 0.0202286 -0.00644993 -0.0129925 0.0020623 0.00115053 -0.0198361
internal_weight=152.454 103.158 22.9261 80.2315 39.7366 40.4949 49.2968 28.2743 21.0224 15.5497 21.365
internal_count=643 439 96 343 163 180 204 118 86 66 88
is_linear=0
shrinkage=0.03


Tree=48
num_leaves=9
num_cat=0
split_feature=38 14 12 36 36 5 21 4
split_gain=5.66816 6.52137 6.34941 5.49594 10.2915 4.26544 3.03385 0.0189094
threshold=0.011883443035612526 2.0905134443004276 45.204045902369934 0.0049452748353441744 0.0060562062630251769 0.10409542193282152 0.028826718747505229 -0.022234563143623817
decision_type=2 2 2 2 2 2 2 2
left_child=2 6 7 5 -5 -4 -2 -1
right_child=1 -3 3 4 -6 -7 -8 -9
leaf_value=0.011248545053588133 0.015819525191541353 -0.024360472441221623 0.017957945789110627 -0.017930692780448343 0.0051573485807512014 -0.0051258037621663213 -0.0073294630510588711 0.027291839407323427
leaf_weight=10.121004849672319 7.0712836980819764 12.016710564494131 24.645481199026108 23.714009627699852 50.53359192609787 7.6194554269313803 8.9622529596090299 7.511020600795745
leaf_count=45 31 49 103 98 213 31 37 36
internal_value=0.00231314 -0.00926108 0.00515259 0.00206478 -0.00229694 0.0120879 0.00267036 0.0209309
internal_weight=152.195 28.0502 124.145 106.513 74.2476 32.2649 16.0335 17.632
internal_count=643 117 526 445 311 134 68 81
is_linear=0
shrinkage=0.03


Tree=49
num_leaves=9
num_cat=0
split_feature=38 15 12 36 36 9 33 32
split_gain=5.38178 9.14164 6.1128 5.1933 9.7173 4.17673 2.86172 1.09859
threshold=0.011883443035612526 10.545724092657492 45.204045902369934 0.0049452748353441744 0.0060562062630251769 0.1170191284093733 0.57674976781871912 0.00091814656625832669
decision_type=2 2 2 2 2 2 2 2
left_child=2 6 7 5 -5 -4 -2 -1
right_child=1 -3 3 4 -6 -7 -8 -9
leaf_value=0.028040824907903477 0.010869134574553815 -0.032734286827611245 0.017492387694713309 -0.017414142931834981 0.0050113401626816767 -0.0055113243559151859 -0.009864924243190203 0.0073408677254417961
leaf_weight=9.03257964551449 12.043486729264265 7.8973976373672476 24.804434359073639 23.743764415383339 50.504460632801056 7.3934302031993857 8.0911201387643796 8.4926548898220044
leaf_count=42 52 32 104 98 213 30 33 39
internal_value=0.00225587 -0.00902011 0.00502736 0.00200021 -0.00223202 0.0117581 0.00172094 0.0205574
internal_weight=152.003 28.032 123.971 106.446 74.2482 32.1979 20.1346 17.5252
internal_count=643 117 526 445 311 134 85 81
is_linear=0
shrinkage=0.03


Tree=50
num_leaves=9
num_cat=0
split_feature=28 22 21 21 33 38 15 21
split_gain=3.69594 4.01883 3.47746 7.98474 5.82083 5.80349 4.73972 3.78894
threshold=11.500000000000002 -0.041802949962600137 0.018760009918573611 0.015232069699647926 0.675411223356429 0.012873870943676268 36.788489398564714 0.02041133532171498
decision_type=2 2 2 2 2 2 2 2
left_child=2 -2 3 4 -1 7 -5 -4
right_child=1 -3 5 6 -6 -7 -8 -9
leaf_value=0.011400998703605374 0.024512369213241784 -0.0031513617318736442 0.019835890103220181 0.00016597737947559891 -0.0075706320483389915 -0.012795334744279361 -0.024723839636398005 3.1612627882718781e-05
leaf_weight=21.626576393842697 7.3726001381874084 7.0843004733324033 14.361521601676939 7.6913285106420508 35.822273418307304 13.368687301874159 24.314106181263924 21.887776345014572
leaf_count=100 32 30 60 32 147 55 99 91
internal_value=-0.00196863 0.0113093 -0.003596 -0.00711775 -3.31705e-05 0.00249241 -0.0186434 0.00889691
internal_weight=153.529 14.4569 139.072 89.4543 57.4488 49.618 32.0054 36.2493
internal_count=646 62 584 378 247 206 131 151
is_linear=0
shrinkage=0.03


Tree=51
num_leaves=11
num_cat=0
split_feature=25 38 36 20 36 38 15 26 27 22
split_gain=5.5553 6.69174 5.42171 7.72597 5.32937 5.20982 7.13323 2.6674 2.66462 1.90075
threshold=0.10372413793103449 0.011541026147528622 0.0050336948839173829 0.027765587982527925 0.0064093759167840646 0.0094800925429017018 61.189112542753996 0.21802945657694264 2.5000000000000004 -0.22839810957677673
decision_type=2 2 2 2 2 2 2 2 2 2
left_child=2 5 7 8 -3 6 -2 -1 -4 -7
right_child=1 4 3 -5 -6 9 -8 -9 -10 -11
leaf_value=-0.0059201814937852541 0.0085054370568884551 -0.029812959313958422 -0.030257347023429255 0.0080733434394051739 0 6.7693717607972886e-05 -0.013434326370271234 0.015402030694230621 -0.0081059607777101816 0.020513822337974979
leaf_weight=8.8043833971023577 34.380887985229492 7.2423444092273739 17.110582455992702 7.6796012520790091 12.02372086048126 6.847640439867976 19.003546878695488 7.6187646687030783 12.171781748533247 20.518879354000092
leaf_count=36 148 30 71 32 51 30 78 32 50 88
internal_value=-0.00190205 0.00215843 -0.00958344 -0.0157837 -0.0126783 0.0061004 0.000221485 0.00375531 -0.0226361 0.0162616
internal_weight=153.402 100.017 53.3851 36.962 19.2661 80.751 53.3844 16.4231 29.2824 27.3665
internal_count=646 425 221 153 81 344 226 68 121 118
is_linear=0
shrinkage=0.03


Tree=52
num_leaves=11
num_cat=0
split_feature=25 4 33 0 20 34 9 9 34 37
split_gain=5.24613 7.00101 5.06369 8.15597 4.86262 5.12939 4.69479 4.57807 2.89237 2.60806
threshold=0.10372413793103449 -0.026749393866956458 0.80390071242995653 0.0068337132771051365 0.028903742705262858 0.0074667888597346197 0.048288451792273139 0.066611168341558391 0.022515759173616371 -0.015717976948543485
decision_type=2 2 2 2 2 2 2 2 2 2
left_child=4 9 6 -4 5 7 -3 -1 -7 -2
right_child=1 2 3 -5 -6 8 -8 -9 -10 -11
leaf_value=-0.035728152552031857 0 0.0017144781721321436 0.011837987003499644 -0.015788910471286277 0.009941061477157901 0.0083790885607960795 0.020497031605855868 -0.0052343260445838584 -0.010743318635537406 -0.025439531495814082
leaf_weight=10.878257691860201 7.1578590273857117 26.056908041238785 15.622689574956892 18.722426518797874 7.6378823071718207 9.5528340637683886 24.539389908313751 10.001484170556067 15.292359411716459 7.8093280047178251
leaf_count=45 31 117 64 76 32 40 104 41 63 33
internal_value=-0.0018557 0.00208975 0.00561889 -0.00284955 -0.00932215 -0.0131359 0.0115423 -0.0235115 -0.00275562 -0.0153561
internal_weight=153.271 99.9086 84.9414 34.3451 53.3628 45.7249 50.5963 20.8797 24.8452 14.9672
internal_count=646 425 361 140 221 189 221 86 103 64
is_linear=0
shrinkage=0.03


Tree=53
num_leaves=11
num_cat=0
split_feature=25 40 26 15 10 33 4 11 1 34
split_gain=5.05748 4.23607 3.9475 4.69642 4.81816 3.43677 3.99204 3.22868 2.23738 2.78139
threshold=0.26365441906653431 -0.034933212424947506 0.40324692327834516 91.840731171001465 -0.017856513739515186 0.82835812651888963 0.0011972665753524627 0.039402208426945091 0.016574532263946343 0.0096596483548980778
decision_type=2 2 2 2 2 2 2 2 2 2
left_child=2 -2 3 4 -1 6 -3 -7 9 -4
right_child=1 5 8 -5 -6 7 -8 -9 -10 -11
leaf_value=0.0067232384199462647 -0.012118031229024565 0 -0.00068969512794573695 0.0060696588862242211 -0.016849012513321087 0.010287773876497274 0.020252875356790236 -0.013267931019910967 -0.0083196973079064651 0.020325550935375004
leaf_weight=7.0933978557586661 8.8034063726663572 11.95571795105934 9.7403941303491646 11.195454895496367 49.430143535137177 7.3608841300010708 22.90174126625061 9.3463118821382505 7.2753472328186026 8.0846924334764463
leaf_count=31 37 54 42 46 205 30 98 38 30 35
internal_value=-0.00181556 0.00471162 -0.00622875 -0.00997315 -0.0135058 0.00821008 0.0134033 -0.00209756 0.00331034 0.00917422
internal_weight=153.187 60.3681 92.8194 67.719 56.5235 51.5647 34.8575 16.7072 25.1004 17.8251
internal_count=646 257 389 282 236 220 152 68 107 77
is_linear=0
shrinkage=0.03


Tree=54
num_leaves=11
num_cat=0
split_feature=25 38 36 36 21 36 38 21 26 22
split_gain=4.79082 6.2657 5.0247 5.2505 5.72143 4.9973 4.99672 7.48818 2.52286 1.79723
threshold=0.10372413793103449 0.011541026147528622 0.0050336948839173829 0.006067605486716904 0.0128929175244416 0.0064093759167840646 0.0094800925429017018 0.014893614792240495 0.21802945657694264 -0.22839810957677673
decision_type=2 2 2 2 2 2 2 2 2 2
left_child=2 6 8 -4 -5 -3 7 -2 -1 -8
right_child=1 5 3 4 -6 -7 9 -9 -10 -11
leaf_value=-0.0054796837032924416 0.010611202627893014 -0.028883005326233047 -0.031596037461056936 -0.025839433290256179 0.0021496443821807159 0 2.4847653198853464e-05 -0.011113998868809871 0.015236848580025135 0.019967019074034205
leaf_weight=8.8017762154340762 28.179123744368553 7.26679898798466 10.279865145683287 7.1873758137226131 19.466917425394058 12.018116340041159 6.8475020378828075 25.053220450878143 7.5987476408481589 20.405024394392967
leaf_count=36 123 30 42 30 81 51 30 103 32 88
internal_value=-0.00175597 0.0020126 -0.00889462 -0.0148776 -0.00615092 -0.0123245 0.0058453 8.26931e-05 0.00391643 0.0158134
internal_weight=153.104 99.7698 53.3347 36.9342 26.6543 19.2849 80.4849 53.2323 16.4005 27.2525
internal_count=646 425 221 153 111 81 344 226 68 118
is_linear=0
shrinkage=0.03


Tree=55
num_leaves=7
num_cat=0
split_feature=36 7 15 35 37 16
split_gain=6.23845 5.24946 4.89374 4.2736 4.12783 3.70961
threshold=0.0081443842700233398 0.0042026548910053104 -13.113591444378162 -0.0048633063187535344 0.015327737884472838 -2.4615245363249252
decision_type=2 2 2 2 2 2
left_child=2 -2 -1 5 -5 -4
right_child=1 -3 3 4 -6 -7
leaf_value=0.014935789572209732 0.030240284146120497 0 -0.026933400684482429 0.0051491387994982941 -0.0070045627570165733 -0.0026297225512229884
leaf_weight=10.574548050761221 8.2545134425163287 12.388243556022642 11.01400448381901 43.169368579983711 53.38337767124176 13.601393878459929
leaf_count=46 38 51 46 186 221 56
internal_value=-0.000126272 0.0143351 -0.00268486 -0.00456199 -0.00142414 -0.0152746
internal_weight=152.385 20.6428 131.743 121.168 96.5527 24.6154
internal_count=644 89 555 509 407 102
is_linear=0
shrinkage=0.03


Tree=56
num_leaves=8
num_cat=0
split_feature=9 22 25 11 0 3 22
split_gain=5.33957 6.3723 6.09708 4.49493 5.84858 3.06847 1.88556
threshold=0.010536524892418896 -0.11590720611014414 0.012307808831326214 0.0082877355782470258 -0.017974009871937365 -0.013326423533195185 -0.26678118496297315
decision_type=2 2 2 2 2 2 2
left_child=1 6 -2 -4 -5 -3 -1
right_child=2 5 3 4 -6 -7 -8
leaf_value=0.0042097598792242407 -0.021915453090758538 0.0027083788750113793 -0.016685207818814538 -0.020158138999573347 0.0041974282557657666 0.027563867511927527 -0.013936419403954065
leaf_weight=7.7989370673894882 12.182928711175917 9.0930460244417191 11.937621638178824 7.8220079094171515 82.675246983766556 13.127872183918953 7.6485707908868772
leaf_count=34 50 39 49 32 348 59 33
internal_value=-0.000111099 0.00929736 -0.00343818 -0.000719369 0.00153977 0.0190755 -0.0044829
internal_weight=152.286 37.6684 114.618 102.435 90.4973 22.2209 15.4475
internal_count=644 165 479 429 380 98 67
is_linear=0
shrinkage=0.03


Tree=57
num_leaves=8
num_cat=0
split_feature=14 38 23 17 21 26 0
split_gain=5.2012 8.90889 4.26066 5.99018 3.57133 3.26275 2.83522
threshold=1.7323193012447293 0.011883443035612526 0.77662779333380938 2.090299171245694 0.015382404637666242 0.096399535423925681 0.012302440391414706
decision_type=2 2 2 2 2 2 2
left_child=4 2 -2 -4 -1 -6 -7
right_child=1 -3 3 -5 5 6 -8
leaf_value=0.027156455786968122 -0.015513845928889856 -0.027380774414115936 0.0063798601187933061 -0.01002122883112423 0.018232410927116079 0.0058573056304925403 -0.015330843548420002
leaf_weight=6.6268808990716925 12.576523438096045 10.272782891988752 71.549449697136879 25.20088966190815 7.3787476718425777 10.868819966912271 7.6730496287345877
leaf_count=32 52 42 304 103 32 47 32
internal_value=-0.000117901 -0.00312935 -0.000264887 0.00183948 0.0100544 0.00351274 -0.00281958
internal_weight=152.147 119.6 109.327 96.7503 32.5475 25.9206 18.5419
internal_count=644 501 459 407 143 111 79
is_linear=0
shrinkage=0.03


Tree=58
num_leaves=7
num_cat=0
split_feature=36 3 15 23 24 16
split_gain=5.86985 6.05741 4.41362 4.99107 5.14679 2.53984
threshold=0.0081443842700233398 0.013612593087767634 -13.113591444378162 0.82099402882892292 0.68237250554323736 -8.0005888950555271
decision_type=2 2 2 2 2 2
left_child=2 -2 -1 5 -5 -4
right_child=1 -3 3 4 -6 -7
leaf_value=0.014178463745828247 0.026986984448678055 -0.0028607332675764747 -0.00034241926698357197 0.0016644905517682353 -0.015775832285146583 -0.023982855532613843
leaf_weight=10.492026835680006 11.378586545586588 9.1411896198987943 7.4190775752067593 83.628512114286423 16.343975484371185 13.593487098813055
leaf_count=46 51 38 32 354 67 56
internal_value=-0.000115403 0.0139511 -0.0025993 -0.00438318 -0.00129313 -0.0170429
internal_weight=151.997 20.5198 131.477 120.985 99.9725 21.0126
internal_count=644 89 555 509 421 88
is_linear=0
shrinkage=0.03


Tree=59
num_leaves=11
num_cat=0
split_feature=15 38 37 11 24 33 8 15 35 5
split_gain=4.76449 8.68143 9.32475 8.21466 7.35332 5.68843 7.35035 4.54036 2.62554 2.3959
threshold=9.3713905489876286 0.010479745936924247 0.011290741771607828 0.049217939321244082 0.25053191489361709 0.57674976781871912 0.01474197154262972 57.900261581853265 0.032225279626958543 -0.078739568694859416
decision_type=2 2 2 2 2 2 2 2 2 2
left_child=5 2 3 -2 -4 8 -7 -3 9 -1
right_child=1 7 4 -5 -6 6 -8 -9 -10 -11
leaf_value=0.016613319936448961 0.031102607263615131 -0.030450046211055778 0.0024000786966781292 0 -0.018918468498334295 -0.019427370604028181 0.011113608438894206 -0.0010647855940465608 0.031410095398995926 -0.0035798709575363971
leaf_weight=9.4187236875295675 11.978426128625872 12.444138482213022 32.803159385919571 15.51150345802307 22.331037104129791 10.742203697562219 13.668848469853399 8.9024463444948179 7.1227930784225455 6.9347153306007394
leaf_count=42 52 52 137 65 91 45 56 37 36 31
internal_value=-0.000111849 -0.00380355 0.000571576 0.0144166 -0.00633203 0.00743387 -0.00221158 -0.0199787 0.0174384 0.00777608
internal_weight=151.858 103.971 82.6241 27.4899 55.1342 47.8873 24.4111 21.3466 23.4762 16.3534
internal_count=644 434 345 117 228 210 101 89 109 73
is_linear=0
shrinkage=0.03


Tree=60
num_leaves=9
num_cat=0
split_feature=1 13 11 36 19 9 7 32
split_gain=5.32936 8.75097 4.99395 5.8936 5.72454 3.82898 6.06905 3.02727
threshold=0.017690220500460211 8.0852866236605205 -0.014743772267740539 0.0049452748353441744 0.15712112624161842 0.045999549171768607 0.041635193546921391 1.0000000180025095e-35
decision_type=2 2 2 2 2 2 2 2
left_child=2 5 -1 7 -5 -2 -7 -4
right_child=1 -3 3 4 -6 6 -8 -9
leaf_value=0.019762744582306806 2.1026584970209694e-05 0.016774714459715175 0 -0.007350162980535176 0.012923723702630065 -0.031030998403668578 0 0.020879753369034221
leaf_weight=13.999242871999739 9.1987976580858213 7.7748915851116172 11.792012840509416 57.375880911946297 13.603372186422346 15.597511500120165 8.6418509632348997 15.352474734187124
leaf_count=62 39 32 51 247 57 64 35 65
internal_value=0.00065866 -0.00820829 0.00413605 0.00140656 -0.00301139 -0.0150594 -0.0209194 0.0128875
internal_weight=153.336 41.2131 112.123 98.1237 70.9793 33.4382 24.2394 27.1445
internal_count=652 170 482 420 304 138 99 116
is_linear=0
shrinkage=0.03


Tree=61
num_leaves=12
num_cat=0
split_feature=2 11 38 38 38 28 2 2 37 25 28
split_gain=5.54604 6.30114 7.03114 4.52805 5.75001 4.58779 3.70791 2.29562 2.04046 2.33309 1.64659
threshold=-0.0079969322158607841 0.051670171946006323 0.0096157730104344096 0.008068179389049461 0.0094800925429017018 6.5000000000000009 -0.02493992599173744 -0.039224791616780101 0.026214240685226046 0.17341619887730556 8.5000000000000018
decision_type=2 2 2 2 2 2 2 2 2 2 2
left_child=6 3 10 5 -5 -2 7 -1 9 -8 -3
right_child=1 2 -4 4 -6 -7 8 -9 -10 -11 -12
leaf_value=0.0092663005822008135 0 -0.025145663149831535 0.007347167121482155 -0.016619565275743674 0.0037675414834474185 0.028257531938519018 0.031346761068111961 -0.010581886529578529 0.0011624882945182697 0.0064546565224944848 -0.0043027575814828861
leaf_weight=7.6172834783792522 12.417236700654032 19.020377531647686 9.2787977904081327 15.908867776393889 37.26347441971302 8.2522270083427411 9.1186616271734291 9.1705943644046766 8.2582730054855329 9.4522509127855283 7.4673733562231055
leaf_count=32 52 79 38 67 161 36 40 39 35 42 31
internal_value=0.000659783 -0.00284813 -0.0128802 0.0020248 -0.00244164 0.0133782 0.00954227 -0.000749916 0.016108 0.0212657 -0.0205108
internal_weight=153.225 109.608 35.7665 73.8418 53.1723 20.6695 43.6171 16.7879 26.8292 18.5709 26.4878
internal_count=652 464 148 316 228 88 188 71 117 82 110
is_linear=0
shrinkage=0.03


Tree=62
num_leaves=11
num_cat=0
split_feature=24 6 24 4 37 37 24 32 26 21
split_gain=5.32397 5.01204 6.5514 4.19555 4.02567 3.95255 2.68215 3.82175 2.59985 2.47271
threshold=0.29653597259231068 0.0027293079987717561 -0.75592939878654153 -0.027608116156773884 0.0092836215672649231 -0.0067857198836208102 0.1703477443609023 0.0047726031257377963 0.080322580645161304 0.019141098835912456
decision_type=2 2 2 2 2 2 2 2 2 2
left_child=1 2 -1 -4 5 -2 7 -3 -6 -10
right_child=4 6 3 -5 8 -7 -8 -9 9 -11
leaf_value=-0.008234240040011491 -0.0076551526619544185 -0.016821012744675415 -1.6281703011268064e-05 0.019912005357078457 0 0.015409441462320674 0.010496918288597836 0.003001339491149196 -0.024045888909018653 -0.001963704618346248
leaf_weight=11.261322781443594 11.776054039597513 15.914406567811968 10.621208071708677 36.758095324039459 10.239105030894278 10.476470172405241 7.3884583860635749 14.056949958205221 15.84170623123646 8.7651540338993055
leaf_count=47 50 67 46 162 42 45 32 60 65 36
internal_value=0.000661324 0.00502807 0.0104278 0.0153211 -0.00634842 0.00296042 -0.00316557 -0.00744873 -0.0125381 -0.0174827
internal_weight=153.099 96.0004 58.6406 47.3793 57.0985 22.2525 37.3598 29.9714 34.846 24.6069
internal_count=652 414 255 208 238 95 159 127 143 101
is_linear=0
shrinkage=0.03


Tree=63
num_leaves=10
num_cat=0
split_feature=2 26 38 38 14 38 2 19 20
split_gain=5.11385 6.22614 4.76902 8.97653 7.53047 8.85851 6.06046 1.96201 3.91966
threshold=-0.0079969322158607841 0.040325203252032531 0.0096157730104344096 0.010479745936924247 73.742003446792424 0.0080925376007762746 0.012520233216739009 0.15322257381134427 0.022022612648781071
decision_type=2 2 2 2 2 2 2 2 2
left_child=1 -1 4 -4 5 -2 -5 8 -3
right_child=2 7 3 6 -6 -7 -8 -9 -10
leaf_value=-0.011519517733831048 0.0090221126772385279 0.019971792595334898 0.023964249428005329 0.010341611620625697 -0.024822853775288308 -0.015765905076352144 -0.014274907616942294 0.025984846869602823 -0.0016349101691232649
leaf_weight=8.1521530598402006 27.816352799534798 11.455850824713709 12.79363030195236 13.187613159418104 15.647620677947996 20.755300372838974 19.253376170992851 9.8056164979934675 14.042113751173018
leaf_count=35 119 52 55 58 64 88 80 42 59
internal_value=0.00063073 0.009181 -0.00273318 0.00440763 -0.00797073 -0.00147813 -0.00381306 0.0147245 0.0082737
internal_weight=152.91 43.4557 109.454 45.2346 64.2193 48.5717 32.441 35.3036 25.498
internal_count=652 188 464 193 271 207 138 153 111
is_linear=0
shrinkage=0.03


Tree=64
num_leaves=11
num_cat=0
split_feature=24 13 6 24 38 38 15 16 34 21
split_gain=4.961 7.49803 4.55518 6.28997 3.40854 9.4039 4.26735 3.07583 2.5696 2.3127
threshold=0.29653597259231068 8.2726699914199973 0.0018881293328456229 -0.75592939878654153 0.0096157730104344096 0.010926169668663256 42.775117099645961 -8.1715610977468724 -0.0076138816404777146 0.016806795291501236
decision_type=2 2 2 2 2 2 2 2 2 2
left_child=2 4 3 -1 6 -6 -2 -5 -4 -10
right_child=1 -3 8 7 5 -7 -8 -9 9 -11
leaf_value=-0.007992725518977159 -0.002295429826390717 0.014717142115978325 -0.0141928725116185 0.0029541978007072383 0.018031383077912966 -0.019291024912908499 -0.027893819408500602 0.020777819883776343 -0.0049166886892420365 0.01100909409954124
leaf_weight=11.266842916607855 11.680095866322519 10.160060390830038 10.492782190442083 16.083358839154243 9.5046735405921954 10.759034395217894 14.907718166708944 29.325178921222687 16.247051388025287 12.27838411927223
leaf_count=47 49 42 45 70 41 45 61 131 70 51
internal_value=0.000618403 -0.00614711 0.00484598 0.010196 -0.011396 -0.00106405 -0.0181204 0.0151722 -0.00267763 0.00171912
internal_weight=152.705 57.0116 95.6936 56.6754 46.8515 20.2637 26.5878 45.4085 39.0182 28.5254
internal_count=652 238 414 248 196 86 110 201 166 121
is_linear=0
shrinkage=0.03


Tree=65
num_leaves=10
num_cat=0
split_feature=7 33 23 34 20 15 23 10 23
split_gain=4.94673 6.26809 7.20009 5.99172 5.24479 5.82731 3.3429 2.65031 1.80597
threshold=-0.014509095158414051 0.66046720671168246 0.87315887654728919 -0.016319447040454346 0.01595276444085433 28.665987776940089 0.94532179044516418 -0.0075966303595729192 1.1812431175207765
decision_type=2 2 2 2 2 2 2 2 2
left_child=6 2 7 -4 -3 -6 -1 -2 -8
right_child=1 4 3 -5 5 -7 8 -9 -10
leaf_value=0.00093765514919663749 0.0066352977097240314 -0.019026555750340277 -0.0023961635691423012 0.028007829160684804 0.013321155210896532 -0.0049885614325684783 -0.029428776254491244 -0.015067897316630018 -0.0047499540453034535
leaf_weight=7.7871314287185696 7.2397713512182227 13.810401305556296 6.5012841224670437 18.715869918465614 19.47960764169693 55.581305131316185 8.3513797521591169 8.2534618973731977 7.098993480205535
leaf_count=33 33 58 30 87 81 229 35 35 30
internal_value=-0.0012205 0.00102381 0.0105746 0.0200181 -0.00332263 0 -0.0134194 -0.0044697 -0.0207932
internal_weight=152.819 129.582 40.7104 25.2172 88.8713 75.0609 23.2375 15.4932 15.4504
internal_count=651 553 185 117 368 310 98 68 65
is_linear=0
shrinkage=0.03


end of trees

feature_importances:
macro_topix_vol_20=49
volatility=33
macro_usdjpy_vol_20=29
macd_signal=28
vol_ratio=27
price_position_20d=24
macro_usdjpy_ret_60=22
ma_20_60_cross=20
gap=19
div_ma_10=18
candle_body_pct=18
return_1d=17
rsi=17
atr_pct=17
return_10d=16
upper_shadow_pct=16
bb_pct_b=15
bb_bandwidth=15
month=15
div_ma_60=14
macd_hist_change=14
macro_topix_ret_20=14
return_5d=13
return_20d=13
lower_shadow_pct=13
macd=12
macro_usdjpy_ret_20=12
macro_nikkei_ret_20=12
return_3d=10
ma_5_20_cross=10
vol_change=10
return_2d=9
macd_hist=9
rsi_change=8
div_ma_5=4
day_of_week=4
div_ma_20=3
streak=1

parameters:
[boosting: gbdt]
[objective: binary]
[metric: binary_logloss]
[tree_learner: serial]
[device_type: cpu]
[data_sample_strategy: bagging]
[data: ]
[valid: ]
[num_iterations: 500]
[learning_rate: 0.03]
[num_leaves: 15]
[num_threads: 0]
[seed: 42]
[deterministic: 0]
[force_col_wise: 0]
[force_row_wise: 0]
[histogram_pool_size: -1]
[max_depth: 4]
[min_data_in_leaf: 30]
[min_sum_hessian_in_leaf: 0.001]
[bagging_fraction: 0.7]
[pos_bagging_fraction: 1]
[neg_bagging_fraction: 1]
[bagging_freq: 5]
[bagging_seed: 400]
[bagging_by_query: 0]
[feature_fraction: 0.6]
[feature_fraction_bynode: 1]
[feature_fraction_seed: 30056]
[extra_trees: 0]
[extra_seed: 12879]
[early_stopping_round: 0]
[early_stopping_min_delta: 0]
[first_metric_only: 0]
[max_delta_step: 0]
[lambda_l1: 0.5]
[lambda_l2: 2]
[linear_lambda: 0]
[min_gain_to_split: 0]
[drop_rate: 0.1]
[max_drop: 50]
[skip_drop: 0.5]
[xgboost_dart_mode: 0]
[uniform_drop: 0]
[drop_seed: 17869]
[top_rate: 0.2]
[other_rate: 0.1]
[min_data_per_group: 100]
[max_cat_threshold: 32]
[cat_l2: 10]
[cat_smooth: 10]
[max_cat_to_onehot: 4]
[top_k: 20]
[monotone_constraints: ]
[monotone_constraints_method: basic]
[monotone_penalty: 0]
[feature_contri: ]
[forcedsplits_filename: ]
[refit_decay_rate: 0.9]
[cegb_tradeoff: 1]
[cegb_penalty_split: 0]
[cegb_penalty_feature_lazy: ]
[cegb_penalty_feature_coupled: ]
[path_smooth: 0]
[interaction_constraints: ]
[verbosity: -1]
[saved_feature_importance_type: 0]
[use_quantized_grad: 0]
[num_grad_quant_bins: 4]
[quant_train_renew_leaf: 0]
[stochastic_rounding: 1]
[linear_tree: 0]
[max_bin: 255]
[max_bin_by_feature: ]
[min_data_in_bin: 5]
[bin_construct_sample_cnt: 200000]
[data_random_seed: 175]
[is_enable_sparse: 1]
[enable_bundle: 1]
[use_missing: 1]
[zero_as_missing: 0]
[feature_pre_filter: 1]
[pre_partition: 0]
[two_round: 0]
[header: 0]
[label_column: ]
[weight_column: ]
[group_column: ]
[ignore_column: ]
[categorical_feature: ]
[forcedbins_filename: ]
[precise_float_parser: 0]
[parser_config_file: ]
[objective_seed: 16083]
[num_class: 1]
[is_unbalance: 0]
[scale_pos_weight: 1]
[sigmoid: 1]
[boost_from_average: 1]
[reg_sqrt: 0]
[alpha: 0.9]
[fair_c: 1]
[poisson_max_delta_step: 0.7]
[tweedie_variance_power: 1.5]
[lambdarank_truncation_level: 30]
[lambdarank_norm: 1]
[label_gain: ]
[lambdarank_position_bias_regularization: 0]
[eval_at: ]
[multi_error_top_k: 1]
[auc_mu_weights: ]
[num_machines: 1]
[local_listen_port: 12400]
[time_out: 120]
[machine_list_filename: ]
[machines: ]
[gpu_platform_id: -1]
[gpu_device_id: -1]
[gpu_use_dp: 0]
[num_gpu: 1]

end of parameters

pandas_categorical:[]
