tree
version=v4
num_class=1
num_tree_per_iteration=1
label_index=0
max_feature_idx=44
objective=binary sigmoid:1
feature_names=return_1d return_2d return_3d return_5d return_10d return_20d div_ma_5 div_ma_10 div_ma_20 div_ma_60 ma_5_20_cross ma_20_60_cross rsi rsi_change macd macd_signal macd_hist macd_hist_change bb_pct_b bb_bandwidth atr_pct volatility vol_change vol_ratio candle_body_pct upper_shadow_pct lower_shadow_pct day_of_week month is_month_end is_month_start streak gap price_position_20d macro_usdjpy_ret_20 macro_usdjpy_ret_60 macro_usdjpy_vol_20 macro_topix_ret_20 macro_topix_vol_20 macro_topix_above_200dma macro_nikkei_ret_20 macro_nikkei_above_200dma macro_nikkei_vi macro_jgb10y macro_bias_score
feature_infos=[-0.13754298218193184:0.15984052192823484] [-0.19515752625437577:0.19209858644436384] [-0.22932960893854748:0.20840884378397972] [-0.20854847963281697:0.27836172526277636] [-0.26758693920891952:0.30554548749546928] [-0.2854182854182854:0.43856469735411374] [-0.1623147923245081:0.068709873969177368] [-0.19266108737636803:0.097962190031917501] [-0.24118868521294293:0.16186022343465836] [-0.24008097723548127:0.22623800391013646] [-0.11096799484781461:0.11572942135289321] [-0.081613394552116802:0.14794122957770051] [8.2894763471025499:98.876404494382029] [-52.131165890597586:28.122935688147123] [-155.50648850589869:139.80210321818367] [-109.34590779977336:133.49934192528997] [-87.077380181760844:64.54371101871088] [-32.767259592872172:21.484535888436099] [-0.2970335665479254:1.458925225362437] [0.033840594729239455:0.33939178884453408] [0.0098447356609083839:0.057342103007969832] [0.0059175313792672055:0.055436762703991796] [-0.93376769705579776:5.3857135726052014] [0.41685903500473037:1.7942270840673364] [-1:1] [0:0.94339622641509435] [0:0.94736842105263153] [0:4] [1:12] none [0:1] [-9:6] [-0.067431850789096082:0.13079222720478323] [0:1] [-0.10288784967882303:0.08505611680078462] [-0.13986255140503889:0.13160084488587853] [0.0024251968629527628:0.011841457708833433] [-0.22586490939044479:0.19897850606512013] [0.0040695656522785678:0.036437277456277402] [0:1] [-0.22859537662338159:0.23022297972565586] [0:1] none none none
tree_sizes=1390 1198 1409 1081 1305 1168 1281 983 944 986 972 930 978 1171 1191 1209 995 893 997 1086 1098 995 991 1089 684 1415 673 1093 1307 961 1210 679 993 1184 1100 1190 1068 1161 873 1200 1190 1295 1314 996 1422 1317 1527 992 1417 1426

Tree=0
num_leaves=12
num_cat=0
split_feature=37 28 9 36 17 2 9 37 37 35 37
split_gain=13.47 18.1638 17.2408 9.95661 10.0049 8.22797 8.0537 6.96662 6.82523 5.73889 2.93434
threshold=0.0026564149656386209 5.5000000000000009 0.0028378703853486867 0.008040828320118017 0.33640321600296913 0.018830795652828639 0.079734204908471787 -0.016987708506371876 0.03071725051723118 0.016335917965371597 -0.015717976948543485
decision_type=2 2 2 2 2 2 2 2 2 2 2
left_child=3 2 8 4 7 9 -4 -1 -2 -3 -6
right_child=1 5 6 -5 10 -7 -8 -9 -10 -11 -12
leaf_value=-0.18551389789292783 -0.17953335871957005 -0.20891936032498962 -0.14819371549538407 -0.14883753720928378 -0.20812753652380564 -0.22029497464879688 -0.18506112814745074 -0.15404346699209229 -0.2140763819041267 -0.18635222470463414 -0.18551389789292783
leaf_weight=11.897342920303343 7.9315619468688991 13.384510785341261 15.615262582898142 11.153758987784384 7.4358393251895931 13.136649474501608 8.9230071902275068 12.640926852822306 8.4272845685482007 34.700583517551422 9.6665911227464658
leaf_count=48 32 54 63 45 30 53 36 51 34 140 39
internal_value=-0.184003 -0.190253 -0.175282 -0.171908 -0.179829 -0.200498 -0.15999 -0.167903 -0.197684 -0.193617 -0.196207
internal_weight=154.913 102.119 40.8971 52.7945 41.6407 61.2217 24.5383 24.5383 16.3588 48.0851 17.1024
internal_count=625 412 165 213 168 247 99 99 66 194 69
is_linear=0
shrinkage=1


Tree=1
num_leaves=10
num_cat=0
split_feature=28 20 9 35 28 25 17 34 23
split_gain=11.4151 15.9002 11.6216 9.68803 12.494 10.614 8.30979 5.92106 2.53336
threshold=5.5000000000000009 0.025312478140115221 -0.046386687766677211 -0.0084087064077980594 1.5000000000000002 0.22370723458894201 2.3116355920510334 -0.014559244352543519 0.9907039574192309
decision_type=2 2 2 2 2 2 2 2 2
left_child=3 2 -2 4 -1 -5 -4 -6 -7
right_child=1 -3 6 5 7 8 -8 -9 -10
leaf_value=0.025610328426699906 0.016003214451447794 0.022688331437477106 -0.0080176853891502156 0.036776170371798145 0.0025553580043356098 0.013336808923530794 -0.032579577235089523 -0.029308842176577345 -0.0080701494715110893
leaf_weight=7.6961935907602337 11.158575385808943 13.885362997651098 55.748956754803658 17.616987556219101 7.442229956388478 7.6939281076192838 16.073934227228165 9.912399530410763 7.6859509497880936
leaf_count=31 45 56 225 71 30 31 65 40 31
internal_value=0.00146581 -0.00471202 -0.00989951 0.0118384 -0.00172592 0.022075 -0.0144515 -0.0160174 0.00207821
internal_weight=154.915 96.8668 82.9815 58.0477 25.0508 32.9969 71.8229 17.3546 15.3799
internal_count=625 391 335 234 101 133 290 70 62
is_linear=0
shrinkage=0.03


Tree=2
num_leaves=12
num_cat=0
split_feature=37 28 11 11 13 15 2 38 37 20 11
split_gain=12.7028 16.5834 20.5115 13.3207 11.0841 10.5074 7.58949 5.92912 5.75763 2.43793 1.32254
threshold=0.0026564149656386209 5.5000000000000009 0.00095797168529077059 0.0022047939217952899 3.929896006662926 7.9960800132478225 0.018830795652828639 0.011028996609989928 0.03071725051723118 0.020772165721965819 -0.044000097360019134
decision_type=2 2 2 2 2 2 2 2 2 2 2
left_child=3 2 8 4 10 -5 7 -3 -2 -4 -1
right_child=1 6 9 5 -6 -7 -8 -9 -10 -11 -12
leaf_value=0.014608769564446719 0.0055224613851458729 -0.012971021935416419 0.035731109706442186 -0.029380161391182633 -0.0030116171710530106 0.010690612799835346 -0.033530957244299886 0.011638242877647122 -0.024514917881387953 0.0084112515419574267 0.040587818397572896
leaf_weight=7.9419480413198462 7.9434398412704494 39.119205012917519 14.42328815162182 7.673481538891795 8.4349023699760419 12.650521665811537 13.059488669037817 8.9155974984168989 11.13281202316284 7.4531851261854163 16.147154673933986
leaf_count=32 32 158 58 31 34 51 53 36 45 30 65
internal_value=0.00143918 -0.00463234 0.00964544 0.0131779 0.0246312 -0.00504324 -0.0144431 -0.00782095 -0.0119584 0.0285358 0.0343742
internal_weight=154.895 102.047 40.9527 52.848 32.524 20.324 61.0943 48.0348 19.0763 21.8765 24.0891
internal_count=625 412 165 213 131 82 247 194 77 88 97
is_linear=0
shrinkage=0.03


Tree=3
num_leaves=9
num_cat=0
split_feature=19 17 35 35 38 40 10 23
split_gain=15.1361 13.7893 8.30604 7.19852 5.05031 4.25076 3.46518 4.81662
threshold=0.17165419396738049 2.0089146136821197 -0.0098583106455546448 0.051122905301416728 0.008068179389049461 0.042002686291530818 0.014746895849738652 0.89900488771769893
decision_type=2 2 2 2 2 2 2 2
left_child=1 2 4 -4 -1 -2 7 -3
right_child=5 6 3 -5 -6 -7 -8 -9
leaf_value=0.0009630232788496784 0.038359913523000153 -0.0018189636128956744 0.015421877840656522 -0.0032256998007477731 -0.023577379057167336 0.0072543488030510231 0 -0.030645201884109005
leaf_weight=14.125761955976488 9.1983492225408572 8.8987592160701769 47.635561406612396 27.022538289427757 11.635113000869749 10.152675151824949 7.6640558093786231 18.515737801790237
leaf_count=57 37 36 192 109 47 41 31 75
internal_value=0.00140768 -0.00215957 0.00342617 0.00856864 -0.0104806 0.0249509 -0.0178766 -0.022558
internal_weight=154.849 135.498 100.419 74.6581 25.7609 19.351 35.0786 27.4145
internal_count=625 547 405 301 104 78 142 111
is_linear=0
shrinkage=0.03


Tree=4
num_leaves=11
num_cat=0
split_feature=21 28 11 14 9 14 21 38 40 20
split_gain=16.6502 17.5727 14.6579 14.5647 10.9087 9.64977 9.50727 3.79349 2.40829 2.15428
threshold=0.017969854227346229 5.5000000000000009 0.00095797168529077059 -31.112110336891416 0.053871027489965993 45.624749965479857 0.01008568987237882 0.0096698427417792384 -0.017428521915275271 0.020772165721965819
decision_type=2 2 2 2 2 2 2 2 2 2
left_child=1 2 6 7 8 -5 -1 -3 -2 -4
right_child=4 3 9 5 -6 -7 -8 -9 -10 -11
leaf_value=0.01821415351204498 0.037293435927015714 0.02449555681192938 0.037170167322663421 -0.027380238863368985 -0.00908612064073939 -0.00065797338799470837 -0.017804848768958076 -0.0015679731513973361 0.013807199672582137 0.010453943479636685
leaf_weight=8.2013417482376116 13.439419284462931 7.4478250443935385 11.466082215309145 40.738736048340797 7.9235492944717398 18.777035668492317 16.072211295366287 8.1792715489864332 14.129403904080389 8.4590056091546995
leaf_count=33 54 30 46 165 32 76 65 33 57 34
internal_value=0.00136345 -0.00395156 0.0105828 -0.0127478 0.0188925 -0.0194888 -0.00460403 0.0113728 0.0275118 0.0285004
internal_weight=154.834 119.342 44.1986 75.1429 35.4924 59.5158 24.2736 15.6271 27.5688 19.9251
internal_count=625 482 178 304 143 241 98 63 111 80
is_linear=0
shrinkage=0.03


Tree=5
num_leaves=10
num_cat=0
split_feature=21 14 37 21 8 21 14 21 10
split_gain=24.179 15.1485 9.62163 8.93226 6.60171 5.84198 5.01922 4.80381 1.5153
threshold=0.018080261830397956 35.147090897478172 0.0026564149656386209 0.01008568987237882 0.015875472088025928 0.020513966582748341 67.405916925898296 0.013305841908318754 -0.0066281172223952569
decision_type=2 2 2 2 2 2 2 2 2
left_child=1 3 8 -1 -5 -4 7 -3 -2
right_child=2 6 5 4 -6 -7 -8 -9 -10
leaf_value=0.0082229742592707256 0.018102420974315466 0.030694827203440349 0.016610243521799146 -0.012392315467651275 -0.037782564278562775 -0.0137410885100089 -0.0026400609972742858 0 0.046311705733839567
leaf_weight=12.649427115917204 10.467414975166323 10.918502420186998 11.407539531588556 63.010919213294983 11.093842610716818 7.6646884679794303 14.119711861014364 7.9390018731355658 8.2284294515848142
leaf_count=51 42 44 46 255 45 31 57 32 33
internal_value=0 -0.00671859 0.0202244 -0.0132939 -0.0172835 0.0035544 0.00992159 0.0193976 0.0345184
internal_weight=157.499 119.731 37.7681 86.7542 74.1048 19.0722 32.9772 18.8575 18.6958
internal_count=636 484 152 351 300 77 133 76 75
is_linear=0
shrinkage=0.03


Tree=6
num_leaves=11
num_cat=0
split_feature=21 17 35 37 40 21 38 34 10 35
split_gain=22.9484 14.5634 15.6157 9.15987 6.8739 5.55697 3.16037 1.95618 1.41794 1.13834
threshold=0.018080261830397956 2.0089146136821197 -0.0098583106455546448 0.0026564149656386209 -0.025092470899840177 0.020513966582748341 0.0102521231549312 0.0074667888597346197 -0.0066281172223952569 -0.034529714290515871
decision_type=2 2 2 2 2 2 2 2 2 2
left_child=1 2 9 8 -4 -5 7 -3 -2 -1
right_child=3 6 4 5 -6 -7 -8 -9 -10 -11
leaf_value=-0.027557637490942775 0.017634445433811628 -0.020553742291264561 -0.01602595325809493 0.016167844926770803 0.010321697069112947 -0.013429715419776769 -0.035838565466696032 0 0.045131903556932522 -0.0073240870726390336
leaf_weight=13.050477653741838 10.475781142711641 8.867642551660543 8.1710492074489576 11.42258194088936 60.721871197223663 7.6536634713411322 12.247616693377493 8.4022715985774976 8.2422713637351972 8.1655608117580396
leaf_count=53 42 36 33 46 245 31 50 34 33 33
internal_value=0 -0.00652798 -0.000215111 0.019717 0.00662119 0.00343364 -0.024087 -0.0121198 0.0336545 -0.0217181
internal_weight=157.421 119.626 90.109 37.7943 68.8929 19.0762 29.5175 17.2699 18.7181 21.216
internal_count=636 484 364 152 278 77 120 70 75 86
is_linear=0
shrinkage=0.03


Tree=7
num_leaves=8
num_cat=0
split_feature=19 17 34 23 0 37 36
split_gain=20.1389 13.1187 9.55874 8.77019 7.1217 5.06958 4.1627
threshold=0.17641042991189673 2.3116355920510334 0.0084672293851539866 1.2203620249521843 0.022382697535900279 0.050501197974257568 0.0048721049086285712
decision_type=2 2 2 2 2 2 2
left_child=1 2 6 -4 -3 -2 -1
right_child=5 4 3 -5 -6 -7 -8
leaf_value=0.0071132249623545108 0.039334972122232373 -0.028453803717319873 0.014079639950419597 -0.015595824677323381 0.0023722501764061352 0.0045753136530916729 -0.012847326480378842
leaf_weight=9.6600416302680951 10.976724907755854 23.323324352502826 49.411137834191322 8.6762769371271116 7.6238387227058402 7.6713390797376624 39.993580505251884
leaf_count=39 44 95 199 35 31 31 162
internal_value=0 -0.00413634 0.00078166 0.00902593 -0.0207215 0.0275904 -0.00854857
internal_weight=157.336 138.688 107.741 58.0874 30.9472 18.6481 49.6536
internal_count=636 561 435 234 126 75 201
is_linear=0
shrinkage=0.03


Tree=8
num_leaves=8
num_cat=0
split_feature=38 17 15 37 22 5 13
split_gain=12.7491 13.8913 7.03175 13.8748 6.14949 3.28489 3.28132
threshold=0.017782938876266353 2.3116355920510334 11.361953239817984 0.0034505302741475456 0.051964175747697745 0.044455806372096236 5.8465966049770097
decision_type=2 2 2 2 2 2 2
left_child=1 2 3 -1 -4 6 -3
right_child=-2 5 4 -5 -6 -7 -8
leaf_value=0.010594245262267928 0.032341198981024888 -0.032874735834349279 0 -0.017151138240131279 0.019763089643772162 0 -0.0072048471862535936
leaf_weight=27.781192421913147 8.2324254363775236 14.450049743056299 28.511494636535645 33.050444766879082 27.322249695658684 7.385120525956153 10.512938216328619
leaf_count=112 33 59 115 134 110 30 43
internal_value=0 -0.00226032 0.00252298 -0.00430748 0.0101158 -0.0190907 -0.0239567
internal_weight=157.246 149.013 116.665 60.8316 55.8337 32.3481 24.963
internal_count=636 603 471 246 225 132 102
is_linear=0
shrinkage=0.03


Tree=9
num_leaves=8
num_cat=0
split_feature=21 17 3 15 40 15 25
split_gain=20.8556 12.8154 10.9806 7.57967 6.79338 3.33009 1.28772
threshold=0.018080261830397956 2.0089146136821197 -0.045252019510932266 26.969102178676795 -0.025092470899840177 -16.293552793427608 0.22370723458894201
decision_type=2 2 2 2 2 2 2
left_child=1 2 -1 5 -4 -2 -3
right_child=3 6 4 -5 -6 -7 -8
leaf_value=-0.031221739226452407 0.012745040478995155 -0.011876366185304145 -0.018148735092775169 -0.00077361632111008338 0.0063346034008218872 0.038646517354620637 -0.030124650421774559
leaf_weight=7.3965344727039328 14.443213760852812 14.698448449373247 9.6439080685377103 11.163715884089468 73.037188619375229 12.182689160108568 14.590168714523314
leaf_count=30 58 60 39 45 295 49 60
internal_value=0 -0.00624109 -0.000318943 0.0187862 0.00294055 0.0269924 -0.0227907
internal_weight=157.156 119.366 90.0776 37.7896 82.6811 26.6259 29.2886
internal_count=636 484 364 152 334 107 120
is_linear=0
shrinkage=0.03


Tree=10
num_leaves=8
num_cat=0
split_feature=21 21 19 9 9 14 11
split_gain=11.738 14.4567 12.8576 8.09723 8.60725 5.30564 3.9667
threshold=0.0099896380269343509 0.017969854227346229 0.14768486250778581 0.060419078880933293 -0.0095523428836185916 35.147090897478172 0.024342554130178388
decision_type=2 2 2 2 2 2 2
left_child=6 2 5 4 -3 -2 -1
right_child=1 3 -4 -5 -6 -7 -8
leaf_value=0.027602464735532781 -0.018597027691553702 0.00062807204657957345 0.017757393333412232 -0.013046324899812138 0.034642698213168656 -0.00020767736190006609 0
leaf_weight=12.685674339532854 68.174824669957161 13.947359740734102 10.384197056293486 7.423382192850112 12.945893570780752 19.818818837404251 7.4292174577713004
leaf_count=51 278 56 42 30 52 80 30
internal_value=-0.00157836 -0.0049729 -0.0108556 0.0111476 0.0187858 -0.0147185 0.0185611
internal_weight=152.809 132.694 98.3778 34.3166 26.8933 87.9936 20.1149
internal_count=619 538 400 138 108 358 81
is_linear=0
shrinkage=0.03


Tree=11
num_leaves=8
num_cat=0
split_feature=21 21 19 36 15 14 11
split_gain=11.1089 13.6697 12.2018 7.86469 6.53974 7.97324 3.75025
threshold=0.0099896380269343509 0.017969854227346229 0.14768486250778581 0.0048815766993560369 26.969102178676795 -14.572115008158788 0.024342554130178388
decision_type=2 2 2 2 2 2 2
left_child=6 2 3 -2 5 -3 -1
right_child=1 4 -4 -5 -6 -7 -8
leaf_value=0.02685314482065787 0 0 0.017289215452683526 -0.020039637263079415 -0.0070884463867106765 0.033729512740890734 0
leaf_weight=12.703984096646311 26.31909641623497 11.212003484368324 10.399351537227629 61.505277127027512 10.414387568831442 12.690334752202034 7.4292174577713004
leaf_count=51 107 45 42 251 42 51 30
internal_value=-0.00150704 -0.00481687 -0.0105473 -0.014322 0.0108496 0.0191883 0.0180708
internal_weight=152.674 132.54 98.2237 87.8244 34.3167 23.9023 20.1332
internal_count=619 538 400 358 138 96 81
is_linear=0
shrinkage=0.03


Tree=12
num_leaves=8
num_cat=0
split_feature=21 21 19 9 9 38 38
split_gain=10.5167 12.9233 11.5807 7.55239 8.0319 6.04674 3.66625
threshold=0.0099896380269343509 0.017969854227346229 0.14768486250778581 0.060419078880933293 -0.0095523428836185916 0.0083525224806211395 0.0074589959269974601
decision_type=2 2 2 2 2 2 2
left_child=6 2 5 4 -3 -2 -1
right_child=1 3 -4 -5 -6 -7 -8
leaf_value=0 -0.0024049081177265723 0.00040623359400485364 0.016835963065961228 -0.012774493383130157 0.033255643532767894 -0.019611081268062082 0.026275502729224229
leaf_weight=7.4334426224231747 30.717815071344376 13.95042233169079 10.412575975060461 7.4152216613292685 12.950469881296156 56.938734501600266 12.712977930903433
leaf_count=30 125 56 42 30 52 233 51
internal_value=-0.00143945 -0.00466692 -0.0102485 0.0105571 0.0179464 -0.0139369 0.0175977
internal_weight=152.532 132.385 98.0691 34.3161 26.9009 87.6565 20.1464
internal_count=619 538 400 138 108 358 81
is_linear=0
shrinkage=0.03


Tree=13
num_leaves=10
num_cat=0
split_feature=19 34 38 7 27 23 24 32 19
split_gain=6.64673 8.15753 6.72193 9.59579 6.24507 4.53296 4.45031 4.4413 3.24307
threshold=0.17641042991189673 0.0084672293851539866 0.0084763836862541374 0.0020331333160876911 2.5000000000000004 1.1333717870816729 0.27789954233532094 0.0045081137186400175 0.054382540433601856
decision_type=2 2 2 2 2 2 2 2 2
left_child=1 4 5 -4 8 -3 -2 -6 -1
right_child=6 2 3 -5 7 -7 -8 -9 -10
leaf_value=0 0 0.022747261360619376 0.0072522595079056069 -0.019677818391069465 0.0073618863401054236 -0.0022793360459073542 0.029884037470919216 -0.015779756676047418 -0.023132765977867238
leaf_weight=7.5581271648406974 7.9485446810722333 17.896570175886158 27.197395980358124 17.792893692851067 19.924207091331485 7.6646834313869467 7.4537710249423981 9.2811630219221097 29.652387872338295
leaf_count=31 32 72 110 73 81 31 30 38 121
internal_value=-0.00137533 -0.00363538 0.00327808 -0.00346314 -0.0110797 0.0150778 0.0159685 -5.16093e-05 -0.0189087
internal_weight=152.37 136.967 70.5515 44.9903 66.4159 25.5613 15.4023 29.2054 37.2105
internal_count=619 557 286 183 271 103 62 119 152
is_linear=0
shrinkage=0.03


Tree=14
num_leaves=10
num_cat=0
split_feature=21 21 38 7 36 38 36 5 36
split_gain=9.78503 11.9957 8.79045 9.26053 8.73595 5.06485 4.85631 3.66278 3.04126
threshold=0.0099896380269343509 0.017969854227346229 0.0083525224806211395 -0.00017436027892304444 0.0078267619889680947 0.01021716255666162 0.0063726376729655249 -0.010856676012281961 0.007958393091731757
decision_type=2 2 2 2 2 2 2 2 2
left_child=7 2 4 -4 -2 6 -3 -1 -7
right_child=1 5 3 -5 -6 8 -8 -9 -10
leaf_value=0 0.010487651232959392 0.012742458265778278 -0.0054399680582679589 -0.029391183786988413 -0.021310537215147439 0.0054889927009486219 -0.01641804767214106 0.025697528335916337 0.032764568057455659
leaf_weight=7.4441422075033215 26.88119076192379 8.2151533961296099 35.78460855782032 26.595211759209633 8.5514926612377149 9.9601116478443164 8.1551838219165784 12.709556475281714 7.9571776241064063
leaf_count=30 109 33 146 110 35 40 33 51 32
internal_value=-0.00133274 -0.00445657 -0.00984803 -0.0164802 0.00168403 0.0102054 -0.00117375 0.0170195 0.0204291
internal_weight=152.254 132.1 97.8125 62.3798 35.4327 34.2876 16.3703 20.1537 17.9173
internal_count=619 538 400 256 144 138 66 81 72
is_linear=0
shrinkage=0.03


Tree=15
num_leaves=10
num_cat=0
split_feature=37 11 5 36 5 17 11 2 40
split_gain=9.63092 15.1403 11.0229 6.52873 8.13622 5.51953 5.4774 4.74088 3.8163
threshold=0.0026564149656386209 0.0022047939217952899 0.14904497379342299 0.0049452748353441744 -0.0038647898170163781 1.7394663009207909 0.035875507432804661 -0.0052648486243413997 -0.026707127573799169
decision_type=2 2 2 2 2 2 2 2 2
left_child=1 5 3 4 -2 8 -3 -5 -1
right_child=2 6 -4 7 -6 -7 -8 -9 -10
leaf_value=0.0097218203364631897 -0.018875897262230316 -0.021258432429545192 0.02232552248428931 -0.0029714485561576558 0.010900647795504301 0.00031023244502298777 0.0066474635237102515 -0.021398709216585501 0.039948500533033081
leaf_weight=9.3959443718194979 10.289807021617888 12.400720894336702 8.6910333633422834 22.125093445181847 22.91927807033062 9.0778719633817655 8.870257839560507 39.058795541524887 12.678843125700952
leaf_count=38 42 51 35 90 93 37 36 160 51
internal_value=-0.00101714 0.00912741 -0.00639444 -0.00960274 0.000700249 0.0220382 -0.00940558 -0.0152775 0.0295823
internal_weight=155.508 52.4236 103.084 94.393 33.2091 31.1527 21.271 61.1839 22.0748
internal_count=633 213 420 385 135 126 87 250 89
is_linear=0
shrinkage=0.03


Tree=16
num_leaves=8
num_cat=0
split_feature=21 3 31 38 22 15 37
split_gain=11.4291 7.85204 13.3676 7.81887 4.38559 3.68436 1.49541
threshold=0.017969854227346229 -0.045252019510932266 -2.4999999999999996 0.0083525224806211395 -0.1416894942998411 -10.035793589661372 0.0043833246663369527
decision_type=2 2 2 2 2 2 2
left_child=1 -1 6 -4 -2 -6 -3
right_child=4 2 3 -5 5 -7 -8
leaf_value=-0.030951922565099342 0.026444314367296842 0.030714267359043885 0.0024685915277944679 -0.014082768315851651 -0.01052187952821282 0.013271956058932334 0.0064957907884100555
leaf_weight=8.0300024598836881 13.168836981058119 7.4327740818262082 41.91031676530838 57.572739869356155 7.4631439000368127 12.397606536746025 7.3965790420770645
leaf_count=33 53 30 170 237 30 50 30
internal_value=-0.000969661 -0.00530986 -0.0028784 -0.00705095 0.0140636 0.00350008 0.0217334
internal_weight=155.372 122.342 114.312 99.4831 33.0296 19.8608 14.8294
internal_count=633 500 467 407 133 80 60
is_linear=0
shrinkage=0.03


Tree=17
num_leaves=7
num_cat=0
split_feature=4 31 3 36 17 3
split_gain=7.16288 7.30587 6.25492 6.34908 5.08297 4.00724
threshold=0.063724110066509146 -2.4999999999999996 -0.018237129542593041 0.0049452748353441744 -3.4352425664811874 -0.039620952640240951
decision_type=2 2 2 2 2 2
left_child=1 4 5 -4 -1 -3
right_child=-2 2 3 -5 -6 -7
leaf_value=-0.002965902647722824 0.018242030950425543 -0.0098857629637841143 0.00019121175761775593 -0.015721024028563058 0.022852959559567714 0.013140725703375876
leaf_weight=10.31576180458069 13.625916004180906 7.5792429447174099 32.924010753631592 58.710863724350929 12.873283982276915 19.212081894278526
leaf_count=42 55 31 134 241 52 78
internal_value=-0.000924029 -0.00310095 -0.00621721 -0.00996166 0.0114483 0.00587135
internal_weight=155.241 141.615 118.426 91.6349 23.189 26.7913
internal_count=633 578 484 375 94 109
is_linear=0
shrinkage=0.03


Tree=18
num_leaves=8
num_cat=0
split_feature=4 2 35 40 20 17 36
split_gain=6.78123 7.82166 6.59964 8.26817 7.53052 4.69859 3.50764
threshold=0.063724110066509146 0.01300763552259865 0.016909646037772456 0.050968714392099053 0.026316730713639266 4.8857072078545096 0.0049597557690506501
decision_type=2 2 2 2 2 2 2
left_child=1 2 4 -4 -1 6 -3
right_child=-2 5 3 -5 -6 -7 -8
leaf_value=-0.01415371753232832 0.017760901021776514 -0.0026194990497120504 0.01276659328791141 -0.013529064080506515 0.013849022144001607 0.00033350042051984028 -0.028650419561230978
leaf_weight=33.927873909473419 13.629301711916922 8.5516157895326632 50.302115067839622 11.292911782860754 9.1334451138973218 11.419802635908125 16.900463610887527
leaf_count=139 55 35 204 46 37 47 70
internal_value=-0.000881451 -0.00300371 0.00111155 0.00743579 -0.00753031 -0.0145265 -0.0212788
internal_weight=155.158 141.528 104.656 61.595 43.0613 36.8719 25.4521
internal_count=633 578 426 250 176 152 105
is_linear=0
shrinkage=0.03


Tree=19
num_leaves=9
num_cat=0
split_feature=19 37 15 34 17 11 19 37
split_gain=11.3244 8.60643 11.047 10.9598 9.80901 7.55642 5.23159 2.37166
threshold=0.17641042991189673 0.0034505302741475456 7.0700348879119561 -0.0083372371273247019 2.0089146136821197 0.0022047939217952899 0.055486909563170712 0.051416134536963816
decision_type=2 2 2 2 2 2 2 2
left_child=1 4 6 -4 5 -1 -3 -2
right_child=7 2 3 -5 -6 -7 -8 -9
leaf_value=0.024245470481561865 0.029204739737468066 0 -0.024376299371070217 0.0087531839388253155 -0.018148246859939376 -0.0010500054531837732 -0.024669426114703699 0.0036504567003695912
leaf_weight=21.092232540249825 9.9230052530765551 8.4535504728555662 9.7302811741828901 36.048013553023338 9.5952286124229413 17.394903272390366 35.358621090650558 7.4628398418426505
leaf_count=85 40 35 40 146 40 71 146 30
internal_value=-0.000858514 -0.00392051 -0.00940789 0.000671862 0.00597185 0.0129552 -0.0198369 0.0205176
internal_weight=155.059 137.673 89.5905 45.7783 48.0824 38.4871 43.8122 17.3858
internal_count=633 563 367 186 196 156 181 70
is_linear=0
shrinkage=0.03


Tree=20
num_leaves=9
num_cat=0
split_feature=21 19 9 17 37 19 15 0
split_gain=11.5077 13.615 11.5207 7.52512 8.26954 7.54102 7.19173 0.887619
threshold=0.018080261830397956 0.12999959895856014 0.060419078880933293 1.4935153922937803 0.024686912247419149 0.071702497821408084 -18.255099172856109 0.00062007909741312883
decision_type=2 2 2 2 2 2 2 2
left_child=1 3 6 5 -5 -1 -2 -3
right_child=2 7 -4 4 -6 -7 -8 -9
leaf_value=0.0089066416263106404 0.0069190986113646996 0.030323590520890543 -0.011856621089782689 -0.032188768868035317 -0.00082491150561687628 -0.0094189445868288445 0.040364948685809657 0.0087656450563131007
leaf_weight=35.148463398218155 12.894660487771036 7.4040801078081122 7.6845043450593939 15.752487421035768 15.149268954992293 41.94353760778904 13.42199996113777 8.1392238587141019
leaf_count=143 52 30 31 66 63 171 54 33
internal_value=0.00198179 -0.00222698 0.0169645 -0.006215 -0.0182537 -0.000860184 0.026153 0.0221761
internal_weight=157.538 123.537 34.0012 107.994 30.9018 77.092 26.3167 15.5433
internal_count=643 506 137 443 129 314 106 63
is_linear=0
shrinkage=0.03


Tree=21
num_leaves=8
num_cat=0
split_feature=21 19 9 15 20 19 38
split_gain=10.9004 12.9769 10.9737 6.81859 6.30998 7.57277 0.570942
threshold=0.018080261830397956 0.12999959895856014 0.060419078880933293 -18.255099172856109 0.012671187053885922 0.062094995008648908 0.0090070162966548028
decision_type=2 2 2 2 2 2 2
left_child=1 4 3 -2 -1 -6 -3
right_child=2 6 -4 -5 5 -7 -8
leaf_value=0.016202577288686522 0.0067395815269862269 0.028418677908495324 -0.011583011734612578 0.039363472685951993 0.0032230708832456886 -0.013912945925836797 0.0085650652436447539
leaf_weight=8.1935039907693845 12.894259080290796 7.9540531635284406 7.6773951500654212 13.401742547750471 31.945687413215637 67.733164504170418 7.6063029319047928
leaf_count=33 52 32 31 54 131 279 31
internal_value=0.00193901 -0.00215625 0.0165276 0.0255035 -0.00605815 -0.00831819 0.0216487
internal_weight=157.406 123.433 33.9734 26.296 107.872 99.6789 15.5604
internal_count=643 506 137 106 443 410 63
is_linear=0
shrinkage=0.03


Tree=22
num_leaves=8
num_cat=0
split_feature=19 37 34 34 28 25 25
split_gain=8.5267 6.97828 7.17785 8.24617 6.81171 2.4149 3.41695
threshold=0.13358484772685916 0.053073017408123764 0.0084672293851539866 0.023653643876296874 3.5000000000000004 0.25532080676401725 0.092270653483923229
decision_type=2 2 2 2 2 2 2
left_child=1 2 4 -4 -1 6 -2
right_child=5 -3 3 -5 -6 -7 -8
leaf_value=0.0085404511625460765 0.0058616236752355695 -0.020831087672200606 0.019456600972976579 -0.0021754074322024829 -0.013341669580445257 0.003106141153093126 0.034518078013599893
leaf_weight=16.141067877411842 9.6533854007721001 12.896934583783148 27.960649728775024 30.640202164649963 38.948747754096985 12.356536254286764 8.6511286050081235
leaf_count=66 39 53 114 125 161 50 35
internal_value=0.0019201 -0.00147592 0.000912216 0.00819999 -0.00659298 0.015632 0.02221
internal_weight=157.249 126.588 113.691 58.6009 55.0898 30.6611 18.3045
internal_count=643 519 466 239 227 124 74
is_linear=0
shrinkage=0.03


Tree=23
num_leaves=9
num_cat=0
split_feature=21 5 14 23 40 28 28 21
split_gain=10.1186 7.96887 8.21599 8.57639 7.18788 6.75174 3.24067 2.1984
threshold=0.018080261830397956 0.051232411724723155 -27.293035475977828 1.2276261208903649 0.068238128596435424 5.5000000000000009 5.5000000000000009 0.020617766910337097
decision_type=2 2 2 2 2 2 2 2
left_child=1 2 3 -1 7 -4 -3 -2
right_child=4 6 5 -5 -6 -7 -8 -9
leaf_value=0.013466972152574946 0.03243163593398788 0.02143379163757362 0.0014278991159965132 -0.01955219904608594 -0.0068206610261684585 -0.018925782145900238 0.00015534706664427835 0.010527726119114249
leaf_weight=26.44267138838768 12.644319772720339 12.883107200264933 19.356855019927025 7.2594972848892203 7.6989766210317603 43.321269154548645 13.9914473593235 13.586841896176336
leaf_count=108 51 52 79 30 31 180 57 55
internal_value=0.00187903 -0.00206592 -0.00620299 0.00523758 0.0159443 -0.0125583 0.0116534 0.0231671
internal_weight=157.185 123.255 96.3803 33.7022 33.9301 62.6781 26.8746 26.2312
internal_count=643 506 397 138 137 259 109 106
is_linear=0
shrinkage=0.03


Tree=24
num_leaves=5
num_cat=0
split_feature=17 40 20 34
split_gain=7.77483 7.43882 11.0682 11.8898
threshold=-5.7222644020477622 0.089496387461070817 0.02895058725475837 0.0084672293851539866
decision_type=2 2 2 2
left_child=-1 2 3 -2
right_child=1 -3 -4 -5
leaf_value=0.023742435428407635 -0.0098929120820712545 -0.024767576165456349 0.031460057443200073 0.0080372220943645423
leaf_weight=11.370043516159056 62.990526214241982 8.2931695133447629 8.3986774981021863 65.976824089884758
leaf_count=46 260 34 34 269
internal_value=0.0018427 -6.36235e-05 0.00165422 -0.000623062
internal_weight=157.029 145.659 137.366 128.967
internal_count=643 597 563 529
is_linear=0
shrinkage=0.03


Tree=25
num_leaves=12
num_cat=0
split_feature=17 21 37 11 15 34 0 40 11 5 25
split_gain=9.72032 7.83815 5.82624 9.88265 5.48889 8.80698 4.96293 3.83546 2.35074 2.19743 0.359017
threshold=2.2390245165111371 0.019784170184831397 0.0020898841203191858 1.0000000180025095e-35 12.236621004184848 0.023798587721067469 0.0062152261533724449 -0.026707127573799169 -0.026594427137654249 -0.024569833370086554 0.20312013910779
decision_type=2 2 2 2 2 2 2 2 2 2 2
left_child=2 8 3 7 5 -4 -6 -1 -2 -5 -10
right_child=1 -3 4 9 6 -7 -8 -9 10 -11 -12
leaf_value=0.0079718859775972511 -0.0025867902915991869 0.010092315660066917 5.0059716895108601e-05 -0.012390774517046907 5.8802922647325414e-05 -0.030271311782116814 0.023639880013337566 0.036661419292666766 -0.012523054006536968 0.0061128343881615057 -0.031475665383756408
leaf_weight=10.326105207204821 7.3640808314085033 7.8993057757616034 27.26458752155304 9.0118129104375857 31.640770748257637 9.9845263212919217 9.4083751142024976 11.898770064115523 9.324591666460039 9.2974475026130659 11.485483705997465
leaf_count=42 31 32 112 37 128 41 38 48 39 38 49
internal_value=0 -0.0132796 0.00410299 0.0130583 -0.000556071 -0.0088237 0.00665915 0.0257096 -0.0205642 -0.00257939 -0.0254836
internal_weight=154.906 36.0735 118.832 40.5341 78.2983 37.2491 41.0491 22.2249 28.1742 18.3093 20.8101
internal_count=635 151 484 165 319 153 166 90 119 75 88
is_linear=0
shrinkage=0.03


Tree=26
num_leaves=5
num_cat=0
split_feature=9 9 40 28
split_gain=8.95173 6.98553 6.53632 7.90681
threshold=-0.070441823520883309 -0.055128628635491707 0.093382542286192707 6.5000000000000009
decision_type=2 2 2 2
left_child=-1 -2 3 -3
right_child=1 2 -4 -5
leaf_value=0.021363925740582389 -0.022214254709418353 0.010805749684647283 -0.024421409202105962 -0.0044946911010021393
leaf_weight=13.808946087956427 12.442828699946402 48.922619968652725 7.3121721744537345 72.247280389070511
leaf_count=56 51 199 30 299
internal_value=0 -0.00242585 -8.33668e-05 0.00163626
internal_weight=154.734 140.925 128.482 121.17
internal_count=635 579 528 498
is_linear=0
shrinkage=0.03


Tree=27
num_leaves=9
num_cat=0
split_feature=19 40 16 22 1 37 37 18
split_gain=8.89473 7.06642 11.8638 8.66915 5.23649 3.84067 2.62032 1.58983
threshold=0.17641042991189673 0.047254976475725526 -10.29795339997167 -0.25487643153673273 0.010494651486157249 0.0083714322577082018 0.060507715930936075 0.64977847705886072
decision_type=2 2 2 2 2 2 2 2
left_child=1 3 -3 5 -5 -1 -4 -2
right_child=7 2 6 4 -6 -7 -8 -9
leaf_value=-0.00099514673482277416 0.028473110396454577 0.010230192287326063 -0.033865257324438756 0.0097040302321954649 -0.0064674823039462858 -0.027511701904273603 -0.0066258514763033374 0.0060259551734362484
leaf_weight=10.903393477201464 7.9209132492542293 9.7767686694860476 14.264476731419565 63.827813938260078 22.071853518486023 9.6950336545705778 7.3063229024410239 8.8968056291341764
leaf_count=45 32 40 60 260 92 40 30 36
internal_value=0 -0.00267055 -0.0147532 0.000954116 0.00532551 -0.0154697 -0.0266204 0.0192979
internal_weight=154.663 137.846 31.3476 106.498 85.8997 20.5984 21.5708 16.8177
internal_count=635 567 130 437 352 85 90 68
is_linear=0
shrinkage=0.03


Tree=28
num_leaves=11
num_cat=0
split_feature=17 21 37 11 27 1 2 33 11 32
split_gain=9.00398 7.27434 5.25258 9.26853 4.78482 6.10154 4.80093 4.03379 2.23124 1.40338
threshold=2.2390245165111371 0.019784170184831397 0.0020898841203191858 1.0000000180025095e-35 3.5000000000000004 -0.010675803812339566 -0.0029933496299865965 0.24426915620345643 -0.026594427137654249 -0.0040073783090772133
decision_type=2 2 2 2 2 2 2 2 2 2
left_child=2 8 3 9 5 -4 -6 -5 -2 -1
right_child=1 -3 4 7 6 -7 -8 -9 -10 -11
leaf_value=0.0091666393596111923 -0.0023634134202361878 0.0096538973201888388 -0.01725298318055854 -0.015094364214929152 0.027528194677446539 0.0018534716965855696 -0.0017351010511511208 0.010209408982580838 -0.024714021178969373 0.031191020095903171
leaf_weight=8.6459386497735995 7.3410555422306087 7.8788715600967398 20.268352597951889 9.7392305582761782 7.6692175269126883 41.977531418204308 8.2613299787044507 8.5645725727081281 20.630663126707077 13.558041766285895
leaf_count=35 31 32 83 40 31 171 34 35 88 55
internal_value=0 -0.01284 0.00392933 0.0124335 -0.000490328 -0.00447787 0.0130153 -0.00267626 -0.0198978 0.0247008
internal_weight=154.535 35.8506 118.684 40.5078 78.1764 62.2459 15.9305 18.3038 27.9717 22.204
internal_count=635 151 484 165 319 254 65 75 119 90
is_linear=0
shrinkage=0.03


Tree=29
num_leaves=8
num_cat=0
split_feature=19 2 22 37 34 12 18
split_gain=8.40917 8.85817 5.19956 6.71194 3.00424 2.72425 1.49227
threshold=0.17641042991189673 0.020201608927266638 -0.25487643153673273 0.047839424948528116 0.021222555799800483 50.378383020956598 0.64977847705886072
decision_type=2 2 2 2 2 2 2
left_child=1 2 5 -4 -3 -1 -2
right_child=6 4 3 -5 -6 -7 -8
leaf_value=-0.02139741268482475 0.027710463961720166 -0.02542860730126428 0.0071190016581908575 -0.014772040895653073 -0.00021964079195773711 0 0.005846019753338037
leaf_weight=10.609635010361673 7.8958371132612255 15.847888067364694 82.789054200053215 12.559126406908034 7.2417056560516349 8.5201984494924528 8.8949711024761182
leaf_count=44 32 67 339 52 30 35 36
internal_value=0 -0.00259552 0.000803805 0.00383721 -0.0187678 -0.0125377 0.018781
internal_weight=154.358 137.568 114.478 95.3482 23.0896 19.1298 16.7908
internal_count=635 567 470 391 97 79 68
is_linear=0
shrinkage=0.03


Tree=30
num_leaves=10
num_cat=0
split_feature=37 11 19 36 19 20 2 40 36
split_gain=12.0698 13.0044 6.80079 6.38355 7.71074 6.19816 5.1837 3.97419 0.120763
threshold=0.0026564149656386209 0.0040891239316206427 0.17641042991189673 0.0049296490505929573 0.062094995008648908 0.018233514488764833 -0.0028252952613098676 -0.032516852242907616 0.0059347357702046752
decision_type=2 2 2 2 2 2 2 2 2
left_child=1 7 3 5 -5 -2 -3 -1 -9
right_child=2 6 -4 4 -6 -7 -8 8 -10
leaf_value=0.0084615498671274225 -0.0070500878394124424 0.0053128599332439089 0.01535187137161307 0.0044907253840484962 -0.018897460303119239 0.019887951334945399 -0.023320875937854087 0.015699080062965918 0.038883881329731522
leaf_weight=13.718951001763342 16.155059069395069 12.504067584872248 11.175025209784506 15.103665784001349 45.615751266479492 10.968574583530424 7.0213736444711676 7.3876808285713222 11.487878784537314
leaf_count=56 66 51 45 63 189 45 30 30 47
internal_value=0.00147379 0.0129623 -0.0045618 -0.00754744 -0.0128829 0.00394606 -0.00549713 0.0241323 0.0329016
internal_weight=151.138 52.12 99.0181 87.8431 60.7194 27.1236 19.5254 32.5945 18.8756
internal_count=622 214 408 363 252 111 81 133 77
is_linear=0
shrinkage=0.03


Tree=31
num_leaves=5
num_cat=0
split_feature=17 4 14 28
split_gain=6.90927 6.77233 11.1303 7.0459
threshold=-6.0361436409623099 0.070519674195598361 67.405916925898296 6.5000000000000009
decision_type=2 2 2 2
left_child=-1 2 3 -2
right_child=1 -3 -4 -5
leaf_value=0.021673883836959888 0.0083176356026586473 0.020748572719693957 -0.029689339645202453 -0.0061538368506133577
leaf_weight=11.876149237155913 52.448012828826904 10.269398406147955 10.314365312457083 66.060720428824425
leaf_count=48 215 42 42 275
internal_value=0.00146279 -0.000439348 -0.00253442 0.000158031
internal_weight=150.969 139.092 128.823 118.509
internal_count=622 574 532 490
is_linear=0
shrinkage=0.03


Tree=32
num_leaves=8
num_cat=0
split_feature=19 17 9 28 21 8 6
split_gain=9.89793 9.1479 8.24548 7.42037 4.59301 0.791896 0.193572
threshold=0.17641042991189673 2.3116355920510334 0.068657770864622977 6.5000000000000009 0.015347376284131369 0.028848758218330533 0.017231345606036837
decision_type=2 2 2 2 2 2 2
left_child=1 2 3 -1 6 -2 -3
right_child=5 4 -4 -5 -6 -7 -8
leaf_value=0.016375570741850986 0.029399277924271473 -0.029424650742062179 -0.017497248314122315 -0.00069309764016182572 -0.00018660189297510147 0.0097386270879992881 -0.010526768264362343
leaf_weight=36.416603624820709 7.8591550737619427 10.628389492630964 13.090637236833571 52.574272096157074 13.027213439345358 10.064073055982588 7.238730013370513
leaf_count=148 32 46 53 216 55 41 31
internal_value=0.00142525 -0.00140336 0.00285568 0.00633326 -0.0152502 0.0211983 -0.0243538
internal_weight=150.899 132.976 102.082 88.9909 30.8943 17.9232 17.8671
internal_count=622 549 417 364 132 73 77
is_linear=0
shrinkage=0.03


Tree=33
num_leaves=10
num_cat=0
split_feature=37 11 19 36 19 20 2 36 11
split_gain=11.2667 12.4691 6.00768 5.53577 7.98241 6.04443 4.8681 2.58864 2.78305
threshold=0.0020898841203191858 0.0040891239316206427 0.17641042991189673 0.0049296490505929573 0.06299465343984946 0.018233514488764833 -0.0028252952613098676 0.0071638962918784792 -0.03253589119023708
decision_type=2 2 2 2 2 2 2 2 2
left_child=1 7 3 5 -5 -2 -3 8 -1
right_child=2 6 -4 4 -6 -7 -8 -9 -10
leaf_value=0 -0.0072602602181488403 0.005083111098937344 0.014338915930544009 0.0050509609229716559 -0.018370875564983204 0.019281445646923228 -0.022710061521231058 0.035083765668172721 0.021283169753749279
leaf_weight=7.4014378190040615 16.361635550856594 12.502954587340357 11.16135101020336 15.843975245952604 45.428868606686592 10.983262136578558 6.9570269584655753 12.376241549849508 11.747429549694063
leaf_count=30 67 51 45 66 189 45 30 51 48
internal_value=0.00137352 0.01265 -0.00437649 -0.00716366 -0.0121092 0.00347678 -0.00534458 0.0238614 0.013267
internal_weight=150.764 50.9851 99.7791 88.6177 61.2728 27.3449 19.46 31.5251 19.1489
internal_count=622 210 412 367 255 112 81 129 78
is_linear=0
shrinkage=0.03


Tree=34
num_leaves=9
num_cat=0
split_feature=37 17 4 2 21 7 40 4
split_gain=10.6566 5.14912 6.06086 7.68684 4.18082 7.77192 6.38119 2.31377
threshold=0.0020898841203191858 -5.7222644020477622 0.070519674195598361 0.022464886787345043 0.017225564100844967 0.0064063071690690166 -0.025092470899840177 -0.021030832608534385
decision_type=2 2 2 2 2 2 2 2
left_child=4 -2 3 -3 5 6 -1 -6
right_child=1 2 -4 -5 7 -7 -8 -9
leaf_value=-0.0040258417015143705 0.01523524000428109 -0.0041126414450643562 0.015427885127787514 -0.026975238029683619 0.0066069954914254212 -0.018554873227038929 0.024036222189843918 0.032840519711430836
leaf_weight=10.228141829371452 8.6802965551614744 67.464721381664276 7.9008039385080329 15.616710424423216 8.0625016093254107 7.2915644198656073 15.624607145786285 9.6958049535751325
leaf_count=42 35 279 32 66 33 31 64 40
internal_value=0.00135773 -0.00423394 -0.0065405 -0.00911948 0.0123354 0.00489401 0.0129036 0.0235637
internal_weight=150.565 99.6625 90.9822 83.0814 50.9026 33.1443 25.8527 17.7583
internal_count=622 412 377 345 210 137 106 73
is_linear=0
shrinkage=0.03


Tree=35
num_leaves=10
num_cat=0
split_feature=19 17 35 32 4 11 21 2 15
split_gain=12.4879 7.44281 7.03011 5.61796 3.52827 2.77921 4.20854 1.93355 1.76551
threshold=0.13358484772685916 2.2390245165111371 -0.0084087064077980594 -0.0016761055910927689 -0.0074605685398970159 -0.041915745354344107 0.01444370776762372 0.0045620179401411063 5.8462322614044213
decision_type=2 2 2 2 2 2 2 2 2
left_child=1 2 8 -4 -3 -2 -7 -8 -1
right_child=5 4 3 -5 -6 6 7 -9 -10
leaf_value=-0.021446817736186865 0.029647214950578277 0 -0.0058488685278085609 0.010379882579526649 -0.026013347911058932 0.021503040506195 0.0074258461558231069 -0.011452170822911653 -0.0026028434166550591
leaf_weight=13.744340538978578 7.7020592242479315 7.4718378782272366 31.520453885197639 41.373290628194809 17.697733759880066 9.809353247284891 7.4159977138042432 7.5869062840938568 9.9376174658536893
leaf_count=57 32 32 129 169 77 40 30 31 41
internal_value=-0.000883901 -0.00541293 -0.00131457 0.00319323 -0.0193319 0.0149708 0.00798396 -0.00146264 -0.0149419
internal_weight=154.26 121.745 96.5757 72.8937 25.1696 32.5143 24.8123 15.0029 23.682
internal_count=638 505 396 298 109 133 101 61 98
is_linear=0
shrinkage=0.03


Tree=36
num_leaves=9
num_cat=0
split_feature=19 17 5 21 15 23 28 15
split_gain=11.9163 7.08484 6.84547 7.95087 4.48379 3.38519 3.03653 4.90132
threshold=0.13358484772685916 2.2390245165111371 0.042822284852016453 0.017490668001818633 51.863198842239058 0.94450486995014382 3.5000000000000004 33.387253732146725
decision_type=2 2 2 2 2 2 2 2
left_child=1 2 3 -1 -4 -3 -2 -8
right_child=6 5 4 -5 -6 -7 7 -9
leaf_value=-0.009972750898185969 0 -0.004220339265978236 0.024690434811426826 0.013724719481308047 -0.001975191438738744 -0.028411568458893359 0.031193572520310481 0.0030768309673707334
leaf_weight=64.088702470064163 7.844956934452056 11.596324637532236 11.098654478788378 13.502768531441687 7.840063825249671 13.454745590686796 12.793054372072222 11.843588620424269
leaf_count=264 32 50 45 55 32 59 53 48
internal_value=-0.00086067 -0.00529056 -0.00129239 -0.00541911 0.013801 -0.0189077 0.0146309 0.019486
internal_weight=154.063 121.581 96.5302 77.5915 18.9387 25.0511 32.4816 24.6366
internal_count=638 505 396 319 77 109 133 101
is_linear=0
shrinkage=0.03


Tree=37
num_leaves=10
num_cat=0
split_feature=19 17 5 21 38 4 3 9 21
split_gain=11.3064 6.78998 6.46758 7.53485 3.68851 3.35843 3.05808 5.34709 5.69628
threshold=0.13358484772685916 2.2390245165111371 0.042822284852016453 0.017490668001818633 0.0083525224806211395 -0.0074605685398970159 0.04329737631424458 -0.068194633510991809 0.016780873571060964
decision_type=2 2 2 2 2 2 2 2 2
left_child=1 2 3 -1 -4 -3 7 -2 -9
right_child=6 5 4 -5 -6 -7 -8 8 -10
leaf_value=-0.0096952869716818383 0.024983802180625965 0 0.02441478618422905 0.013377672141589204 0 -0.025079239748094163 0.029437422940425468 0.01146928503215334 -0.019793313928251791
leaf_weight=64.003677859902382 7.774992004036906 7.4507713615894344 9.9035676121711749 13.48955389857292 9.0407583564519864 17.480909034609795 7.6927938163280478 9.5801122486591357 7.392757683992385
leaf_count=264 32 32 40 55 37 77 32 39 30
internal_value=-0.000825559 -0.00514779 -0.00123423 -0.00525467 0.0134268 -0.018513 0.0142694 0.00714518 -0.00200804
internal_weight=153.81 121.369 96.4376 77.4932 18.9443 24.9317 32.4407 24.7479 16.9729
internal_count=638 505 396 319 77 109 133 101 69
is_linear=0
shrinkage=0.03


Tree=38
num_leaves=7
num_cat=0
split_feature=38 35 13 25 10 2
split_gain=8.17133 9.36525 7.24106 8.35558 5.92258 4.17163
threshold=0.017782938876266353 -0.0084087064077980594 7.3925425989528941 0.22913847212844687 0.018815736089719762 -0.021130403588666687
decision_type=2 2 2 2 2 2
left_child=1 4 3 -3 5 -1
right_child=-2 2 -4 -5 -6 -7
leaf_value=0 0.026786884675189335 0.013735250820010182 -0.016970918402287104 -0.003665885992819216 0.0056197169047212669 -0.026364098274424264
leaf_weight=7.4557883739471462 7.0382572114467612 47.68415667116642 13.391015738248823 46.336536332964897 8.1156043261289579 23.52068892121315
leaf_count=31 30 196 57 192 33 99
internal_value=-0.000778538 -0.00254675 0.00195618 0.00510544 -0.0147773 -0.0205928
internal_weight=153.542 146.504 107.412 94.0207 39.0921 30.9765
internal_count=638 608 445 388 163 130
is_linear=0
shrinkage=0.03


Tree=39
num_leaves=10
num_cat=0
split_feature=19 17 35 25 23 3 3 21 25
split_gain=10.5388 6.38353 6.12506 7.35326 3.287 2.8573 5.11107 6.84105 1.90301
threshold=0.13358484772685916 2.2390245165111371 -0.0084087064077980594 0.23590205639177445 0.94450486995014382 0.04329737631424458 -0.018237129542593041 0.016780873571060964 0.16740412979351035
decision_type=2 2 2 2 2 2 2 2 2
left_child=1 2 8 -4 -3 6 -2 -8 -1
right_child=5 4 3 -5 -6 -7 7 -9 -10
leaf_value=-0.023094014769037597 0.023383095091793475 -0.0035812789698926391 0.01197445363031009 -0.0065089095430554394 -0.027363860365725971 0.028570847119420668 0.013059811557506467 -0.021794407004062554 -0.0040541363734411615
leaf_weight=10.010214537382128 8.5325157791376132 11.522805675864221 38.17542240023613 34.610818758606911 13.2253310829401 7.6385758817195883 8.840813487768175 7.320759028196334 13.482921943068503
leaf_count=42 35 50 156 142 59 32 36 30 56
internal_value=-0.000755025 -0.00493714 -0.00114319 0.00304578 -0.0179471 0.0138382 0.00691994 -0.00256373 -0.0139306
internal_weight=153.36 121.028 96.2794 72.7862 24.7481 32.3327 24.6941 16.1616 23.4931
internal_count=638 505 396 298 109 133 101 66 98
is_linear=0
shrinkage=0.03


Tree=40
num_leaves=10
num_cat=0
split_feature=0 19 21 15 37 11 5 32 32
split_gain=7.08023 7.06665 8.09052 10.5283 7.69939 3.85688 3.50518 2.33966 1.82632
threshold=0.011695233866508394 0.09183969452139841 0.01003533267737858 39.505674718304036 0.0020898841203191858 -0.0077156661138314533 -0.070742357777395889 0.0059185248506888897 0.01356840078788968
decision_type=2 2 2 2 2 2 2 2 2
left_child=1 2 -1 -4 6 -6 -3 -2 -9
right_child=7 4 3 -5 5 -7 -8 8 -10
leaf_value=0.014907398827071875 0 0.0049734301580872664 -0.014778111095201718 0.017247691516419479 -0.010501267656797765 0.0086423499987035458 0.035167813191030184 -0.027979923203335307 -0.0047278231154840511
leaf_weight=14.478530839085577 8.5151330977678317 7.4879488199949291 46.510393172502518 9.2496772855520231 12.024348989129065 25.821305587887764 11.082300335168837 9.4093832969665545 7.9420617371797553
leaf_count=59 36 31 195 38 50 105 46 41 34
internal_value=-0.000128612 0.00274551 -0.00342212 -0.0087926 0.0105353 0.00196177 0.0253893 -0.0139269 -0.0197007
internal_weight=152.521 126.655 70.2386 55.7601 56.4159 37.8457 18.5702 25.8666 17.3514
internal_count=635 524 292 233 232 155 77 111 75
is_linear=0
shrinkage=0.03


Tree=41
num_leaves=11
num_cat=0
split_feature=17 37 12 12 37 19 32 6 34 25
split_gain=7.39544 5.20511 4.78518 6.76685 5.68155 4.55284 3.85437 3.05276 2.02687 2.41273
threshold=2.2390245165111371 -0.011633926972009654 42.375318046485411 31.074795336144884 0.035561034111742502 0.10566034305219875 0.0076795056283054395 -0.007910036866980481 0.0074667888597346197 0.16363672682237665
decision_type=2 2 2 2 2 2 2 2 2 2
left_child=2 -2 3 -1 6 -6 -4 -5 -3 -10
right_child=1 8 4 7 5 -7 -8 -9 9 -11
leaf_value=0.0093646658698078537 0.0082184912682447056 -0.026895404973574948 0.016948288456130046 -0.023451314889274072 -0.014715618639652253 0.0069608715538910845 -0.0041697490973344395 0 -0.018723172369702973 0.0015458557220509059
leaf_weight=14.336997285485266 6.9707410484552375 11.916624516248705 43.026705905795097 13.363676384091375 13.206926688551905 17.771654963493347 7.2667769044637671 8.2791458964347857 7.2291124612092998 8.968288838863371
leaf_count=59 30 53 177 55 55 72 30 34 31 39
internal_value=-0.000111781 -0.0119027 0.00343104 -0.00524426 0.00748551 -0.0021575 0.0135674 -0.0155297 -0.0176043 -0.00773972
internal_weight=152.337 35.0848 117.252 35.9798 81.2721 30.9786 50.2935 21.6428 28.114 16.1974
internal_count=635 153 482 148 334 127 207 89 123 70
is_linear=0
shrinkage=0.03


Tree=42
num_leaves=11
num_cat=0
split_feature=17 23 38 24 38 3 28 19 13 1
split_gain=7.01126 8.37917 5.4816 7.96658 7.72753 5.49438 3.82104 2.51673 2.17503 1.39124
threshold=2.2390245165111371 0.88882707813614137 0.0083525224806211395 -0.14918778995410178 0.0099088576295996086 0.0011977648828436218 6.5000000000000009 0.069511265333757205 1.0582214643063212 0.019776517711630807
decision_type=2 2 2 2 2 2 2 2 2 2
left_child=2 -2 3 5 7 -1 -6 -4 -5 -3
right_child=1 9 4 8 6 -7 -8 -9 -10 -11
leaf_value=0.010721278304171602 0.0073714990566996486 -0.030335536084573969 -0.023948123873221441 0.011583163271004018 0.017012763449187299 -0.016910115500738607 -0.00034451735798935227 -0.0046117799334641522 0.035401735870816416 -0.010323735327261158
leaf_weight=12.593368396162989 11.703597486019133 10.464696779847147 10.622231617569925 14.212925061583521 15.843241095542906 9.5039763748645765 27.036700114607811 19.039307147264481 8.3576666265726072 12.801399335265158
leaf_count=52 50 46 44 58 65 39 112 78 34 57
internal_value=-0.000124912 -0.0116288 0.00331898 0.0113869 -0.00161988 -0.000957533 0.00620676 -0.0130855 0.0231772 -0.0216072
internal_weight=152.179 34.9697 117.209 44.6679 72.5415 22.0973 42.8799 29.6615 22.5706 23.2661
internal_count=635 153 482 183 299 91 177 122 92 103
is_linear=0
shrinkage=0.03


Tree=43
num_leaves=8
num_cat=0
split_feature=31 11 15 21 21 35 35
split_gain=7.35987 6.10631 8.39136 11.3105 5.41638 4.26402 3.56903
threshold=-2.4999999999999996 -0.054062432129652165 39.153321090154968 0.01003533267737858 0.010809882868048135 0.044156441153378807 -0.0084087064077980594
decision_type=2 2 2 2 2 2 2
left_child=5 -2 3 -3 -4 6 -1
right_child=1 2 4 -5 -6 -7 -8
leaf_value=0.003984367649978413 0.019367363043492698 0.014623510462488219 -0.010466214558559893 -0.014683408594767031 0.013614920301353115 -0.00059357843248672556 0.036183668278437831
leaf_weight=7.2238677144050598 7.8888179510831824 11.924308016896246 9.5318681150674802 72.703523710370064 26.556093230843544 8.8048691004514676 7.3779115229845065
leaf_count=30 33 49 39 309 109 36 30
internal_value=-0.000123373 -0.00309075 -0.00497235 -0.0101385 0.00664498 0.0145499 0.0235564
internal_weight=152.011 128.605 120.716 84.6278 36.088 23.4066 14.6018
internal_count=635 539 506 358 148 96 60
is_linear=0
shrinkage=0.03


Tree=44
num_leaves=12
num_cat=0
split_feature=17 38 24 38 3 37 36 21 26 13 37
split_gain=6.53524 5.13501 7.53986 7.34444 5.24454 4.94643 4.654 3.62915 2.28352 2.04919 1.83478
threshold=2.2390245165111371 0.0083525224806211395 -0.14918778995410178 0.0099088576295996086 0.0011977648828436218 -0.011633926972009654 0.0050177200738143321 0.012611501543550981 0.13383109051091172 1.0582214643063212 0.015771911015813437
decision_type=2 2 2 2 2 2 2 2 2 2 2
left_child=1 2 4 6 -1 -2 -3 -5 -7 -4 -10
right_child=5 3 9 7 -6 8 -8 -9 10 -11 -12
leaf_value=0.010438967932096916 0.0083369951694923488 0.0017075226028742444 0.011218952108223134 0.022016936975266195 -0.016561537355525138 -0.0012981813072554069 -0.021127131066739857 0.00096459692379776698 -0.0053089102539249488 0.034420047833866235 -0.029019077981860344
leaf_weight=12.597960084676744 6.9481230974197379 10.7811576128006 14.202213034033777 8.0820311158895475 9.4882029592990857 8.4430797249078768 18.800598651170731 34.758580341935158 7.2745132595300701 8.3447007536888105 12.127341344952582
leaf_count=52 30 44 58 33 39 37 78 144 32 34 54
internal_value=-8.70626e-05 0.00323179 0.0110429 -0.00154792 -0.000949702 -0.0112292 -0.0127489 0.00607558 -0.0168456 0.0225216 -0.022157
internal_weight=151.849 117.055 44.6331 72.4224 22.0862 34.7931 29.5818 42.8406 27.8449 22.5469 19.4019
internal_count=635 482 183 299 91 153 122 177 123 92 86
is_linear=0
shrinkage=0.03


Tree=45
num_leaves=11
num_cat=0
split_feature=37 15 19 9 3 36 11 32 15 25
split_gain=8.79495 10.4388 8.28783 7.56432 6.38436 7.25827 4.79256 6.94745 6.79362 2.19598
threshold=0.0026564149656386209 6.7615208553927166 0.056985735641331893 -0.066737503470531048 -0.019154131615070399 0.0077766786520461926 0.0047659357764375807 0.0059185248506888897 11.361953239817984 0.38103559520633518
decision_type=2 2 2 2 2 2 2 2 2 2
left_child=6 2 -2 -4 -3 -6 7 9 -8 -1
right_child=1 4 3 -5 5 -7 8 -9 -10 -11
leaf_value=0.029741361846608499 0.0090165690139897576 0.025021222331640336 0.0031987146455923743 -0.027380511353693491 0.005005442786480933 -0.024401534926707238 -0.020523944828419318 -0.0024505802688190898 0.011869889120840854 0.0056502672838881565
leaf_weight=17.82468464970589 8.4896288961172086 8.5786023885011655 7.8024414181709245 30.425511404871944 34.795963928103447 7.4606640785932532 8.1577481776475924 11.201112121343611 11.413572534918783 7.4892724156379691
leaf_count=74 36 35 32 131 144 31 35 47 47 31
internal_value=0.000306759 -0.00501117 -0.0150231 -0.0209176 0.00412632 -0.000715704 0.00966871 0.0158608 -0.00158819 0.0240987
internal_weight=153.639 97.5528 46.7176 38.228 50.8352 42.2566 56.0864 36.5151 19.5713 25.314
internal_count=643 409 199 163 210 175 234 152 82 105
is_linear=0
shrinkage=0.03


Tree=46
num_leaves=13
num_cat=0
split_feature=37 38 20 37 17 21 33 19 34 4 38 40
split_gain=8.30877 6.10946 5.57196 6.42898 5.36056 4.99561 9.65678 5.44105 3.43233 3.90597 2.12929 1.75181
threshold=0.0026564149656386209 0.0083525224806211395 0.026291531037085997 0.055450840752883986 0.33640321600296913 0.011652558991539873 0.80516138228120748 0.10542458112499428 -0.032317857037125745 -0.011799891756850976 0.011677255677062086 -0.025092470899840177
decision_type=2 2 2 2 2 2 2 2 2 2 2 2
left_child=4 5 3 -3 10 6 -2 -7 -6 -10 11 -1
right_child=1 2 -4 -5 8 7 -8 -9 9 -11 -12 -13
leaf_value=0.005687721510961581 -0.021857849997164048 -0.0088596570461436739 0.0080706551961162495 -0.037729825464220261 0.01405221136607181 0.02474697433565589 0.01700962756285386 -0.0022782464779492508 0.0056915119127637845 -0.019471486243329509 0.0022549818230994832 0.028170035725904968
leaf_weight=7.6854562610387829 12.727517873048784 37.912382066249847 8.7826574146747571 8.0616790950298292 7.2488605231046703 12.370211035013201 7.2437811642885199 10.271052122116087 7.890068516135222 9.774205386638636 8.9291806966066343 14.489330321550371
leaf_count=32 54 161 36 35 31 51 30 42 33 42 37 59
internal_value=0.000308941 -0.00486295 -0.0113857 -0.0155967 0.00941504 0.0033171 -0.00681246 0.0126886 -0.000483217 -0.00803344 0.0173465 0.0221137
internal_weight=153.386 97.3693 54.7567 45.9741 56.0171 42.6126 19.9713 22.6413 24.9131 17.6643 31.104 22.1748
internal_count=643 409 232 196 234 177 84 93 106 75 128 91
is_linear=0
shrinkage=0.03


Tree=47
num_leaves=8
num_cat=0
split_feature=40 21 36 38 15 12 28
split_gain=8.03431 6.43716 7.19131 8.7563 3.99955 3.25074 1.13393
threshold=0.087799878180499738 0.017490668001818633 0.0079246560292421213 0.0083525224806211395 -18.255099172856109 57.22648216698984 7.5000000000000009
decision_type=2 2 2 2 2 2 2
left_child=1 2 3 -1 -3 -6 -4
right_child=-2 4 6 -5 5 -7 -8
leaf_value=0.013912361981509538 -0.024364208123816327 1.6210153079411813e-05 -0.0057746627652079168 -0.0044929548638141924 0.032648887032480089 0.0044972926665209287 -0.026863878785311383
leaf_weight=33.883768126368523 8.9510526210069639 13.635095670819281 7.832260459661482 62.9184859842062 9.9355705976486224 8.4480407088994962 7.5881689637899399
leaf_count=140 38 57 33 266 41 35 33
internal_value=0.000311287 0.00225739 -0.00106635 0.00194886 0.0137255 0.0221585 -0.0189062
internal_weight=153.192 144.241 112.223 96.8023 32.0187 18.3836 15.4204
internal_count=643 605 472 406 133 76 66
is_linear=0
shrinkage=0.03


Tree=48
num_leaves=12
num_cat=0
split_feature=37 14 34 5 38 33 11 11 34 35 10
split_gain=7.94626 6.86044 6.49671 6.44049 6.1841 4.61049 4.51283 6.43247 5.78253 8.85136 4.22932
threshold=0.0026564149656386209 21.47035759244773 0.024396315883857048 0.019172839065339623 0.0083525224806211395 0.67731431981984802 0.0047659357764375807 0.035007472353542964 -0.031138594858607368 0.033776019470644243 0.032994607237104796
decision_type=2 2 2 2 2 2 2 2 2 2 2
left_child=6 2 3 -2 10 -6 8 -8 -1 -10 -3
right_child=1 4 -4 -5 5 -7 7 -9 9 -11 -12
leaf_value=0.03334810160166627 0.0024255888316134055 0.021930936456059313 -0.028493245305598262 -0.022304789839842073 0.007408527830053282 -0.019850001801763644 -0.01649985584507966 0.01486850563136735 -0.012136133597898453 0.020188597569612811 -0.0018555326029151952
leaf_weight=9.670265465974806 29.651724651455879 15.886209905147554 13.568353310227392 11.204895213246344 7.4511512815952328 10.789222240447996 10.788202106952669 8.7204479426145536 11.13232332468033 15.590301617980002 8.5793359577655774
leaf_count=41 126 65 58 49 31 45 46 36 46 65 35
internal_value=0.000295135 -0.0047671 -0.0117209 -0.00473109 0.00388727 -0.00834209 0.00921085 -0.00170194 0.0152353 0.00629288 0.0135131
internal_weight=153.032 97.1309 54.425 40.8566 42.7059 18.2404 55.9015 19.5087 36.3929 26.7226 24.4655
internal_count=643 409 233 175 176 76 234 82 152 111 100
is_linear=0
shrinkage=0.03


Tree=49
num_leaves=12
num_cat=0
split_feature=37 15 34 9 6 34 36 14 37 32 12
split_gain=7.56207 9.23445 7.88923 9.88547 5.11058 4.9435 4.13019 3.99913 3.88502 2.91142 1.06439
threshold=0.0026564149656386209 6.7615208553927166 -0.0078933473678629001 0.086349287783257941 -0.0026253815923671345 0.023798587721067469 0.0080213846019836638 -11.580286939552932 -0.041441844757035266 0.0061309382367716889 42.158159217138341
decision_type=2 2 2 2 2 2 2 2 2 2 2
left_child=4 5 -3 -4 8 7 9 -2 -1 -6 -10
right_child=1 2 3 -5 6 -7 -8 -9 10 -11 -12
leaf_value=-0.000433943017425328 0.0011223165628083832 -0.016802595298220469 0.020722485342500506 -0.0086021754876123152 0.00032097908086580108 -0.029073403933622417 0.016200349624259928 -0.018585968644020599 0.011123268351001409 -0.021195935185100129 0.030409266702638608
leaf_weight=7.1941015571355846 20.546494767069813 10.454726681113241 26.181632101535797 14.06309801340103 11.713061958551412 12.803103283047674 6.8270723372697821 12.924098715186121 12.186721041798593 6.9591092318296424 10.937033727765082
leaf_count=30 87 44 108 58 49 55 30 57 50 30 45
internal_value=0.000283082 -0.00465689 0.00391928 0.0101981 0.00898913 -0.0141371 -0.000454319 -0.00668369 0.0169324 -0.00824757 0.0225368
internal_weight=152.79 96.9732 50.6995 40.2447 55.8171 46.2737 25.4992 33.4706 30.3179 18.6722 23.1238
internal_count=643 409 210 166 234 199 109 144 125 79 95
is_linear=0
shrinkage=0.03


end of trees

feature_importances:
volatility=37
macro_topix_ret_20=35
bb_bandwidth=30
macd_hist_change=26
ma_20_60_cross=22
macro_topix_vol_20=22
macd_signal=19
macro_usdjpy_vol_20=17
div_ma_60=16
macro_usdjpy_ret_20=16
macro_nikkei_ret_20=15
month=14
macro_usdjpy_ret_60=13
return_3d=11
return_5d=10
return_20d=10
macd=10
upper_shadow_pct=10
atr_pct=9
return_10d=8
vol_ratio=8
gap=8
ma_5_20_cross=5
rsi=5
rsi_change=5
return_1d=4
vol_change=4
return_2d=3
div_ma_5=3
div_ma_10=3
candle_body_pct=3
streak=3
price_position_20d=3
div_ma_20=2
bb_pct_b=2
day_of_week=2
macd_hist=1
lower_shadow_pct=1

parameters:
[boosting: gbdt]
[objective: binary]
[metric: binary_logloss]
[tree_learner: serial]
[device_type: cpu]
[data_sample_strategy: bagging]
[data: ]
[valid: ]
[num_iterations: 50]
[learning_rate: 0.03]
[num_leaves: 15]
[num_threads: 0]
[seed: 42]
[deterministic: 0]
[force_col_wise: 0]
[force_row_wise: 0]
[histogram_pool_size: -1]
[max_depth: 4]
[min_data_in_leaf: 30]
[min_sum_hessian_in_leaf: 0.001]
[bagging_fraction: 0.7]
[pos_bagging_fraction: 1]
[neg_bagging_fraction: 1]
[bagging_freq: 5]
[bagging_seed: 400]
[bagging_by_query: 0]
[feature_fraction: 0.6]
[feature_fraction_bynode: 1]
[feature_fraction_seed: 30056]
[extra_trees: 0]
[extra_seed: 12879]
[early_stopping_round: 0]
[early_stopping_min_delta: 0]
[first_metric_only: 0]
[max_delta_step: 0]
[lambda_l1: 0.5]
[lambda_l2: 2]
[linear_lambda: 0]
[min_gain_to_split: 0]
[drop_rate: 0.1]
[max_drop: 50]
[skip_drop: 0.5]
[xgboost_dart_mode: 0]
[uniform_drop: 0]
[drop_seed: 17869]
[top_rate: 0.2]
[other_rate: 0.1]
[min_data_per_group: 100]
[max_cat_threshold: 32]
[cat_l2: 10]
[cat_smooth: 10]
[max_cat_to_onehot: 4]
[top_k: 20]
[monotone_constraints: ]
[monotone_constraints_method: basic]
[monotone_penalty: 0]
[feature_contri: ]
[forcedsplits_filename: ]
[refit_decay_rate: 0.9]
[cegb_tradeoff: 1]
[cegb_penalty_split: 0]
[cegb_penalty_feature_lazy: ]
[cegb_penalty_feature_coupled: ]
[path_smooth: 0]
[interaction_constraints: ]
[verbosity: -1]
[saved_feature_importance_type: 0]
[use_quantized_grad: 0]
[num_grad_quant_bins: 4]
[quant_train_renew_leaf: 0]
[stochastic_rounding: 1]
[linear_tree: 0]
[max_bin: 255]
[max_bin_by_feature: ]
[min_data_in_bin: 5]
[bin_construct_sample_cnt: 200000]
[data_random_seed: 175]
[is_enable_sparse: 1]
[enable_bundle: 1]
[use_missing: 1]
[zero_as_missing: 0]
[feature_pre_filter: 1]
[pre_partition: 0]
[two_round: 0]
[header: 0]
[label_column: ]
[weight_column: ]
[group_column: ]
[ignore_column: ]
[categorical_feature: ]
[forcedbins_filename: ]
[precise_float_parser: 0]
[parser_config_file: ]
[objective_seed: 16083]
[num_class: 1]
[is_unbalance: 0]
[scale_pos_weight: 1]
[sigmoid: 1]
[boost_from_average: 1]
[reg_sqrt: 0]
[alpha: 0.9]
[fair_c: 1]
[poisson_max_delta_step: 0.7]
[tweedie_variance_power: 1.5]
[lambdarank_truncation_level: 30]
[lambdarank_norm: 1]
[label_gain: ]
[lambdarank_position_bias_regularization: 0]
[eval_at: ]
[multi_error_top_k: 1]
[auc_mu_weights: ]
[num_machines: 1]
[local_listen_port: 12400]
[time_out: 120]
[machine_list_filename: ]
[machines: ]
[gpu_platform_id: -1]
[gpu_device_id: -1]
[gpu_use_dp: 0]
[num_gpu: 1]

end of parameters

pandas_categorical:[]
