tree
version=v4
num_class=1
num_tree_per_iteration=1
label_index=0
max_feature_idx=44
objective=binary sigmoid:1
feature_names=return_1d return_2d return_3d return_5d return_10d return_20d div_ma_5 div_ma_10 div_ma_20 div_ma_60 ma_5_20_cross ma_20_60_cross rsi rsi_change macd macd_signal macd_hist macd_hist_change bb_pct_b bb_bandwidth atr_pct volatility vol_change vol_ratio candle_body_pct upper_shadow_pct lower_shadow_pct day_of_week month is_month_end is_month_start streak gap price_position_20d macro_usdjpy_ret_20 macro_usdjpy_ret_60 macro_usdjpy_vol_20 macro_topix_ret_20 macro_topix_vol_20 macro_topix_above_200dma macro_nikkei_ret_20 macro_nikkei_above_200dma macro_nikkei_vi macro_jgb10y macro_bias_score
feature_infos=[-0.14809960681520318:0.14522708729942879] [-0.15603448275862064:0.17770326906957257] [-0.20380611581001951:0.1693973896139962] [-0.15951236263736268:0.21564665127020777] [-0.20754716981132071:0.27152521525215256] [-0.24752282883232957:0.29059040590405893] [-0.13036526435474705:0.1220955020251545] [-0.14524690926870157:0.18429563798970672] [-0.17181627062496024:0.18446219621962201] [-0.20085130268020024:0.2288551890509031] [-0.12197286012526098:0.12462230486320935] [-0.12065637861779432:0.12621610221381618] [1.9073569482288804:95.096774193548384] [-22.536545515309292:26.718039913060672] [-271.57168459879449:203.88827339332784] [-243.11242780957588:181.69962119661756] [-109.99101279471606:105.58440512850065] [-51.687450789875655:37.51924326892204] [-0.384582825746493:1.3578999957468934] [0.049382998174901827:0.37593396845560212] [0.017116661209180484:0.060979513444302177] [0.01075596564220341:0.046748438278204872] [-0.89722333645317998:6.5363502154198425] [0.45332728908280862:2.026201659694999] [-1:0.98373983739837401] [0:0.92941176470588238] [0:0.9859154929577465] [0:4] [1:12] none [0:1] [-10:8] [-0.14809960681520318:0.17602682313495399] [0:1] [-0.10288784967882303:0.08505611680078462] [-0.13986255140503889:0.13160084488587853] [0.0024251968629527628:0.011841457708833433] [-0.22586490939044479:0.19897850606512013] [0.0040695656522785678:0.036437277456277402] [0:1] [-0.22859537662338159:0.23022297972565586] [0:1] none none none
tree_sizes=963 1486 1311 1395 1091 1260 988 1044 1188 1043 974 1306 990 1403 1082 1418 1396 1419 997 1208 1412 1312 1317 1312 1425 1154 956 1000 1209 1058 1102 1108 1060 1207 1108 1312 1088 1095 785 1272 1414 1411 953 892 1525 1105 1098 1207 1211 1189

Tree=0
num_leaves=8
num_cat=0
split_feature=16 36 15 26 35 2 9
split_gain=17.1741 17.2832 17.127 7.64304 6.593 4.15099 4.0996
threshold=32.58040881952639 0.0075745090968123889 30.10562667121086 0.23918119551681197 0.022589612287033049 0.014881164201102639 -0.04304585146953329
decision_type=2 2 2 2 2 2 2
left_child=1 3 -3 4 -1 -2 -5
right_child=5 2 -4 6 -6 -7 -8
leaf_value=-0.22864556296258942 -0.21084044845616162 -0.168882502931155 -0.21312827407682153 -0.18708823965905935 -0.20748765424165685 -0.24035241205557201 -0.20606560825575265
leaf_weight=19.786279201507568 8.6564971506595629 21.27025014162064 10.387796580791472 14.097723931074141 33.636674642562866 12.119096010923384 34.625988602638245
leaf_count=80 35 86 42 57 136 49 140
internal_value=-0.206088 -0.201973 -0.183319 -0.207964 -0.215789 -0.230089 -0.199691
internal_weight=154.58 133.805 31.658 102.147 53.423 20.7756 48.7237
internal_count=625 541 128 413 216 84 197
is_linear=0
shrinkage=1


Tree=1
num_leaves=13
num_cat=0
split_feature=12 36 28 20 38 7 26 34 28 16 34 5
split_gain=18.4468 10.429 11.9877 9.6921 9.03336 9.84813 8.21821 8.03221 5.96025 2.81301 1.95096 1.99388
threshold=52.514370122989 0.0073375039766244233 8.5000000000000018 0.026040624822344618 0.0073732487153844528 -0.036495773859240389 0.23918119551681197 0.01102276340830899 5.5000000000000009 26.143440548405284 0.0081819118489403504 0.060618525001111652
decision_type=2 2 2 2 2 2 2 2 2 2 2 2
left_child=1 4 -3 10 6 -6 -1 9 -9 -5 -2 -12
right_child=3 2 -4 7 5 -7 -8 8 -10 -11 11 -13
leaf_value=-0.034667435252432724 -0.03823249630296708 0.040607690159178797 0 -0.0028029692719938057 -0.012289947354184483 0.017201887111598833 0.0047158645236034602 0.027643367954835619 -0.0017260389267416876 -0.026358636429518058 -0.0010372018848365319 -0.0235309283165657
leaf_weight=7.4119074642658216 7.6572631150484112 15.619543373584749 10.403371647000311 12.613061696290972 11.625046163797377 36.604956150054932 7.6752117425203323 8.6543471217155474 12.35649263858795 7.8977661579847327 8.1669328957796115 7.9060593247413626
leaf_count=30 31 63 42 51 47 148 31 35 50 32 33 32
internal_value=0.0013502 0.0101971 0.0255304 -0.0104826 0.00307679 0.00958843 -0.0155474 -0.00108244 0.0110705 -0.0140755 -0.0249848 -0.0143111
internal_weight=154.592 89.34 26.0229 65.2519 63.3171 48.23 15.0871 41.5217 21.0108 20.5108 23.7303 16.073
internal_count=625 361 105 264 256 195 61 168 85 83 96 65
is_linear=0
shrinkage=0.03


Tree=2
num_leaves=11
num_cat=0
split_feature=10 28 12 8 39 20 36 35 8 37
split_gain=17.8284 11.1692 15.9399 15.3307 10.4422 10.0552 8.45389 24.6665 6.11311 3.94022
threshold=-0.025824469836825788 8.5000000000000018 52.757387501532683 -0.022487627504583732 1.0000000180025095e-35 0.034107653818990058 0.0073375039766244233 -0.0014081143326124532 -0.014200854543903749 0.020128221355793178
decision_type=2 2 2 2 2 2 2 2 2 2
left_child=6 2 3 -2 -3 -4 7 -1 -6 -9
right_child=1 4 5 -5 8 -7 -8 9 -10 -11
leaf_value=-0.031901887896105006 -0.011970575206911714 0.011120087225845853 -0.014884764627085909 0.031572611092635809 -0.00056530959719216232 0.017887680033630608 0.037897734692946265 0.039229226443158842 -0.031735880824314014 0.0064619255949992039
leaf_weight=7.6505948752164867 8.6615299284458178 7.6687533855438224 39.495923325419426 21.577543646097183 8.6562707722187024 8.4102599918842298 12.17389592528343 8.9118575006723422 23.47776785492897 7.9152271449565879
leaf_count=31 35 31 160 87 35 34 49 36 95 32
internal_value=0.00127519 -0.00434961 0.00212537 0.0186662 -0.0169143 -0.00834449 0.0190528 0.00695918 -0.0243037 0.0269365
internal_weight=154.6 117.948 78.1453 30.2391 39.8028 47.9062 36.6516 24.4777 32.134 16.8271
internal_count=625 477 316 122 161 194 148 99 130 68
is_linear=0
shrinkage=0.03


Tree=3
num_leaves=12
num_cat=0
split_feature=10 4 35 19 11 10 36 38 5 4 40
split_gain=16.8973 9.07344 10.0446 8.10551 7.60733 11.8909 5.55796 4.18663 2.76842 5.39891 1.45735
threshold=-0.025824469836825788 -0.064974085554540192 0.01299282555931869 0.10219324773337825 0.041730722915789505 0.027272644864938859 0.0060038208782324251 0.0081573205847119828 0.0025323498857037223 0.0082039699431003549 0.021125035640814142
decision_type=2 2 2 2 2 2 2 2 2 2 2
left_child=1 2 -1 8 5 -5 -6 -3 10 -10 -2
right_child=3 7 -4 4 6 -7 -8 -9 9 -11 -12
leaf_value=-0.016176724482684767 -0.010510797266928631 0.010280265979813125 0.023772432903035004 0.0062963291804120341 0.028957147560503736 -0.019607561507762977 0 0.044879288624379551 0.01081003403563126 -0.018917941046612791 -0.03463886729562414
leaf_weight=9.8774652332067507 9.653823524713518 8.17644812166691 8.6858478635549528 35.39458841085434 10.635211497545244 25.378286138176918 11.604178100824354 9.9503130167722684 7.6767007112503078 10.110428035259245 7.4086402356624594
leaf_count=40 39 33 35 143 43 103 47 40 31 41 30
internal_value=0.00125677 0.0185533 0.00228028 -0.00422218 0.000785954 -0.00456205 0.0151897 0.0325903 -0.0159539 -0.00553384 -0.0243093
internal_weight=154.552 36.6901 18.5633 117.862 83.0123 60.7729 22.2394 18.1268 34.8496 17.7871 17.0625
internal_count=625 148 75 477 336 246 90 73 141 72 69
is_linear=0
shrinkage=0.03


Tree=4
num_leaves=9
num_cat=0
split_feature=10 21 28 33 4 35 19 38
split_gain=16.0726 14.5448 10.6132 9.79576 8.60724 9.55323 8.25149 3.93036
threshold=-0.025824469836825788 0.016991211579261697 8.5000000000000018 0.92996002906976749 -0.064974085554540192 0.01299282555931869 0.13826199387362217 0.0081573205847119828
decision_type=2 2 2 2 2 2 2 2
left_child=4 -2 3 -3 5 -1 -4 -6
right_child=1 2 6 -5 7 -7 -8 -9
leaf_value=-0.015796527171364459 -0.027814559382142352 0.011644850100050874 -0.02602428904272917 -0.021062733372119984 0.010025113906079153 0.023157292253414754 0.0021241746701884012 0.043662481811286853
leaf_weight=9.8601435124874133 17.528699949383736 59.610810309648514 17.509510204195976 7.3738280087709418 8.1838016062974948 8.7019510269165021 15.772468417882918 9.9760990887880308
leaf_count=40 71 241 71 30 33 35 64 40
internal_value=0.00122886 -0.00411653 0.000342643 0.00732062 0.01809 0.00221179 -0.0128952 0.0317462
internal_weight=154.517 117.795 100.267 66.9846 36.722 18.5621 33.282 18.1599
internal_count=625 477 406 271 148 75 135 73
is_linear=0
shrinkage=0.03


Tree=5
num_leaves=11
num_cat=0
split_feature=10 28 12 36 19 28 34 12 4 4
split_gain=18.8636 14.3119 11.5108 12.8861 6.90131 6.75802 6.00904 3.87414 5.0595 1.35047
threshold=-0.025824469836825788 8.5000000000000018 63.238344118135068 0.0073375039766244233 0.13826199387362217 3.5000000000000004 0.012092291015881386 25.495281619087191 -0.065518178225647081 -0.014435727661777973
decision_type=2 2 2 2 2 2 2 2 2 2
left_child=5 2 3 -2 9 -1 -4 -7 -9 -3
right_child=1 4 6 -5 -6 7 -8 8 -10 -11
leaf_value=-0.0033212752934960437 0 -0.013626399779176559 -0.027687856709426282 0.031347527538290489 -0.00058937728416060453 0.0028627324014043982 0 0.0092309553062493582 0.043389127693406297 -0.034749543546548675
leaf_weight=8.4290647506713849 39.071476057171822 11.576000243425369 12.273803114891054 14.904517531394957 13.304464146494864 7.4236106723547008 13.309724390506743 9.1824256628751773 11.726374283432959 15.975163072347641
leaf_count=34 158 47 50 60 54 30 54 37 47 65
internal_value=0 -0.00579651 0.00152111 0.00946435 -0.0198023 0.0182176 -0.0141648 0.0249165 0.0311583 -0.0279048
internal_weight=157.177 120.415 79.5595 53.976 40.8556 36.7615 25.5835 28.3324 20.9088 27.5512
internal_count=636 488 322 218 166 148 104 114 84 112
is_linear=0
shrinkage=0.03


Tree=6
num_leaves=8
num_cat=0
split_feature=20 16 17 2 20 37 10
split_gain=18.0964 11.3709 11.4163 7.94692 7.38962 4.91064 3.58326
threshold=0.038574058414063521 26.143440548405284 -1.3070652442192221 -0.00068003976182084969 0.024881664518226192 0.024686912247419149 -0.020521453634194439
decision_type=2 2 2 2 2 2 2
left_child=1 2 6 -2 -4 -3 -1
right_child=3 5 4 -5 -6 -7 -8
leaf_value=0.0046654828229484501 0.0022488965643795819 -0.0051130896449543689 -0.0073498672951924325 0.041676649914154915 0.015493019940810641 -0.03285990156438362 -0.013424141684002921
leaf_weight=10.144832834601401 9.1437985748052615 13.018105179071428 15.296859115362166 10.206034168601034 43.620160728693008 13.222395673394201 42.429771795868874
leaf_count=41 37 53 62 41 176 54 172
internal_value=0 -0.00395114 0.00021935 0.0257036 0.0092694 -0.0209626 -0.00961565
internal_weight=157.082 137.732 111.492 19.3498 58.917 26.2405 52.5746
internal_count=636 558 451 78 238 107 213
is_linear=0
shrinkage=0.03


Tree=7
num_leaves=9
num_cat=0
split_feature=20 23 16 19 17 16 17 33
split_gain=17.2113 10.9562 10.8322 12.2935 10.4791 6.51626 4.7426 0.16667
threshold=0.038574058414063521 1.135115351295706 26.143440548405284 0.096686181997107531 -1.8279762816142016 -6.9056338385207576 -4.3172395019890351 0.88392240289830659
decision_type=2 2 2 2 2 2 2 2
left_child=2 -2 3 5 -5 -1 -4 -8
right_child=1 -3 6 4 -6 -7 7 -9
leaf_value=-0.026873263598064818 0.043657225415539277 0 0 -0.0053709549212249651 0.016402395157814591 -0.0007895371329198819 -0.035544856345161503 -0.015357235734919192
leaf_weight=16.000717177987099 10.211784169077875 9.1554530411958677 7.3550163209438351 32.355954706668854 43.945070773363113 19.168163225054741 8.5664086341857928 10.245517656207083
leaf_count=65 41 37 30 131 177 78 35 42
internal_value=0 0.0250561 -0.00385544 0.000208283 0.00707634 -0.0138678 -0.0204849 -0.0278032
internal_weight=157.004 19.3672 137.637 111.47 76.301 35.1689 26.1669 18.8119
internal_count=636 78 558 451 308 143 107 77
is_linear=0
shrinkage=0.03


Tree=8
num_leaves=10
num_cat=0
split_feature=10 28 24 18 28 24 38 4 4
split_gain=16.5565 13.5059 8.92858 10.8615 6.38592 4.3439 4.30965 4.9329 1.14877
threshold=-0.025824469836825788 8.5000000000000018 0.66583333333333339 0.28766476624329634 3.5000000000000004 -0.44721362229102163 0.011382375323703722 -0.014435727661777973 -0.064974085554540192
decision_type=2 2 2 2 2 2 2 2 2
left_child=4 2 3 -2 -1 -6 7 -3 -7
right_child=1 6 -4 -5 5 8 -8 -9 -10
leaf_value=-0.0037820743880148384 -0.021138464372243339 -0.005560566110646226 -0.021170372225198554 0.010905915313975719 0.0018743233618416697 0.013337304945429323 -0.0032478636535939291 -0.034969330135792384 0.037738661836162764
leaf_weight=8.4370914846658689 9.1173923909664136 10.057513862848284 10.832877978682516 59.473386481404305 7.9417276233434704 8.446489095687868 13.53195385634899 17.100426509976387 11.97928202152252
leaf_count=34 37 41 44 241 32 34 55 70 48
internal_value=0 -0.0054595 0.00164255 0.00595572 0.0170353 0.0235621 -0.019101 -0.0257211 0.0304064
internal_weight=156.918 120.114 79.4237 68.5908 36.8046 28.3675 40.6899 27.1579 20.4258
internal_count=636 488 322 278 148 114 166 111 82
is_linear=0
shrinkage=0.03


Tree=9
num_leaves=9
num_cat=0
split_feature=20 23 16 19 17 16 17 33
split_gain=16.0801 10.3499 10.3185 11.2578 9.90867 6.24671 4.51164 0.160553
threshold=0.038574058414063521 1.135115351295706 26.143440548405284 0.096686181997107531 -6.0413706349719751 -6.9056338385207576 -4.3172395019890351 0.88392240289830659
decision_type=2 2 2 2 2 2 2 2
left_child=2 -2 3 5 -5 -1 -4 -8
right_child=1 -3 6 4 -6 -7 7 -9
leaf_value=-0.026053301982833552 0.042249830164988268 0 0 -0.012179989699131826 0.0125681737924198 -0.00050457339486306902 -0.034795170233125554 -0.014948633144581905
leaf_weight=15.922263756394385 10.219197005033495 9.1553821265697461 7.3554324209690121 16.76094813644886 59.551016867160797 19.132199287414551 8.5167401880025881 10.215580880641935
leaf_count=65 41 37 30 68 240 78 35 42
internal_value=0 0.0241798 -0.00376348 0.000198285 0.00676877 -0.0132939 -0.0200198 -0.0271816
internal_weight=156.829 19.3746 137.454 111.366 76.312 35.0545 26.0878 18.7323
internal_count=636 78 558 451 308 143 107 77
is_linear=0
shrinkage=0.03


Tree=10
num_leaves=8
num_cat=0
split_feature=20 16 19 39 28 18 3
split_gain=17.6507 12.2537 11.9507 10.4189 7.21765 6.073 3.33359
threshold=0.034107653818990058 26.143440548405284 0.10061876988912739 1.0000000180025095e-35 8.5000000000000018 0.16175082611588817 0.021031460973095165
decision_type=2 2 2 2 2 2 2
left_child=1 2 4 -4 -1 -2 -3
right_child=5 6 3 -5 -6 -7 -8
leaf_value=-0.00027635878735066425 0 -0.0040451001319315397 0.028131592518530982 0.00081027400639289136 -0.028228666131096276 0.030168009000849753 -0.030460926408683902
leaf_weight=19.233629956841469 8.6557473987340945 8.5523001104593295 15.133913874626158 52.239507257938385 14.376157581806181 19.135957211256027 15.263088852167128
leaf_count=78 35 35 61 211 59 77 63
internal_value=0.000645408 -0.00414616 0.000415679 0.0077977 -0.0135678 0.0214993 -0.0226041
internal_weight=152.59 124.799 100.983 67.3734 33.6098 27.7917 23.8154
internal_count=619 507 409 272 137 112 98
is_linear=0
shrinkage=0.03


Tree=11
num_leaves=11
num_cat=0
split_feature=36 19 12 12 38 23 2 5 34 28
split_gain=13.7807 15.4307 13.607 7.65055 9.76598 4.70486 4.48369 3.89598 3.80759 2.92918
threshold=0.0071638962918784792 0.10219324773337825 59.969834450658873 50.87270915207619 0.0073732487153844528 1.2669789218488716 0.020711973453624969 0.077041275771377996 0.022760928130275197 8.5000000000000018
decision_type=2 2 2 2 2 2 2 2 2 2
left_child=3 -2 9 4 -1 -6 8 -8 -5 -3
right_child=1 2 -4 6 5 -7 7 -9 -10 -11
leaf_value=-0.020700392927841427 -0.017454682748286827 0.039562578600243266 -0.0019226310494237727 -0.029246087996891178 0.012956473360194447 -0.0097525381309847455 0.012343934751353015 -0.01463213640703127 -0.0043441947684238263 0.012218403903871711
leaf_weight=11.567120462656019 9.9987097531557065 18.689729064702991 14.442414656281469 18.363463327288631 35.893979847431183 8.1322006434202176 7.6020040512084943 7.5543916076421738 10.826381310820578 9.4081725776195508
leaf_count=47 41 75 59 75 145 33 31 31 44 38
internal_value=0.000619171 0.0128694 0.0207972 -0.00579985 0.00141185 0.00819442 -0.014835 -0.000365732 -0.0213618 0.0323255
internal_weight=152.479 52.539 42.5403 99.9395 55.5933 44.0262 44.3462 15.1564 29.1898 28.0979
internal_count=619 213 172 406 225 178 181 62 119 113
is_linear=0
shrinkage=0.03


Tree=12
num_leaves=8
num_cat=0
split_feature=20 16 19 39 23 28 3
split_gain=16.1948 11.4522 11.0568 9.70714 8.2041 6.84592 3.24102
threshold=0.034107653818990058 26.143440548405284 0.10061876988912739 1.0000000180025095e-35 1.135115351295706 8.5000000000000018 0.021031460973095165
decision_type=2 2 2 2 2 2 2
left_child=1 2 5 -4 -2 -1 -3
right_child=4 6 3 -5 -6 -7 -8
leaf_value=-0.00014397673802429874 0.033873046312368225 -0.0036736713163120385 0.027098609629288201 0.00073062044496871787 0.00054854674110175301 -0.02741106746113528 -0.029667130014876097
leaf_weight=19.219583183526993 15.404515057802202 8.5295020639896411 15.15510134398937 52.219205811619759 12.386503428220747 14.286908030509947 15.16018372774124
leaf_count=78 62 35 61 211 50 59 63
internal_value=0.000580823 -0.00401183 0.000388764 0.00748826 0.0205577 -0.013082 -0.0219067
internal_weight=152.362 124.57 100.881 67.3743 27.791 33.5065 23.6897
internal_count=619 507 409 272 112 137 98
is_linear=0
shrinkage=0.03


Tree=13
num_leaves=12
num_cat=0
split_feature=10 36 28 36 8 36 39 34 8 38 8
split_gain=14.189 10.6088 9.55005 10.9792 10.4666 6.98953 6.96478 4.52248 2.2725 1.37665 1.34912
threshold=-0.020521453634194439 0.0072440293974836345 8.5000000000000018 0.0069045371770665182 0.023248248086528232 0.0054855478218233346 1.0000000180025095e-35 0.022760928130275197 -0.011493682373952348 0.008068179389049461 -0.050578516012051385
decision_type=2 2 2 2 2 2 2 2 2 2 2
left_child=1 5 3 7 -5 10 -4 -2 -8 -7 -1
right_child=2 -3 6 4 -6 9 8 -9 -10 -11 -12
leaf_value=0.023854851925157149 -0.016421440599411384 0.032415822651503848 0.0030860584881926773 0.032153759023761122 -0.0011443961137334322 -0.0186764391283658 -0.006421174871787688 0.0032060208557619881 -0.031641239251740942 0 0.0042418293384335563
leaf_weight=7.7095455527305594 25.941363096237183 15.90617625415325 8.5971614867448789 13.157337605953218 17.170606374740601 7.3964328318834287 7.2665283083915737 14.286374837160109 17.657627999782562 7.4260606914758682 9.7008363753557223
leaf_count=31 106 64 35 53 70 30 30 58 73 30 39
internal_value=0.000561051 0.0137918 -0.00556187 0.000603724 0.013933 0.00280626 -0.0182648 -0.00927407 -0.0258687 -0.0110083 0.0152626
internal_weight=152.216 48.1391 104.077 70.5557 30.3279 32.2329 33.5213 40.2277 24.9242 14.8225 17.4104
internal_count=619 194 425 287 123 130 138 164 103 60 70
is_linear=0
shrinkage=0.03


Tree=14
num_leaves=9
num_cat=0
split_feature=10 36 35 18 41 13 21 10
split_gain=13.449 10.0451 16.8161 7.61559 9.47264 8.4438 4.69179 4.2622
threshold=-0.020521453634194439 0.0072440293974836345 -0.0014081143326124532 0.20818956305813888 1.0000000180025095e-35 -1.1064040931164099 0.023210027599557186 0.021735274902841776
decision_type=2 2 2 2 2 2 2 2
left_child=1 2 -1 -2 7 -6 -4 -5
right_child=3 -3 6 4 5 -7 -8 -9
leaf_value=-0.028210497997879624 -0.030505786833085888 0.031563910782451444 0.0046009703456759568 0.027301990840143061 0.0039498651823822641 -0.015318368685251993 0.033469120076886807 0
leaf_weight=8.841472461819647 7.9952582567930213 15.899482712149618 15.917210876941683 9.881750091910364 32.884823873639107 45.797987103462219 7.4671819806098929 7.3731324374675742
leaf_count=36 33 64 64 40 134 188 30 30
internal_value=0.000552002 0.0134349 0.00273043 -0.00541275 -0.00258813 -0.00718117 0.0163208 0.0161477
internal_weight=152.058 48.1253 32.2259 103.933 95.9377 78.6828 23.3844 17.2549
internal_count=619 194 130 425 392 322 94 70
is_linear=0
shrinkage=0.03


Tree=15
num_leaves=12
num_cat=0
split_feature=37 28 40 6 32 8 26 36 37 16 36
split_gain=13.8706 9.11802 8.45179 9.37084 8.9759 7.6464 7.00262 3.69572 2.87803 1.31473 1.18824
threshold=-0.0043938986928843118 8.5000000000000018 0.015825489144768338 0.015233606416730791 0.0080728217369661088 0.03998916399863716 0.16722595078299779 0.0071220746004734565 -0.020563195659460128 -11.032529992713902 0.0063686658033927151
decision_type=2 2 2 2 2 2 2 2 2 2 2
left_child=1 6 7 4 -4 -5 -1 9 -3 -2 -8
right_child=2 8 3 5 -6 -7 10 -9 -10 -11 -12
leaf_value=0.002717855966774806 -0.010300189505950868 -0.018010466534285445 -0.0012384625018325758 0.031956238208187777 -0.027044076923487717 -0.0033011450607573559 0.014925864508102127 -0.0011982851688234445 0.0050172355671014059 -0.033242650491038694 0.043444416193136957
leaf_weight=13.085102438926699 8.1315042525529897 7.3274314850568771 48.645386964082718 9.1458941400051135 14.909238398075102 8.9801897555589658 7.6754586547613126 8.1169745773076993 7.381007641553877 14.056933015584946 7.9194651544094086
leaf_count=53 33 30 198 37 61 37 31 33 30 58 32
internal_value=-0.00235047 0.0115764 -0.00798639 -0.00257029 -0.00816139 0.0151512 0.0210677 -0.021057 -0.00633959 -0.0270018 0.0335529
internal_weight=155.375 43.3885 111.986 81.6807 63.5546 18.1261 28.68 30.3054 14.7084 22.1884 15.5949
internal_count=633 176 457 333 259 74 116 124 60 91 63
is_linear=0
shrinkage=0.03


Tree=16
num_leaves=12
num_cat=0
split_feature=37 28 21 10 14 26 10 40 37 36 16
split_gain=13.2326 8.69537 8.57706 9.76063 7.48889 6.66996 5.87804 3.66956 2.7541 1.11557 0.781998
threshold=-0.0043938986928843118 8.5000000000000018 0.017927505215733507 0.01016842957042652 -44.867755586987634 0.16722595078299779 -0.022556979803178275 0.012277834412651846 -0.020563195659460128 0.0063686658033927151 2.0942547472886361
decision_type=2 2 2 2 2 2 2 2 2 2 2
left_child=1 5 6 4 -4 -1 -2 -5 -3 -7 -8
right_child=2 8 3 7 -6 9 10 -9 -10 -11 -12
leaf_value=0.0026468120739951261 0 -0.017618809017508241 -0.0073924580120265501 -0.026798894925063571 0.016083757784804933 0.014562126313282048 -0.04037838516105529 -0.0061811527625626264 0.0048974600342734853 0.042431548529278468 -0.015196822000815999
leaf_weight=13.086888030171396 8.172179043293001 7.3103255778551102 18.52062925696373 11.5427348613739 27.075111970305443 7.6810322850942594 8.7156239151954669 29.328567996621132 7.3835509121417982 7.9130734801292419 8.4925620406866056
leaf_count=53 33 30 75 48 110 31 36 120 30 32 35
internal_value=-0.00228404 0.0113158 -0.00779602 -0.00288964 0.00632282 0.0205839 -0.0225314 -0.0133324 -0.0061748 0.0327725 -0.031608
internal_weight=155.222 43.3749 111.847 86.467 45.5957 28.681 25.3804 40.8713 14.6939 15.5941 17.2082
internal_count=633 176 457 353 185 116 104 168 60 63 71
is_linear=0
shrinkage=0.03


Tree=17
num_leaves=12
num_cat=0
split_feature=10 28 36 36 12 18 13 36 36 40 1
split_gain=7.96102 13.0664 9.05923 11.0417 8.53099 15.8301 5.97138 2.96668 3.8218 2.7971 0.595562
threshold=-0.025824469836825788 8.5000000000000018 0.0075083000837755948 0.0054855478218233346 52.757387501532683 0.28471371700683684 3.2667329807718386 0.0058181111864939348 0.0044523793803170758 0.01098337159113605 -0.014590576882140048
decision_type=2 2 2 2 2 2 2 2 2 2 2
left_child=2 4 3 -1 5 -2 -6 8 -3 -5 -9
right_child=1 7 -4 9 6 -7 -8 10 -10 -11 -12
leaf_value=0.016641917771838637 -0.01967017774591975 -0.021186466496013679 0.028332500839235792 -0.0017683209741313803 -0.014919605881798055 0.025293999215856393 0.0063830243480010934 -0.012309112789676099 0.003636398819208029 -0.028831136930768757 -0.035176086947338515
leaf_weight=14.692821457982065 7.8551265746355083 8.8991408944129962 12.116436958312987 7.8973931372165662 30.303460210561752 22.351221486926079 16.087311759591103 7.2356497049331692 8.7277530580759031 7.3886511772871017 11.510328978300093
leaf_count=59 32 37 49 32 124 90 66 30 36 30 48
internal_value=-0.00223267 -0.00643857 0.00849449 -0.000324799 0.000516362 0.01264 -0.00726385 -0.0207393 -0.00901334 -0.0175394 -0.0291104
internal_weight=155.065 112.97 42.0953 29.9789 76.5971 30.2063 46.3908 36.3729 17.6269 15.286 18.746
internal_count=633 463 170 121 312 122 190 151 73 62 78
is_linear=0
shrinkage=0.03


Tree=18
num_leaves=8
num_cat=0
split_feature=20 31 10 23 2 10 2
split_gain=9.57813 10.9835 7.0063 9.09037 7.57406 4.64761 3.78984
threshold=0.024459190303318442 -3.4999999999999996 -0.0057851956965826448 0.8545498139078499 0.042009946387998716 0.017376199213268499 -0.00052874383334045028
decision_type=2 2 2 2 2 2 2
left_child=5 -2 3 -3 -4 6 -1
right_child=1 2 4 -5 -6 -7 -8
leaf_value=-0.019504983482771524 -0.025695435046601833 0.03538705803594705 0.0024055285507029196 0.0048869497862650017 -0.023855610685436523 -0.033953263592298881 0.0031101301034065039
leaf_weight=9.9280941039323842 10.019698977470396 10.341334179043768 54.72823840379715 39.496117681264877 9.856949567794798 8.4315654784440976 12.041168347001076
leaf_count=41 41 42 224 160 41 35 49
internal_value=-0.00219267 0.00145733 0.00436444 0.0126263 -0.00197331 -0.0167642 -0.00725877
internal_weight=154.843 124.442 114.423 49.8375 64.5852 30.4008 21.9693
internal_count=633 508 467 202 265 125 90
is_linear=0
shrinkage=0.03


Tree=19
num_leaves=10
num_cat=0
split_feature=37 20 19 23 34 34 3 33 34
split_gain=12.0757 7.05421 6.76193 8.53297 6.10499 7.18473 4.5707 2.92898 2.12938
threshold=-0.0043938986928843118 0.02426114320643594 0.10061876988912739 1.0761290693219421 0.022076502271367152 0.037058102974630087 -0.031769410875683517 0.4873852547410506 0.010798732777574817
decision_type=2 2 2 2 2 2 2 2 2
left_child=2 8 -1 7 6 -6 -3 -4 -2
right_child=1 4 3 -5 5 -7 -8 -9 -10
leaf_value=-0.0064919289821826071 -0.0069350580534892374 0.0033497648709646557 0.038718063572865891 -0.00095074219817132578 0.017602378943639703 -0.013748966328320653 -0.01355630766370226 0.0088557629659191655 -0.029472927433836366
leaf_weight=12.178580507636068 9.9374908655881899 18.201635211706161 11.585468858480459 11.852247536182402 19.364614754915241 7.2703417539596549 43.651887208223343 7.6371122747659674 13.009730294346808
leaf_count=50 41 74 47 48 79 30 179 31 54
internal_value=-0.00214838 -0.00742939 0.0108529 0.0180856 -0.00317819 0.00815823 -0.00839735 0.0295132 -0.0216524
internal_weight=154.689 111.436 43.2534 31.0748 88.4885 26.635 61.8535 19.2226 22.9472
internal_count=633 457 176 126 362 109 253 78 95
is_linear=0
shrinkage=0.03


Tree=20
num_leaves=12
num_cat=0
split_feature=37 20 7 12 12 11 13 12 9 19 11
split_gain=12.605 10.9011 6.45239 6.0238 4.71996 4.30006 3.20734 2.7528 3.49363 2.09493 1.60724
threshold=-0.0043938986928843118 0.02522788772328283 -0.038911027555627579 67.841320726514098 49.216006461581692 -0.031981928367342365 0.5568463027324918 52.757387501532683 -0.032323978414826836 0.11210580563659063 -0.0040914558919418744
decision_type=2 2 2 2 2 2 2 2 2 2 2
left_child=2 7 -1 5 9 -3 -6 8 -2 -4 -9
right_child=1 3 4 -5 6 -7 -8 10 -10 -11 -12
leaf_value=-0.0079600600693687656 -0.020625916450048964 -0.0068676211912474519 0.0093563886591197971 -0.016236904119421833 0.0170945611688295 0.0093560660144181348 -0.0052915376752932031 -0.0099062020511041585 0.0041701254942966724 0.037051628038623809 -0.035662653655942143
leaf_weight=8.6103137731552106 7.2948315143585196 18.314785927534103 7.3508503288030651 13.47097499668598 8.8852284699678439 46.785169064998627 9.3240177780389768 7.6267466694116601 8.5026649087667447 10.832297325134276 10.069411978125572
leaf_count=35 30 75 30 56 36 190 38 32 35 44 42
internal_value=-0.000115302 -0.0055932 0.0128641 0.000443364 0.0183397 0.0044996 0.00550029 -0.0194037 -0.0074683 0.0286352 -0.0274567
internal_weight=157.067 112.065 45.0027 78.5709 36.3924 65.1 18.2092 33.4937 15.7975 18.1831 17.6962
internal_count=643 460 183 321 148 265 74 139 65 74 74
is_linear=0
shrinkage=0.03


Tree=21
num_leaves=11
num_cat=0
split_feature=37 20 18 16 12 36 15 12 9 11
split_gain=12.0183 10.4038 7.92392 6.88258 5.94411 4.83409 2.7879 2.64347 3.3448 1.53096
threshold=-0.0043938986928843118 0.02522788772328283 0.16175082611588817 33.99614259884148 49.334097372057634 0.0078267619889680947 -7.3203780313418232 52.757387501532683 -0.032323978414826836 -0.0040914558919418744
decision_type=2 2 2 2 2 2 2 2 2 2
left_child=2 7 -1 5 -4 -3 -6 8 -2 -9
right_child=1 3 4 -5 6 -7 -8 9 -10 -11
leaf_value=-0.0076017822939693468 -0.020187871824071186 0.00033492680628370824 0.031911084278461753 -0.018903962900416179 -0.0064592576318409402 0.021046020946175768 0.01478245246497994 -0.0096868282696041252 0.0040669302902067413 -0.034986396977894012
leaf_weight=11.038897097110747 7.273248314857482 56.103601515293121 16.203796565532684 11.597315117716787 7.3492120802402505 10.852436065673826 10.388932570815086 7.6110164821147928 8.5075346380472165 9.9958917796611786
leaf_count=45 30 228 66 49 30 44 42 32 35 42
internal_value=-0.000124736 -0.00547965 0.0125484 0.000408549 0.0195775 0.00442243 0.00545896 -0.0189972 -0.00728167 -0.0269187
internal_weight=156.922 111.941 44.9808 78.5534 33.9419 66.956 17.7381 33.3877 15.7808 17.6069
internal_count=643 460 183 321 138 272 72 139 65 74
is_linear=0
shrinkage=0.03


Tree=22
num_leaves=11
num_cat=0
split_feature=37 20 18 40 37 12 32 13 34 13
split_gain=11.3992 9.95476 7.52734 7.06953 7.50481 5.64021 4.28577 3.70543 2.89874 0.573631
threshold=-0.0043938986928843118 0.02522788772328283 0.16175082611588817 0.026428413786205533 0.060507715930936075 49.334097372057634 -0.00021796467874901634 0.5568463027324918 0.0043532314981906692 -1.0194685820666185
decision_type=2 2 2 2 2 2 2 2 2 2
left_child=2 8 -1 6 -5 -4 -3 -7 -2 -10
right_child=1 3 5 4 -6 7 -8 -9 9 -11
leaf_value=-0.007412370224444173 -0.0020200344438765024 0.00041363969382382634 0.031095790165362274 0.013859552015151475 -0.011613610322306251 0.017924628409468735 -0.021035250372936083 -0.0064600998403004295 -0.011420445218898779 -0.029479365952436533
leaf_weight=11.032554015517233 9.4012808054685575 13.9319144487381 16.182526350021362 37.990877687931061 11.757094532251356 8.6638600677251834 14.829850316047667 9.0806247442960721 10.101315751671791 13.774177685379982
leaf_count=45 39 57 66 155 48 35 61 37 42 58
internal_value=-0.000131206 -0.0053538 0.0122097 0.000398164 0.00733335 0.0190654 -0.0108066 0.00529585 -0.0186028 -0.0238919
internal_weight=156.746 111.787 44.9596 78.5097 49.748 33.927 28.7618 17.7445 33.2768 23.8755
internal_count=643 460 183 321 203 138 118 72 139 100
is_linear=0
shrinkage=0.03


Tree=23
num_leaves=11
num_cat=0
split_feature=39 8 36 7 24 11 21 8 34 23
split_gain=7.41918 7.3414 8.51287 6.64283 5.62562 3.71571 2.93472 2.61901 5.12914 1.9775
threshold=1.0000000180025095e-35 0.018256123346573495 0.0071026271226287954 -0.022146711924887756 -0.60435592825529916 -0.0016036709968169636 0.021853265962584394 0.052979560543649287 0.01876171043557107 1.0174688373775473
decision_type=2 2 2 2 2 2 2 2 2 2
left_child=3 2 4 -1 -2 -4 -5 9 -9 -3
right_child=1 7 5 6 -6 -7 -8 8 -10 -11
leaf_value=-0.0033313058619350825 -0.018718320962471391 -0.025508206993566384 0.028201008262957725 0.0054577614785871666 0.0012213855329396694 0.0015974371309077501 0.034859305464539872 0.0099248686666255758 -0.017645423647393962 -0.004596825558959676
leaf_weight=11.033242881298067 14.606231197714804 15.535787209868433 11.10365189611912 7.3441157341003445 48.998534306883812 9.7894288003444654 9.0752352625131589 10.115289822220804 9.7598585933446866 9.231824725866316
leaf_count=45 60 65 45 30 200 40 37 42 41 38
internal_value=-0.000143322 -0.00328949 0.00178984 0.0133657 -0.00355998 0.0176197 0.0245434 -0.0128895 -0.00330352 -0.0192
internal_weight=156.593 129.141 84.4978 27.4526 63.6048 20.8931 16.4194 44.6428 19.8751 24.7676
internal_count=643 531 345 112 260 85 67 186 83 103
is_linear=0
shrinkage=0.03


Tree=24
num_leaves=12
num_cat=0
split_feature=37 20 28 40 37 32 34 23 20 20 9
split_gain=10.6015 9.3425 7.33231 6.60614 7.06011 4.46441 2.86392 2.386 3.59184 1.09981 0.976294
threshold=-0.0043938986928843118 0.025213438638696819 8.5000000000000018 0.026428413786205533 0.060507715930936075 -0.00021796467874901634 0.0043532314981906692 1.1279804859738742 0.026680519945919329 0.02908876703606551 -0.0064197644211663194
decision_type=2 2 2 2 2 2 2 2 2 2 2
left_child=2 6 7 5 -5 -3 -2 8 -1 -4 -8
right_child=1 3 9 4 -6 -7 10 -9 -10 -11 -12
leaf_value=0.0058471291102745165 -0.0018465156062112925 0.0008369763898082572 0.0020901341900968142 0.013390663844747835 -0.011317836274061256 -0.020833870367279329 -0.031383543298593504 0.0019761666783257195 0.033553856127657357 -0.011769919528560328 -0.011891923508675776
leaf_weight=9.1448881924152428 9.3836985379457456 14.400802418589594 7.3134511113166791 38.001457333564758 11.734730854630468 15.006297305226324 11.089551314711571 7.4066429138183585 13.744259387254713 7.287184864282608 11.916247487068176
leaf_count=37 39 59 30 155 48 62 47 30 56 30 50
internal_value=-0.000129374 -0.00517638 0.0117747 0.000303398 0.00705886 -0.0103664 -0.0182413 0.0198798 0.0244462 -0.00450845 -0.023646
internal_weight=156.429 111.533 44.8964 79.1433 49.7362 29.4071 32.3895 30.2958 22.8891 14.6006 23.0058
internal_count=643 460 183 324 203 121 136 123 93 60 97
is_linear=0
shrinkage=0.03


Tree=25
num_leaves=10
num_cat=0
split_feature=21 4 18 34 4 12 14 12 32
split_gain=10.8186 10.443 9.21884 7.78684 9.39519 7.71139 6.63285 3.07653 2.22756
threshold=0.035535476260591996 -0.010136273599250399 0.19486388524636958 0.012092291015881386 0.034790006258141333 33.686833491711539 -16.125457208451504 33.000562124021336 0.0025749408856682314
decision_type=2 2 2 2 2 2 2 2 2
left_child=1 2 5 6 -5 -1 -3 -4 -2
right_child=8 3 7 4 -6 -7 -8 -9 -10
leaf_value=0.0075368207618466548 0.032854000676964291 0 0 -0.017433067046005356 0.011205019912502456 -0.021567248189486396 -0.027985521332789202 0.020593743794121822 0.0059932117848773324
leaf_weight=15.77508555352688 8.1495247483253461 11.368410825729368 7.3819115459918967 15.164072707295416 23.800434172153473 12.777131006121634 23.523271650075912 28.749105304479599 7.5682574659585944
leaf_count=64 33 47 30 63 99 53 98 117 31
internal_value=0.000752575 -0.00194395 0.00661496 -0.00961436 0 -0.00555555 -0.0194944 0.0164129 0.0229034
internal_weight=154.257 138.539 64.6832 73.8562 38.9645 28.5522 34.8917 36.131 15.7178
internal_count=635 571 264 307 162 117 145 147 64
is_linear=0
shrinkage=0.03


Tree=26
num_leaves=8
num_cat=0
split_feature=21 16 26 35 38 32 32
split_gain=10.3236 8.19453 7.70392 5.53847 5.09214 4.71223 2.10274
threshold=0.035535476260591996 28.84398471804538 0.21568559073789931 0.025770323971595403 0.010172132800420236 0.0082599775758009936 0.0025749408856682314
decision_type=2 2 2 2 2 2 2
left_child=1 2 5 -4 -3 -1 -2
right_child=6 4 3 -5 -6 -7 -8
leaf_value=-0.0014741538774915182 0.032062949251454899 -0.02953726288513801 0.016873266839817852 0 0 -0.022255701474407731 0.005851176318685784
leaf_weight=40.969974368810654 8.1494054943323118 12.108870238065721 30.776048108935356 34.123267993330956 8.509045481681822 11.909181728959082 7.5679687410593024
leaf_count=168 33 52 126 140 36 49 31
internal_value=0.000734921 -0.00189943 0.00113846 0.00806087 -0.0184825 -0.00706831 0.0223737
internal_weight=154.114 138.396 117.778 64.8993 20.6179 52.8792 15.7174
internal_count=635 571 483 266 88 217 64
is_linear=0
shrinkage=0.03


Tree=27
num_leaves=8
num_cat=0
split_feature=21 10 38 19 37 34 32
split_gain=9.86252 9.43755 6.47491 7.36221 6.12818 7.03778 1.98657
threshold=0.035535476260591996 0.012142277388111801 0.012154007436261624 0.10026836135674962 -0.011633926972009654 0.0071651819036118178 0.0025749408856682314
decision_type=2 2 2 2 2 2 2
left_child=1 2 3 -1 -3 -6 -2
right_child=6 4 -4 -5 5 -7 -8
leaf_value=-0.0048404092619831465 0.031303741996538501 0.0095225384663452477 -0.015004019406107969 0.013864452385278114 -0.034567900468978299 -0.0071925537793019701 0.0057125779968106548
leaf_weight=26.914442121982574 8.1452009677886945 7.630825236439704 11.65815359354019 50.277439221739769 12.206055030226706 29.611282154917717 7.5675647407770148
leaf_count=112 33 31 48 204 52 124 31
internal_value=0.000707783 -0.00186614 0.00385155 0.00719569 -0.0121818 -0.0167386 0.0218621
internal_weight=154.011 138.298 88.85 77.1919 49.4482 41.8173 15.7128
internal_count=635 571 364 316 207 176 64
is_linear=0
shrinkage=0.03


Tree=28
num_leaves=10
num_cat=0
split_feature=21 12 21 21 20 34 20 32 37
split_gain=9.42316 8.46426 6.21726 7.49606 4.8626 8.79978 4.28806 1.87827 0.447496
threshold=0.035535476260591996 52.757387501532683 0.020608409297482703 0.01956936142159893 0.025308309547487362 0.012092291015881386 0.029132434888232975 0.0025749408856682314 0.028672997630696421
decision_type=2 2 2 2 2 2 2 2 2
left_child=1 2 3 -1 8 -6 -4 -2 -3
right_child=7 4 6 -5 5 -7 -8 -9 -10
leaf_value=0.002683981548397905 0.030574194742354233 -0.0095094330930632614 -0.017405621147288101 0.028769149170262145 -0.017935834872523856 0.010099315545033649 0.0024586915076929314 0.0055773273386218996 -0.028824261368509581
leaf_weight=35.107469588518143 8.1372071951627714 7.5447346121072796 13.406805798411368 13.052076801657675 17.887425273656845 17.986321270465851 22.952413633465767 7.5670540481805793 10.210908353328703
leaf_count=144 33 32 55 53 75 74 94 31 44
internal_value=0.000683513 -0.00183212 0.00393922 0.0109178 -0.0110119 -0.00369252 -0.00500049 0.0213675 -0.0231699
internal_weight=153.852 138.148 84.5188 48.1595 53.6294 35.8737 36.3592 15.7043 17.7556
internal_count=635 571 346 197 225 149 149 64 76
is_linear=0
shrinkage=0.03


Tree=29
num_leaves=9
num_cat=0
split_feature=20 12 39 19 18 40 40 9
split_gain=8.40865 7.03455 6.21227 7.02387 5.81669 5.17899 8.18954 4.33409
threshold=0.039506420119510437 52.514370122989 1.0000000180025095e-35 0.13126327963331655 0.25401995737241706 0.080457215747953184 0.042002686291530818 -0.098476088645676738
decision_type=2 2 2 2 2 2 2 2
left_child=1 2 4 -4 -1 6 -3 -2
right_child=7 5 3 -5 -6 -7 -8 -9
leaf_value=0 0 -0.012908975514460456 0.0073804527785427503 -0.012504747368461312 0.035477836595754604 -0.030399525800502147 0.012003410703107877 0.031023873767898974
leaf_weight=7.346088379621504 7.5119795650243786 36.275062471628189 38.915098205208778 24.184733644127846 7.5813162624835968 7.4909750372171393 14.874196395277975 9.5171860009431821
leaf_count=30 31 152 160 98 31 32 62 39
internal_value=0.000668677 -0.00180746 0.00392902 -0.0001607 0.0200793 -0.00956568 -0.00520316 0.0194305
internal_weight=153.697 136.667 78.0272 63.0998 14.9274 58.6402 51.1493 17.0292
internal_count=635 565 319 258 61 246 214 70
is_linear=0
shrinkage=0.03


Tree=30
num_leaves=9
num_cat=0
split_feature=19 37 37 40 16 4 0 5
split_gain=7.54947 8.57545 5.03689 10.5139 3.68552 6.99783 2.52736 0.999468
threshold=0.10061876988912739 -0.010198208577822885 0.062755986090855545 0.056249465035666198 -6.9056338385207576 0.017120980158007008 -0.0056305144735179216 -0.016234554387602292
decision_type=2 2 2 2 2 2 2 2
left_child=4 6 3 -3 7 -6 -2 -1
right_child=1 2 -4 -5 5 -7 -8 -9
leaf_value=-0.030706838351664104 0.029226295890355726 -0.004528153018869969 -0.01964540572874706 0.021733073299635478 0.0091060656869786632 -0.021901779682211134 0.0065565604230662733 -0.0083775436153946739
leaf_weight=8.340854883193968 9.3193622827529925 63.438988536596298 10.369480609893797 15.302964970469473 13.553987145423891 9.0618553310632688 13.548018485307692 7.5103686749935141
leaf_count=35 38 261 43 63 56 39 56 31
internal_value=-0.00149796 0.00236439 -0.00179203 0.000801676 -0.0126732 -0.00347901 0.0180061 -0.0230913
internal_weight=150.446 111.979 89.1114 78.742 38.4671 22.6158 22.8674 15.8512
internal_count=622 461 367 324 161 95 94 66
is_linear=0
shrinkage=0.03


Tree=31
num_leaves=9
num_cat=0
split_feature=39 32 3 36 21 40 26 32
split_gain=9.24503 6.05522 5.28166 4.62898 5.54854 3.48145 2.40078 0.433347
threshold=1.0000000180025095e-35 0.010014625992478045 0.0047783711872364529 0.0038075975991348392 0.017728513803982274 0.050968714392099053 0.1991379310344828 0.014699079524333249
decision_type=2 2 2 2 2 2 2 2
left_child=2 3 6 -2 -5 7 -1 -3
right_child=1 5 -4 4 -6 -7 -8 -9
leaf_value=0.012321738477999052 0.016307831851012141 -0.010584359600205233 0.02873483386174373 -0.017547236357688872 0.00023037890220082213 -0.00093433030688906769 -0.0083340604587501758 -0.030369921906692243
leaf_weight=7.8566381633281726 9.8076501786708814 7.9151434600353303 10.365675970911978 17.948235109448433 68.283288404345512 10.331726983189581 7.9952741116285324 9.8010461479425413
leaf_count=32 40 33 43 75 282 43 33 41
internal_value=-0.00146204 -0.00500568 0.0139443 -0.00113513 -0.00361373 -0.016802 0.00129676 -0.0242614
internal_weight=150.305 124.087 26.2176 96.0392 86.2315 28.0479 15.8519 17.7162
internal_count=622 514 108 397 357 117 65 74
is_linear=0
shrinkage=0.03


Tree=32
num_leaves=9
num_cat=0
split_feature=20 21 21 20 16 35 8 23
split_gain=7.0642 4.51139 11.3108 8.35411 5.0307 4.99476 7.53756 4.36424
threshold=0.038574058414063521 0.020980542988826123 0.017640902154449245 0.02806020506637466 -0.89749449877350063 0.066495938640532284 -0.010895947194280631 1.135115351295706
decision_type=2 2 2 2 2 2 2 2
left_child=1 2 4 -4 -1 6 -3 -2
right_child=7 5 3 -5 -6 -7 -8 -9
leaf_value=-0.023866878728723995 0.028313458440698977 0.0019235450069638399 0.017183322507609924 -0.0085468025346587539 0 0.0050098854818136267 -0.023240391760568208 0
leaf_weight=15.882334873080255 8.6666324436664599 14.258259594440458 34.919168844819069 14.073235899209974 12.419610396027563 12.549652904272078 29.329814851284027 8.0788715779781324
leaf_count=66 36 58 144 58 52 52 123 33
internal_value=-0.00142356 -0.00388401 0.00066754 0.00945276 -0.0136654 -0.0102163 -0.0149566 0.0157043
internal_weight=150.178 133.432 77.2944 48.9924 28.3019 56.1377 43.5881 16.7455
internal_count=622 553 320 202 118 233 181 69
is_linear=0
shrinkage=0.03


Tree=33
num_leaves=10
num_cat=0
split_feature=19 37 19 28 10 32 35 18 10
split_gain=6.96742 7.90491 4.83078 7.4356 6.52501 4.35021 3.3791 4.13216 5.72531
threshold=0.10061876988912739 -0.010198208577822885 0.13126327963331655 9.5000000000000018 0.01519222309780255 -1.0000000180025095e-35 0.050753853021297209 0.24930473188858093 0.0053265762297809447
decision_type=2 2 2 2 2 2 2 2 2
left_child=6 5 4 -4 -3 -2 7 -1 -9
right_child=1 2 3 -5 -6 -7 -8 8 -10
leaf_value=-0.020996880492180802 0.030892241034632461 0.018680414641174304 -0.013362375501878467 0.007551422906390489 -0.010532031605052183 0.0035052882385126229 -0.028396554817343624 0.013318949095606382 -0.015457724863983816
leaf_weight=9.2243652790784854 9.7481469362974185 17.475991085171703 42.359455808997154 20.777982458472252 8.3361940234899503 13.042184650897978 7.5967282950878134 12.854463517665865 8.6010735332965833
leaf_count=39 40 71 175 86 35 54 32 53 37
internal_value=-0.0013771 0.00232874 -0.00165787 -0.00622901 0.00862782 0.0173718 -0.0121463 -0.00617197 0.000809078
internal_weight=150.017 111.74 88.9496 63.1374 25.8122 22.7903 38.2766 30.6799 21.4555
internal_count=622 461 367 261 106 94 161 129 90
is_linear=0
shrinkage=0.03


Tree=34
num_leaves=9
num_cat=0
split_feature=39 32 21 28 36 35 40 32
split_gain=8.54832 5.86521 4.96543 4.5429 4.32111 5.48166 3.34126 0.438596
threshold=1.0000000180025095e-35 0.010014625992478045 0.025960962222290451 9.5000000000000018 0.0038075975991348392 0.042215911581833028 0.050968714392099053 0.014699079524333249
decision_type=2 2 2 2 2 2 2 2
left_child=2 4 3 -1 -2 -6 7 -3
right_child=1 6 -4 -5 5 -7 -8 -9
leaf_value=-0.010065949900112279 0.015902760454978626 -0.010212787175778672 0.029041498899516502 0.01790378674614277 0.0012263402161917321 -0.014988346090816314 -0.00082154782819321697 -0.029765270510218138
leaf_weight=9.4868740588426643 9.8038068711757642 7.8805989027023378 9.2857170403003675 7.3476984947919837 62.031062096357346 23.946270540356636 10.307147786021231 9.7374657094478589
leaf_count=39 40 33 39 30 257 100 43 41
internal_value=-0.00134071 -0.00475746 0.0134951 0.00195029 -0.000947572 -0.00335732 -0.0163871 -0.0237168
internal_weight=149.827 123.706 26.1203 16.8346 95.7811 85.9773 27.9252 17.6181
internal_count=622 514 108 69 397 357 117 74
is_linear=0
shrinkage=0.03


Tree=35
num_leaves=11
num_cat=0
split_feature=16 19 2 24 16 5 24 32 2 38
split_gain=6.56301 10.0845 6.6332 6.44718 5.57583 4.25242 3.59531 2.12004 2.1116 1.70713
threshold=26.143440548405284 0.10319483800657389 -0.0048041668633652659 0.23257211538461542 -6.9056338385207576 0.0017671943572102891 -0.015527202696196436 -0.0033556048362854969 0.0050200839684766416 0.010172132800420236
decision_type=2 2 2 2 2 2 2 2 2 2
left_child=1 4 3 -3 6 -4 -1 -6 -2 -10
right_child=8 2 5 -5 7 -7 -8 -9 9 -11
leaf_value=-0.029216352667173227 6.3855778109018344e-05 0.0069117595424265568 0.025868631565240038 -0.020247418152172663 0.0122697789357842 0.005908146251613235 -0.0010916280479876357 -0.0049595529457823195 -0.023214068870273958 -0.0028443133000800569
leaf_weight=10.829869866371157 7.5011054277420071 31.657955706119537 23.519939258694649 8.237865597009657 8.7028747648000735 21.664769351482391 7.9478396028280249 13.043390437960623 11.96499076485634 8.4378032982349378
leaf_count=46 32 129 97 34 36 88 33 55 52 36
internal_value=0.000727114 0.00377211 0.00964999 0.00024693 -0.00808927 0.0172721 -0.0192852 0.00175663 -0.0118134 -0.0164655
internal_weight=153.508 125.605 85.0805 39.8958 40.524 45.1847 18.7777 21.7463 27.9039 20.4028
internal_count=638 518 348 163 170 185 79 91 120 88
is_linear=0
shrinkage=0.03


Tree=36
num_leaves=9
num_cat=0
split_feature=37 19 21 36 19 8 12 5
split_gain=8.46046 6.64358 7.42524 9.70124 8.09881 5.85006 4.20604 2.726
threshold=0.055450840752883986 0.10061876988912739 0.021853265962584394 0.0072988205354130925 0.18290906208056062 -0.022487627504583732 55.659570554968056 0.052974004547357352
decision_type=2 2 2 2 2 2 2 2
left_child=1 5 4 -4 -3 -1 -7 -2
right_child=7 2 3 -5 -6 6 -8 -9
leaf_value=-0.023197357044989094 -0.027294499501814382 0.021810852017488929 -0.010177083610133274 0.014714514629511011 -0.0093414584204912724 0.0098988708934382181 -0.014059540840339059 -0.0022857395885113423
leaf_weight=11.344590798020361 9.359756678342821 37.566081643104553 32.664407849311829 21.743253216147423 7.3233477771282187 16.348834320902828 8.1621717065572721 8.8074057847261411
leaf_count=48 40 154 135 91 30 68 35 37
internal_value=0.00068826 0.00343896 0.00747765 0 0.016227 -0.00715355 0.000896129 -0.0173431
internal_weight=153.32 135.153 99.2971 54.4077 44.8894 35.8556 24.511 18.1672
internal_count=638 561 410 226 184 151 103 77
is_linear=0
shrinkage=0.03


Tree=37
num_leaves=9
num_cat=0
split_feature=5 19 16 36 16 26 12 24
split_gain=6.35504 6.83605 7.00851 6.44393 5.73282 5.47179 4.34401 3.02203
threshold=0.15228567947694019 0.10061876988912739 26.405283192891634 0.0079246560292421213 -6.9056338385207576 0.15529547368887708 55.659570554968056 -0.015527202696196436
decision_type=2 2 2 2 2 2 2 2
left_child=1 4 3 -3 7 -4 -6 -1
right_child=-2 2 5 -5 6 -7 -8 -9
leaf_value=-0.030203904214920241 -0.021417083262206572 0.0058489275098375926 0.0090296770659039505 0.027416376260092398 0.011619796941205905 -0.019379930399225139 -0.012736528035061395 -0.0025560921095628096
leaf_weight=9.2663363069295901 8.8226713836193067 68.48752598464489 7.9072186499834087 14.811603948473929 14.451403811573984 12.978441938757895 8.7774441391229612 7.684304639697074
leaf_count=40 37 279 34 62 60 56 38 32
internal_value=0.000640717 0.00236547 0.00647331 0.0104126 -0.00773235 -0.00811959 0.00154168 -0.0200543
internal_weight=153.187 144.364 104.185 83.2991 40.1795 20.8857 23.2288 16.9506
internal_count=638 601 431 341 170 90 98 72
is_linear=0
shrinkage=0.03


Tree=38
num_leaves=6
num_cat=0
split_feature=37 5 37 37 10
split_gain=7.91838 5.43303 4.06368 4.20972 2.75007
threshold=0.055450840752883986 0.15228567947694019 -0.0480886651758115 -0.0043938986928843118 0.017663658967116417
decision_type=2 2 2 2 2
left_child=1 2 -1 -4 -2
right_child=4 -3 3 -5 -6
leaf_value=-0.011848097652880347 -0.0022163554541980916 -0.018837036388583975 0.014988032210648429 0.0024792021580002229 -0.027200152246948838
leaf_weight=9.5324035435914976 9.0652417987585086 7.1501174122095099 35.441301926970482 82.798348262906075 9.0046669095754606
leaf_count=40 38 30 146 345 39
internal_value=0.000603595 0.00326759 0.0048914 0.0065403 -0.0168836
internal_weight=152.992 134.922 127.772 118.24 18.0699
internal_count=638 561 531 491 77
is_linear=0
shrinkage=0.03


Tree=39
num_leaves=11
num_cat=0
split_feature=10 36 35 21 21 16 35 36 35 40
split_gain=6.54448 6.711 14.972 5.1372 7.29725 7.28562 6.4555 5.83888 3.69006 0.295024
threshold=-0.020521453634194439 0.0072440293974836345 -0.0014081143326124532 0.017444120024458418 0.021020130945387645 -0.89749449877350063 0.060796940402693463 0.0072440293974836345 0.048026981734366044 -0.019512501582357841
decision_type=2 2 2 2 2 2 2 2 2 2
left_child=1 2 -1 5 7 -2 -6 -5 -4 -3
right_child=3 9 8 4 6 -7 -8 -9 -10 -11
leaf_value=-0.029391180039484672 -0.036066233402622737 0.011009869532478161 0.023888955212779103 0.015815055239463922 -0.012365760963442808 0 0.012480865995226265 -0.011154931472509944 0 0.03222172007798435
leaf_weight=8.0438209176063555 7.5512458682060268 7.058097630739212 12.294544860720636 29.181268334388733 43.026696220040321 11.126799955964087 9.6082929372787458 7.1660806238651267 10.381317794322966 7.5008996129035932
leaf_count=33 33 30 50 121 181 47 40 30 42 31
internal_value=0.000560241 0.00996496 0.00107784 -0.00336792 -6.61813e-05 -0.0168442 -0.00726472 0.00980215 0.0140002 0.025416
internal_weight=152.939 45.2787 30.7197 107.66 88.9823 18.678 52.635 36.3473 22.6759 14.559
internal_count=638 186 125 452 372 80 221 151 92 61
is_linear=0
shrinkage=0.03


Tree=40
num_leaves=12
num_cat=0
split_feature=37 15 34 36 14 5 21 40 15 12 11
split_gain=9.91574 6.58892 11.4092 5.85787 9.45114 5.96745 5.25342 6.28005 5.02425 4.15369 2.72098
threshold=-0.0043938986928843118 -66.083830591073067 0.013821019345783616 0.0071638962918784792 13.119058293035325 0.11616065430027468 0.017859860044039045 0.020551052781802474 -16.580369137898312 42.029197152073017 -0.050042355690997679
decision_type=2 2 2 2 2 2 2 2 2 2 2
left_child=1 -1 8 6 10 -6 9 -8 -3 -2 -5
right_child=3 2 -4 4 5 -7 7 -9 -10 -11 -12
leaf_value=0.028240518491798861 -0.0014417300358624823 -0.022937758995418729 0.024928686263026471 0.0043284294963486045 -0.02252189913477241 0.0090141846573028664 -0.018254310265179294 0.00258700149102928 0.0051286344483112475 -0.032527706689601275 0.030540595866859706
leaf_weight=13.506338998675345 7.2298408001661327 10.396568626165392 11.393822550773619 8.8026394844055194 10.479562342166902 7.1918318569660178 16.789343059062958 38.256180539727211 8.2745710760355013 11.255872085690497 8.7629528641700727
leaf_count=56 30 43 47 37 44 30 71 158 34 49 36
internal_value=0.00031792 0.0121818 0.00318838 -0.00443336 0.00516312 -0.00931335 -0.00924563 -0.00392395 -0.010481 -0.0224298 0.0199567
internal_weight=152.34 43.5713 30.065 108.768 35.237 17.6714 73.5312 55.0455 18.6711 18.4857 17.5656
internal_count=635 180 124 455 147 74 308 229 77 79 73
is_linear=0
shrinkage=0.03


Tree=41
num_leaves=12
num_cat=0
split_feature=37 15 34 36 14 5 21 6 15 12 11
split_gain=9.42227 6.25253 10.836 5.59845 8.99617 5.70406 5.04208 7.32351 4.7931 3.98419 2.58123
threshold=-0.0043938986928843118 -66.083830591073067 0.013821019345783616 0.0071638962918784792 13.119058293035325 0.11616065430027468 0.017859860044039045 -0.016014985050280268 -16.580369137898312 42.029197152073017 -0.050042355690997679
decision_type=2 2 2 2 2 2 2 2 2 2 2
left_child=1 -1 8 6 10 -6 9 -8 -3 -2 -5
right_child=3 2 -4 4 5 -7 7 -9 -10 -11 -12
leaf_value=0.027550434210995831 -0.0014080644647738757 -0.022393642035067132 0.02431345792041403 0.0042214807982159479 -0.022034055381017541 0.0087935569983994891 -0.021524247219798783 0.0023278984599116627 0.005004407882785054 -0.031942956256000479 0.029825011067862929
leaf_weight=13.479798719286917 7.228460535407069 10.378573030233385 11.382442966103552 8.8055043220520037 10.435192525386812 7.20113980770111 13.511577025055884 41.490289881825447 8.2752120792865771 11.156188830733297 8.7521462589502317
leaf_count=56 30 43 47 37 44 30 56 173 34 49 36
internal_value=0.000314114 0.0118874 0.00310878 -0.00431961 0.00506026 -0.00906926 -0.0090318 -0.00381802 -0.0102054 -0.0219892 0.0194961
internal_weight=152.097 43.516 30.0362 108.58 35.194 17.6363 73.3865 55.0019 18.6538 18.3846 17.5577
internal_count=635 180 124 455 147 74 308 229 77 79 73
is_linear=0
shrinkage=0.03


Tree=42
num_leaves=8
num_cat=0
split_feature=20 40 34 15 9 23 3
split_gain=8.91247 6.73214 8.82341 10.1936 5.31831 4.59176 3.28742
threshold=0.039194403376150037 0.071665812940453169 0.011900313398034325 -67.076771597287475 0.023438183049263959 1.0549698070465718 0.026246819127126012
decision_type=2 2 2 2 2 2 2
left_child=1 2 3 -1 -4 -2 -3
right_child=5 6 4 -5 -6 -7 -8
leaf_value=0.013878031696896991 0.033846532986300838 -0.026111902526830957 0 -0.012361664797486594 0.020157514945381982 0.00080528629979363024 0
leaf_weight=15.231297716498373 8.0457227528095228 12.136888861656191 24.807992488145828 53.812692850828171 22.824271321296692 7.7944406419992438 7.1946927458047858
leaf_count=63 34 51 103 226 95 32 31
internal_value=0.000308763 -0.00217667 0.000523237 -0.00613425 0.0103339 0.0203418 -0.0176965
internal_weight=151.848 136.008 116.676 69.044 47.6323 15.8402 19.3316
internal_count=635 569 487 289 198 66 82
is_linear=0
shrinkage=0.03


Tree=43
num_leaves=7
num_cat=0
split_feature=20 9 34 38 32 23
split_gain=8.51823 5.22475 6.27166 6.70732 4.52398 4.39788
threshold=0.039194403376150037 -0.10730834607380725 0.030468181880203952 0.011677255677062086 0.0026947678221844744 1.0549698070465718
decision_type=2 2 2 2 2 2
left_child=1 -1 3 -3 -4 -2
right_child=5 2 4 -5 -6 -7
leaf_value=0.015231423490812012 0.033202990804348541 -0.0041514113293254287 0.018331197557031467 -0.026978379542219925 -0.0049462170976493306 0.00078606798749329102
leaf_weight=11.802850991487501 7.9951431155204755 86.07696345448494 14.961206898093225 12.200662389397619 10.844555243849753 7.7943571805953979
leaf_count=48 34 362 62 51 46 32
internal_value=0.000315193 -0.00211138 -0.00409544 -0.0076164 0.00835752 0.0199313
internal_weight=151.676 135.886 124.083 98.2776 25.8058 15.7895
internal_count=635 569 521 413 108 66
is_linear=0
shrinkage=0.03


Tree=44
num_leaves=13
num_cat=0
split_feature=37 28 36 9 38 21 6 34 12 17 12 9
split_gain=8.55697 6.34168 5.34592 8.60916 6.65037 4.82873 6.80891 4.16405 3.84462 3.34757 3.10006 1.65309
threshold=-0.0043938986928843118 8.5000000000000018 0.0071638962918784792 0.0050929973334745676 0.0095075136192997577 0.017859860044039045 -0.016014985050280268 -0.0026877033262277523 42.029197152073017 -2.6899315741146927 54.752981041984889 -0.073050640659159255
decision_type=2 2 2 2 2 2 2 2 2 2 2 2
left_child=1 10 5 4 -4 8 -7 -5 -2 -3 11 -1
right_child=2 9 3 7 -6 6 -8 -9 -10 -11 -12 -13
leaf_value=0.012230201897779623 -0.0012502513574173045 0.0086393596659242455 0.034084834163576383 -0.021864428059321171 -0.00060899028844899322 -0.020750594689998066 0.0022911749985907535 0.0036891292629847457 -0.031286301221035678 -0.01636830318966789 0.0012722922082670247 0.035869665407804285
leaf_weight=11.751766443252565 7.2223224043846157 7.3013259917497635 9.4638195186853427 8.3553282767534274 7.2098543196916571 13.428003951907156 41.448207721114159 10.045257195830343 11.032006382942198 7.430586099624632 8.2860692888498289 8.5462671518325823
leaf_count=49 30 30 39 36 30 56 173 42 49 31 34 36
internal_value=0.000318329 0.011377 -0.00409864 0.00507513 0.0198211 -0.00871611 -0.00361474 -0.0081849 -0.02144 -0.00352651 0.0192768 0.0251806
internal_weight=151.521 43.316 108.205 35.0743 16.6737 73.1305 54.8762 18.4006 18.2543 14.7319 28.5841 20.298
internal_count=635 180 455 147 69 308 229 78 79 61 119 85
is_linear=0
shrinkage=0.03


Tree=45
num_leaves=9
num_cat=0
split_feature=19 37 19 39 8 10 21 19
split_gain=8.15001 11.0974 5.93007 8.34797 6.37752 4.0021 6.68185 3.08803
threshold=0.10319483800657389 0.060507715930936075 0.12411828309957433 1.0000000180025095e-35 -0.0049975334551157109 0.0088941389190718718 0.015225627284733896 0.084010470313667623
decision_type=2 2 2 2 2 2 2 2
left_child=5 2 4 -4 -2 6 -1 -8
right_child=1 -3 3 -5 -6 -7 7 -9
leaf_value=-0.023304270321146715 0.038385547210945462 -0.020370678555589133 0.020872971476012039 -0.0015456239832745326 0.0063208081408540999 -0.024638776111958544 0.016798076749446673 -0.0040291722719987344
leaf_weight=8.4853686094284075 9.2616316229105013 11.467632561922072 17.509787648916245 58.933424860239029 15.872903004288672 10.741249203681944 9.4711627811193484 11.331484690308569
leaf_count=37 38 49 74 246 65 47 40 47
internal_value=0.000868313 0.00507589 0.00843137 0.00379953 0.0206473 -0.0103334 -0.00336791 0.00543703
internal_weight=153.075 113.045 101.578 76.4432 25.1345 40.0293 29.288 20.8026
internal_count=643 472 423 320 103 171 124 87
is_linear=0
shrinkage=0.03


Tree=46
num_leaves=9
num_cat=0
split_feature=19 37 19 21 8 12 21 19
split_gain=7.77154 10.569 5.65778 8.17103 6.10603 3.16743 4.13402 3.4455
threshold=0.10319483800657389 0.060507715930936075 0.12411828309957433 0.018236424331193924 -0.0049975334551157109 58.311166213298947 0.015225627284733896 0.081955124031801552
decision_type=2 2 2 2 2 2 2 2
left_child=5 2 4 -4 -2 6 -1 -8
right_child=1 -3 3 -5 -6 -7 7 -9
leaf_value=-0.020660490226010762 0.037578639633378923 -0.019918687310689114 -0.021187041539481276 0.0074124004254362049 0.0061506473324832436 -0.026798249529147455 0.01423477787003887 -0.0069011060893411046
leaf_weight=8.6746576875448209 9.2202500849962252 11.422095432877539 8.1760192066431028 68.210607841610909 15.877927184104918 6.7242290675640097 9.465470492839815 15.063768237829207
leaf_count=38 38 49 34 286 65 30 40 63
internal_value=0.000840851 0.00495254 0.0082276 0.00369743 0.0201712 -0.0101099 -0.00497371 0.00114777
internal_weight=152.835 112.907 101.485 76.3866 25.0982 39.9281 33.2039 24.5292
internal_count=643 472 423 320 103 171 141 103
is_linear=0
shrinkage=0.03


Tree=47
num_leaves=10
num_cat=0
split_feature=12 21 36 12 11 21 40 28 25
split_gain=7.18881 6.03041 5.5455 4.84109 4.52951 4.63706 5.13379 4.02458 2.39659
threshold=51.49778588174005 0.015225627284733896 0.0071638962918784792 46.093892215568864 -0.024275977922703747 0.017728513803982274 0.070360624887116266 8.5000000000000018 0.30962566844919792
decision_type=2 2 2 2 2 2 2 2 2
left_child=1 -1 3 -3 8 -6 -7 -4 -2
right_child=4 2 7 -5 5 6 -8 -9 -10
leaf_value=-0.013059400492493567 -0.025536576562468258 -0.0026122650025776294 0.029481767540559201 0.016647997480347159 -0.020485773898755593 0.0091447850087145507 -0.01390883798261448 0.0031791477066866387 -0.0014189382373014389
leaf_weight=9.9398981779813749 11.738557904958727 35.481492891907692 15.425996482372286 14.673290327191351 7.1209865510463706 31.176744922995567 9.5271465480327588 10.238963618874548 7.3280773758888236
leaf_count=43 51 146 66 60 31 130 41 43 32
internal_value=0.000798823 0.00656789 0.00960327 0.00315724 -0.00635575 -0.000878788 0.00299891 0.020519 -0.0179939
internal_weight=152.651 85.7596 75.8197 50.1548 66.8915 47.8249 40.7039 25.665 19.0666
internal_count=643 358 315 206 285 202 171 109 83
is_linear=0
shrinkage=0.03


Tree=48
num_leaves=10
num_cat=0
split_feature=10 21 11 16 20 18 35 21 38
split_gain=6.99407 7.78408 5.71983 4.76515 4.95905 4.65074 5.85781 3.5422 0.558106
threshold=0.0088941389190718718 0.015225627284733896 -0.015564032536232118 -0.34033280913803304 0.02550347061225991 0.16175082611588817 0.063860315301012341 0.020608409297482703 0.010818101243371488
decision_type=2 2 2 2 2 2 2 2 2
left_child=1 -1 8 -4 -5 7 -7 -3 -2
right_child=2 5 3 4 -6 6 -8 -9 -10
leaf_value=-0.016056850108396872 -0.010083673736108358 0.010130369881559282 -0.018943189696533715 -0.013482004490141537 0.010587650410976644 0.016577828341927385 -0.009154313933881799 -0.013329413382229699 -0.028885029163635813
leaf_weight=10.305229112505911 10.319589987397196 7.9472502171993282 8.1839741170406324 8.1947411596775037 27.043872147798538 55.325325340032578 7.1461097151041022 11.137539491057394 6.8365285694599143
leaf_count=45 45 33 35 36 113 230 30 46 30
internal_value=0.000759823 0.00601603 -0.00690852 -0.000503189 0.00416398 0.0093022 0.013209 -0.00281465 -0.0205924
internal_weight=152.44 91.8615 60.5787 43.4226 35.2386 81.5562 62.4714 19.0848 17.1561
internal_count=643 384 259 184 149 339 260 79 75
is_linear=0
shrinkage=0.03


Tree=49
num_leaves=10
num_cat=0
split_feature=12 18 12 39 35 14 20 36 10
split_gain=6.7068 5.09001 6.88895 4.6157 5.08662 4.52941 4.28151 3.46221 2.48022
threshold=51.49778588174005 0.16175082611588817 30.035509283664272 1.0000000180025095e-35 0.05685331462893662 40.414202425817173 0.02550347061225991 0.005142851287573272 0.01519222309780255
decision_type=2 2 2 2 2 2 2 2 2
left_child=1 2 -1 -3 -5 8 -7 -8 -2
right_child=5 3 -4 4 -6 6 7 -9 -10
leaf_value=0.011268537716672765 -0.0034605917398776134 0.027981858813856841 -0.018326958090776408 0.010378225361590785 -0.013422849980760359 -0.01671190501525191 0.019127988275119287 -0.0006544856297525433 -0.02403277688025739
leaf_weight=10.745426118373873 12.276103571057321 10.18592646718025 13.365235686302183 43.731297120451927 7.5324293971061698 8.5065662413835508 8.9981220215558988 23.693809702992439 13.232136547565458
leaf_count=44 52 45 57 181 31 38 37 99 59
internal_value=0.00069466 0.00627758 -0.00470979 0.0108376 0.0062267 -0.00622215 0 0.00514689 -0.0156489
internal_weight=152.267 85.5603 24.1107 61.4497 51.2637 66.7067 41.1985 32.6919 25.5082
internal_count=643 358 101 257 212 285 174 136 111
is_linear=0
shrinkage=0.03


end of trees

feature_importances:
macro_usdjpy_vol_20=30
rsi=28
volatility=27
macro_topix_ret_20=27
bb_bandwidth=25
atr_pct=25
ma_5_20_cross=23
macd_hist=21
month=20
macro_usdjpy_ret_20=19
gap=15
macro_nikkei_ret_20=15
macro_usdjpy_ret_60=14
div_ma_20=12
macro_topix_vol_20=12
bb_pct_b=11
vol_ratio=11
return_10d=10
return_20d=10
macro_topix_above_200dma=10
div_ma_60=9
ma_20_60_cross=9
return_3d=7
macd_signal=7
lower_shadow_pct=7
macd_hist_change=6
candle_body_pct=6
return_5d=5
rsi_change=5
macd=5
price_position_20d=4
div_ma_5=3
div_ma_10=3
return_1d=1
return_2d=1
upper_shadow_pct=1
streak=1
macro_nikkei_above_200dma=1

parameters:
[boosting: gbdt]
[objective: binary]
[metric: binary_logloss]
[tree_learner: serial]
[device_type: cpu]
[data_sample_strategy: bagging]
[data: ]
[valid: ]
[num_iterations: 50]
[learning_rate: 0.03]
[num_leaves: 15]
[num_threads: 0]
[seed: 42]
[deterministic: 0]
[force_col_wise: 0]
[force_row_wise: 0]
[histogram_pool_size: -1]
[max_depth: 4]
[min_data_in_leaf: 30]
[min_sum_hessian_in_leaf: 0.001]
[bagging_fraction: 0.7]
[pos_bagging_fraction: 1]
[neg_bagging_fraction: 1]
[bagging_freq: 5]
[bagging_seed: 400]
[bagging_by_query: 0]
[feature_fraction: 0.6]
[feature_fraction_bynode: 1]
[feature_fraction_seed: 30056]
[extra_trees: 0]
[extra_seed: 12879]
[early_stopping_round: 0]
[early_stopping_min_delta: 0]
[first_metric_only: 0]
[max_delta_step: 0]
[lambda_l1: 0.5]
[lambda_l2: 2]
[linear_lambda: 0]
[min_gain_to_split: 0]
[drop_rate: 0.1]
[max_drop: 50]
[skip_drop: 0.5]
[xgboost_dart_mode: 0]
[uniform_drop: 0]
[drop_seed: 17869]
[top_rate: 0.2]
[other_rate: 0.1]
[min_data_per_group: 100]
[max_cat_threshold: 32]
[cat_l2: 10]
[cat_smooth: 10]
[max_cat_to_onehot: 4]
[top_k: 20]
[monotone_constraints: ]
[monotone_constraints_method: basic]
[monotone_penalty: 0]
[feature_contri: ]
[forcedsplits_filename: ]
[refit_decay_rate: 0.9]
[cegb_tradeoff: 1]
[cegb_penalty_split: 0]
[cegb_penalty_feature_lazy: ]
[cegb_penalty_feature_coupled: ]
[path_smooth: 0]
[interaction_constraints: ]
[verbosity: -1]
[saved_feature_importance_type: 0]
[use_quantized_grad: 0]
[num_grad_quant_bins: 4]
[quant_train_renew_leaf: 0]
[stochastic_rounding: 1]
[linear_tree: 0]
[max_bin: 255]
[max_bin_by_feature: ]
[min_data_in_bin: 5]
[bin_construct_sample_cnt: 200000]
[data_random_seed: 175]
[is_enable_sparse: 1]
[enable_bundle: 1]
[use_missing: 1]
[zero_as_missing: 0]
[feature_pre_filter: 1]
[pre_partition: 0]
[two_round: 0]
[header: 0]
[label_column: ]
[weight_column: ]
[group_column: ]
[ignore_column: ]
[categorical_feature: ]
[forcedbins_filename: ]
[precise_float_parser: 0]
[parser_config_file: ]
[objective_seed: 16083]
[num_class: 1]
[is_unbalance: 0]
[scale_pos_weight: 1]
[sigmoid: 1]
[boost_from_average: 1]
[reg_sqrt: 0]
[alpha: 0.9]
[fair_c: 1]
[poisson_max_delta_step: 0.7]
[tweedie_variance_power: 1.5]
[lambdarank_truncation_level: 30]
[lambdarank_norm: 1]
[label_gain: ]
[lambdarank_position_bias_regularization: 0]
[eval_at: ]
[multi_error_top_k: 1]
[auc_mu_weights: ]
[num_machines: 1]
[local_listen_port: 12400]
[time_out: 120]
[machine_list_filename: ]
[machines: ]
[gpu_platform_id: -1]
[gpu_device_id: -1]
[gpu_use_dp: 0]
[num_gpu: 1]

end of parameters

pandas_categorical:[]
