tree
version=v4
num_class=1
num_tree_per_iteration=1
label_index=0
max_feature_idx=44
objective=binary sigmoid:1
feature_names=return_1d return_2d return_3d return_5d return_10d return_20d div_ma_5 div_ma_10 div_ma_20 div_ma_60 ma_5_20_cross ma_20_60_cross rsi rsi_change macd macd_signal macd_hist macd_hist_change bb_pct_b bb_bandwidth atr_pct volatility vol_change vol_ratio candle_body_pct upper_shadow_pct lower_shadow_pct day_of_week month is_month_end is_month_start streak gap price_position_20d macro_usdjpy_ret_20 macro_usdjpy_ret_60 macro_usdjpy_vol_20 macro_topix_ret_20 macro_topix_vol_20 macro_topix_above_200dma macro_nikkei_ret_20 macro_nikkei_above_200dma macro_nikkei_vi macro_jgb10y macro_bias_score
feature_infos=[-0.097063111851697581:0.12918108419838514] [-0.16714697406340062:0.15132641291810844] [-0.20677035681610245:0.15841288782816232] [-0.2103825136612022:0.15811455847255362] [-0.17475728155339809:0.17716262975778552] [-0.24360730593607305:0.31349480968858123] [-0.13751939835263219:0.085724201758445195] [-0.15323762086141224:0.10169292540327324] [-0.16651445381221103:0.12472133662535662] [-0.20463184513568236:0.16641256055952849] [-0.099009644971944311:0.090424935530889039] [-0.11241278638230501:0.10265552912733256] [7.2897196261682211:94.346289752650179] [-23.017006296792111:34.977504951534002] [-208.78652181563302:120.5326415471045] [-182.21612921768079:102.17110063482991] [-65.643000378406668:45.390032562908679] [-24.6300290795417:26.119424481002223] [-0.32138915756615644:1.3470312427772104] [0.039543879031473314:0.32732122564073562] [0.01326670585929845:0.063807160581354133] [0.0091251542063919382:0.055432099082295926] [-0.90395175083265822:7.31958762886598] [0.53149947884215609:2.1432873365825342] [-1:1] [0:0.91111111111111109] [0:0.91666666666666663] [0:4] [1:12] none [0:1] [-8:7] [-0.086416419119632715:0.11933174224343679] [0:1] [-0.10288784967882303:0.08505611680078462] [-0.13986255140503889:0.13160084488587853] [0.0024251968629527628:0.011841457708833433] [-0.22586490939044479:0.19897850606512013] [0.0040695656522785678:0.036437277456277402] [0:1] [-0.22859537662338159:0.23022297972565586] [0:1] none none none
tree_sizes=1283 1397 1310 1185 1303 1096 1296 1093 1161 1085 1397 890 869 1100 1005 1519 1099 1523 995 1202 1003 1204 1204 1102 1083 1278 988 993 1106 994 1075 1087 1096 1091 1187 893 1353 1080 1002 1084 1199 1095 1000 1094 999 1097 1213 1305 1316 1524

Tree=0
num_leaves=11
num_cat=0
split_feature=37 17 7 17 17 37 36 15 15 2
split_gain=12.5086 8.23253 7.128 10.7619 7.02308 6.73489 10.6052 5.78632 4.62666 3.02061
threshold=0.0049376330772438201 -2.5963031395338905 0.0031817139887640798 4.7541044214155983 0.90975260873289809 -0.018788388377396877 0.0076866228642947778 14.703473962575634 57.765026043790293 0.011221157586552845
decision_type=2 2 2 2 2 2 2 2 2 2
left_child=5 8 4 -4 -3 6 -1 9 -2 -7
right_child=1 2 3 -5 -6 7 -8 -9 -10 -11
leaf_value=-0.20107180846323053 -0.16527987411142558 -0.21722587408777655 -0.18091130586714688 -0.21290321787987967 -0.18551389789292783 -0.14630273073591241 -0.1648025552847269 -0.1844446240921557 -0.19009230877759378 -0.17534464770800973
leaf_weight=14.128094717860224 13.632372096180918 17.598153069615368 39.409948423504829 10.162313744425772 7.9315619468688956 12.393065541982656 11.153758987784384 10.410175055265425 9.4187298119068128 8.6751458793878538
leaf_count=57 55 71 159 41 32 50 45 42 38 35
internal_value=-0.184003 -0.190362 -0.195236 -0.187987 -0.207566 -0.172959 -0.185275 -0.164121 -0.175573 -0.155692
internal_weight=154.913 98.1531 75.102 49.5723 25.5297 56.7602 25.2819 31.4784 23.0511 21.0682
internal_count=625 396 303 200 103 229 102 127 93 85
is_linear=0
shrinkage=1


Tree=1
num_leaves=12
num_cat=0
split_feature=38 3 36 12 40 36 38 35 13 13 13
split_gain=31.5676 13.1315 15.4455 13.18 11.3449 9.99116 7.74115 5.68467 5.09755 3.54439 3.37735
threshold=0.010791728037763145 -0.0081356446215027894 0.0049597557690506501 57.993755391366314 -0.0097993913998339881 0.0076866228642947778 0.0077932116399021785 0.0087858095680255505 -1.0000000180025095e-35 1.9945756700001775 -1.5025505465571489
decision_type=2 2 2 2 2 2 2 2 2 2 2
left_child=1 6 3 -3 5 -2 10 -4 -8 -6 -1
right_child=4 2 7 -5 9 -7 8 -9 -10 -11 -12
leaf_value=-0.019417751834472873 -0.011936190939699961 0.028564999847731982 -0.010852836166545582 -0.014996495095135598 0.044689962675823633 0.027722169205146936 0.026974526167510733 -0.033792945736641676 0 0.014512991636715666 0.0043468547536030955
leaf_weight=9.1636974811553973 12.134128376841547 9.9141366034746188 23.297651737928391 10.903778016567228 14.881793245673181 7.4493526220321646 14.137516170740129 25.27454499900341 9.9105071574449521 10.162565320730208 7.6851187050342551
leaf_count=37 49 40 94 44 60 30 57 102 40 41 31
internal_value=0.00147725 -0.007057 -0.0149099 0.00577686 0.0222873 0.00362541 0.00599144 -0.0239507 0.0165728 0.0349782 -0.00847131
internal_weight=154.915 110.287 69.3901 20.8179 44.6278 19.5835 40.8968 48.5722 24.048 25.0444 16.8488
internal_count=625 445 280 84 180 79 165 196 97 101 68
is_linear=0
shrinkage=0.03


Tree=2
num_leaves=11
num_cat=0
split_feature=38 3 36 12 11 11 36 37 13 38
split_gain=29.9186 12.438 14.6676 12.5144 8.71335 7.62081 7.48975 9.62595 6.92099 6.67856
threshold=0.010791728037763145 -0.0081356446215027894 0.0049597557690506501 57.993755391366314 0.069089395674908252 0.041651833685047886 0.0081862498936358784 -0.01802581366685457 2.3368899567832426 0.0074589959269974601
decision_type=2 2 2 2 2 2 2 2 2 2
left_child=1 5 3 -3 -4 9 7 -2 -9 -1
right_child=6 2 4 -5 -6 -7 -8 8 -10 -11
leaf_value=-0.0035194370032563455 -0.0083601415356776791 0.027794714478708005 -0.029062372558946992 -0.014634552515918241 0.0020267344044062356 -0.012185356987158497 0.046592075021696683 0.033621021132807044 0.00043589756982519964 0.024342275320113169
leaf_weight=10.397350817918779 10.397841513156889 9.9382694512605685 39.796043753623962 10.887950137257574 8.6651115268468839 12.144536554813383 7.7119400948286048 17.157759413123134 9.4258208125829679 18.371101185679436
leaf_count=42 42 40 161 44 35 49 31 69 38 74
internal_value=0.00145297 -0.00686249 -0.0145168 0.00561685 -0.0233462 0.0058232 0.0216934 0.0139922 0.0232331 0.0142109
internal_weight=154.894 110.2 69.2874 20.8262 48.4612 40.913 44.6934 36.9814 26.5836 28.7685
internal_count=625 445 280 84 196 165 180 149 107 116
is_linear=0
shrinkage=0.03


Tree=3
num_leaves=10
num_cat=0
split_feature=38 3 36 40 19 11 0 40 24
split_gain=28.3475 11.9179 12.5349 10.3836 12.2647 10.2312 7.64488 2.32694 1.71705
threshold=0.010791728037763145 -0.027020635168148007 0.0049900352998058324 -0.0097993913998339881 0.16281398070215028 0.043315075043198988 -0.013196753320440234 0.0068424973586019852 -0.1982142857142857
decision_type=2 2 2 2 2 2 2 2 2
left_child=1 7 5 4 -2 -3 -4 -1 -5
right_child=3 2 6 8 -6 -7 -8 -9 -10
leaf_value=0.022736989053896418 -0.014802030994947844 0.017661674516776259 0.0063437627350552079 0.014096502811275783 0.028833397377841612 -0.016437168452575916 -0.022450740199030747 0 0.039930096952768744
leaf_weight=9.9364318698644656 11.636484920978548 18.608815461397175 7.9145750850439063 8.7168459743261355 7.9586139619350424 10.645838022232054 55.053312346339226 7.9321271926164618 16.430606961250305
leaf_count=40 47 75 32 35 32 43 223 32 66
internal_value=0.00143481 -0.00666665 -0.0111106 0.0211221 0.00325504 0.00451531 -0.0185167 0.014324 0.0332262
internal_weight=154.834 110.091 92.2225 44.7426 19.5951 29.2547 62.9679 17.8686 25.1475
internal_count=625 445 373 180 79 118 255 72 101
is_linear=0
shrinkage=0.03


Tree=4
num_leaves=11
num_cat=0
split_feature=38 3 36 9 40 19 11 11 38 13
split_gain=26.8227 11.3253 13.2427 10.0058 9.80073 11.665 8.32231 7.13476 6.19982 3.25824
threshold=0.010791728037763145 -0.0081356446215027894 0.0049597557690506501 0.080251074852218593 -0.0097993913998339881 0.16281398070215028 0.069089395674908252 0.041651833685047886 0.0074589959269974601 1.9945756700001775
decision_type=2 2 2 2 2 2 2 2 2 2
left_child=1 7 3 -3 5 -2 -4 8 -1 -6
right_child=4 2 6 -5 9 -7 -8 -9 -10 -11
leaf_value=-0.0033250006265970054 -0.014441652508674281 0.020262895936661765 -0.027834513339419265 -0.018761814360666627 0.041512087666746508 0.028102811601699234 0.0024878787307622023 -0.011799594089190697 0.023483443193470597 0.013000130275728465
leaf_weight=10.388165459036829 11.619226261973383 13.425454571843149 39.56955498456955 7.411150634288787 14.981106236577036 7.9723226279020301 8.648275747895239 12.125271186232565 18.409851923584938 10.207045346498488
leaf_count=42 47 54 161 30 60 32 35 49 74 41
internal_value=0.00142914 -0.006458 -0.0137864 0.00529825 0.0205683 0.0031756 -0.0222148 0.0056247 0.013738 0.0323161
internal_weight=154.757 109.978 69.0544 20.8366 44.7797 19.5915 48.2178 40.9233 28.798 25.1882
internal_count=625 445 280 84 180 79 196 165 116 101
is_linear=0
shrinkage=0.03


Tree=5
num_leaves=9
num_cat=0
split_feature=19 40 37 10 16 4 21 19
split_gain=16.2392 14.3213 8.40659 12.631 11.6599 10.7064 8.2148 6.73845
threshold=0.18799189997489055 0.050968714392099053 0.039387623418046365 0.005818101967904111 -0.97954581606524538 -0.024333663495860521 0.015849725371442493 0.11433269170505857
decision_type=2 2 2 2 2 2 2 2
left_child=2 -2 3 5 -5 -1 -4 -8
right_child=1 -3 6 4 -6 -7 7 -9
leaf_value=0.0059045317573937408 0.039213311403785825 -0.007859721621308673 -0.031013759685536064 -0.01194896060509287 0.021702481095605505 -0.019322452971945157 0.01699540329992499 -0.014930332388632929
leaf_weight=24.532673165202141 14.206537440419199 7.4475422650575629 15.493181541562079 10.648394539952276 31.945650652050972 32.333134591579437 7.665983438491824 13.101629778742788
leaf_count=99 57 30 63 43 129 131 31 53
internal_value=3.99364e-05 0.0230936 -0.00381128 0.000629139 0.0127948 -0.00835353 -0.0157792 -0.00202898
internal_weight=157.375 21.6541 135.721 99.4599 42.594 56.8658 36.2608 20.7676
internal_count=636 87 549 402 172 230 147 84
is_linear=0
shrinkage=0.03


Tree=6
num_leaves=11
num_cat=0
split_feature=38 16 6 37 5 37 32 11 6 32
split_gain=30.5707 13.451 11.5071 8.39956 5.02439 4.25785 6.61106 4.74795 4.22819 2.49089
threshold=0.010791728037763145 -1.060119596448988 -0.0058966201019253822 -0.0022473854048175031 0.099794866796203988 0.0046297695763888322 -0.0060260286511096264 0.0059854010517192977 0.014450968865589673 0.0098208801984378553
decision_type=2 2 2 2 2 2 2 2 2 2
left_child=2 3 5 -2 9 7 -7 -1 -3 -4
right_child=1 8 4 -5 -6 6 -8 -9 -10 -11
leaf_value=0.028893421999687061 0.01668025012443116 0.04177329582475179 -0.021891544076010575 -0.018069869958564407 0 0.012150789022125474 -0.017832557977388107 -0.00022450934768099417 0.0095754064821089897 -0.0022625365664522687
leaf_weight=8.2207918316125888 12.413082867860796 17.687316998839382 48.987072557210922 8.9676411896944028 13.780197098851202 10.146032154560091 12.092637673020361 7.9320712685585013 7.9735808670520774 9.1051419079303724
leaf_count=33 50 71 199 36 56 41 49 32 32 37
internal_value=3.20705e-05 0.0198838 -0.00850697 0.00116463 -0.0154914 0.00431674 -0.00366043 0.015319 0.0337265 -0.0192423
internal_weight=157.306 47.0416 110.264 21.3807 71.8724 38.3915 22.2387 16.1529 25.6609 58.0922
internal_count=636 189 447 86 292 155 90 65 103 236
is_linear=0
shrinkage=0.03


Tree=7
num_leaves=9
num_cat=0
split_feature=19 40 3 16 16 37 37 40
split_gain=14.8167 13.2123 7.86516 12.5142 9.65685 8.21183 5.67394 1.61904
threshold=0.18799189997489055 0.050968714392099053 -0.025861084650215967 -3.0773898290830934 -12.392155863100426 0.039387623418046365 0.0049376330772438201 -0.019147505749875223
decision_type=2 2 2 2 2 2 2 2
left_child=2 -2 6 4 -4 -5 7 -1
right_child=1 -3 3 5 -6 -7 -8 -9
leaf_value=0.0066666937838836694 0.037540061548454663 -0.0076153423285148852 0.0060559988354284043 0.0069910262676826191 -0.029336756554705187 -0.013340099117457361 -0.0059887554983176919 0.029947167155704009
leaf_weight=8.6861229389905947 14.224893346428873 7.4416335523128501 7.4220218807458869 48.916390493512154 27.572949841618538 25.546561449766159 9.6625405848026258 7.7226407676935223
leaf_count=35 57 30 30 198 112 104 39 31
internal_value=4.84565e-05 0.0220642 -0.00363172 -0.00724068 -0.0215033 0 0.0104221 0.0205015
internal_weight=157.196 21.6665 135.529 109.458 34.995 74.463 26.0713 16.4088
internal_count=636 87 549 444 142 302 105 66
is_linear=0
shrinkage=0.03


Tree=8
num_leaves=10
num_cat=0
split_feature=38 28 6 38 10 5 24 22 23
split_gain=28.23 12.3821 10.7234 7.32887 4.7778 4.73155 4.13736 3.77586 3.53781
threshold=0.010791728037763145 3.5000000000000004 -0.0058966201019253822 0.014271091893598563 0.012947062802035171 0.099794866796203988 -0.48834688346883465 -0.14590657937037996 0.77523270009364309
decision_type=2 2 2 2 2 2 2 2 2
left_child=2 -2 6 4 -3 8 -1 -8 -4
right_child=1 3 5 -5 -6 -7 7 -9 -10
leaf_value=-0.0073120530064891415 -0.012474610050045937 0.0013377002002986935 0 0.046412844183020406 0.026334174222150359 0 -0.0032993539149693582 0.019460739009392932 -0.021552738534390901
leaf_weight=14.357555881142614 7.4772437661886206 14.372763201594354 8.5854301601648313 10.483949989080427 14.718029230833052 13.770959585905073 7.9164393693208721 16.09836183488369 49.313018769025803
leaf_count=58 30 58 35 42 59 56 32 65 201
internal_value=5.83026e-05 0.0191297 -0.00815832 0.0257746 0.0153472 -0.0149174 0.00420789 0.0117045 -0.0185683
internal_weight=157.094 47.052 110.042 39.5747 29.0908 71.6694 38.3724 24.0148 57.8984
internal_count=636 189 447 159 117 292 155 97 236
is_linear=0
shrinkage=0.03


Tree=9
num_leaves=9
num_cat=0
split_feature=19 40 3 16 16 23 25 15
split_gain=13.4439 12.2841 7.29121 11.7537 9.19037 5.65688 5.09228 1.26052
threshold=0.18799189997489055 0.050968714392099053 -0.025861084650215967 -3.0773898290830934 -12.392155863100426 0.78058143218416653 0.13442603961542918 19.182656166972215
decision_type=2 2 2 2 2 2 2 2
left_child=2 -2 6 4 -4 -5 -1 -8
right_child=1 -3 3 5 -6 -7 7 -9
leaf_value=-0.0062339523074401186 0.035997498093791706 -0.0074944277558739152 0.0060492548305484386 0.016466308576219942 -0.028448894914255979 -0.0039828832984398436 0.026010678744635345 0.0049973559667545395
leaf_weight=8.9404352158308047 14.212642326951029 7.4356359392404547 7.4192247539758673 13.074007898569105 27.441526681184769 61.292527318000793 9.6956414133310336 7.445521041750907
leaf_count=36 57 30 30 53 112 249 39 30
internal_value=7.32199e-05 0.0210544 -0.00343212 -0.00691802 -0.02077 0 0.0100853 0.0191427
internal_weight=156.957 21.6483 135.309 109.227 34.8608 74.3665 26.0816 17.1412
internal_count=636 87 549 444 142 302 105 69
is_linear=0
shrinkage=0.03


Tree=10
num_leaves=12
num_cat=0
split_feature=11 32 20 3 9 9 9 11 41 35 21
split_gain=11.2664 11.5495 10.7536 7.13171 5.83199 5.38131 8.60867 5.20499 4.30539 2.18065 1.01398
threshold=-0.012813185063221875 0.0026693434323641356 0.019119565088181498 0.04037267474276441 0.0100133631817024 0.052998347588894268 0.08355865971554606 -0.018165883977712512 1.0000000180025095e-35 1.0000000180025095e-35 0.017760255658130206
decision_type=2 2 2 2 2 2 2 2 2 2 2
left_child=7 2 4 -4 -2 9 -7 8 -1 -3 -10
right_child=1 5 3 -5 -6 6 -8 -9 10 -11 -12
leaf_value=0.01892682015877694 0 -0.0095882968095243847 0.012930055893415893 -0.015421220305434578 -0.032880827813841822 0.013988451892572683 -0.019731377438820329 0.032267316077665247 0.0018656891432189339 -0.037558210381951986 -0.010467161609137993
leaf_weight=10.922979041934015 10.088575616478922 7.3601879626512554 46.21011646091938 7.3726093918085089 8.3523026108741742 8.9017109572887438 15.492617100477217 7.6534882336854926 11.331734135746958 11.514661028981207 7.4252479970455161
leaf_count=44 41 30 187 30 34 36 63 31 46 47 30
internal_value=-0.00114744 -0.00588037 0.0013545 0.00834472 -0.017052 -0.0177823 -0.00673082 0.0126432 0.00539168 -0.0293336 -0.00283195
internal_weight=152.626 115.293 72.0236 53.5827 18.4409 43.2692 24.3943 37.3334 29.68 18.8748 18.757
internal_count=619 468 292 217 75 176 99 151 120 77 76
is_linear=0
shrinkage=0.03


Tree=11
num_leaves=7
num_cat=0
split_feature=38 32 3 19 11 15
split_gain=14.6745 8.87694 9.04532 8.41445 5.96682 4.98018
threshold=0.014271091893598563 0.0038817743236762019 0.04037267474276441 0.13283880109374685 -0.012813185063221875 33.656298313291408
decision_type=2 2 2 2 2 2
left_child=1 2 3 -1 -3 -6
right_child=-2 4 -4 -5 5 -7
leaf_value=-0.00065984994344652338 0.030329807992021552 0.002860749338631298 -0.022285517013999223 0.020021262109954259 -0.030993349654480164 -0.0068085968136102236
leaf_weight=62.1327103972435 10.207527473568915 11.867798730731009 10.545315682888029 22.017138779163361 17.565955847501755 18.216036841273308
leaf_count=252 41 48 43 89 72 74
internal_value=-0.00113344 -0.00388256 0.00133364 0.00491626 -0.0141871 -0.0200905
internal_weight=152.552 142.345 94.6952 84.1498 47.6498 35.782
internal_count=619 578 384 341 194 146
is_linear=0
shrinkage=0.03


Tree=12
num_leaves=7
num_cat=0
split_feature=38 3 16 20 3 33
split_gain=13.9623 7.30145 9.15864 8.21899 6.29084 4.49228
threshold=0.014271091893598563 0.04037267474276441 -6.3945673184880247 0.026752279077200434 -0.043273958189723342 0.91826547043938367
decision_type=2 2 2 2 2 2
left_child=1 2 4 -4 -1 -3
right_child=-2 5 3 -5 -6 -7
leaf_value=0.0063140293421882756 0.02959910974060118 -0.02774291651187159 0.00072399032291153712 0.026437135790876101 -0.018116154717822439 0
leaf_weight=10.939167782664297 10.195279508829115 14.431026905775072 64.678201749920845 11.919157072901724 31.699645653367043 8.5765415430068952
leaf_count=44 41 59 263 48 129 35
internal_value=-0.00110352 -0.003788 -0.000557199 0.00548691 -0.0115104 -0.0185481
internal_weight=152.439 142.244 119.236 76.5974 42.6388 23.0076
internal_count=619 578 484 311 173 94
is_linear=0
shrinkage=0.03


Tree=13
num_leaves=9
num_cat=0
split_feature=38 32 38 9 19 28 6 34
split_gain=13.2738 8.31498 5.59993 4.63877 7.50183 7.06954 2.5988 2.35716
threshold=0.014271091893598563 0.0038817743236762019 0.01059579863023492 0.0010230703290205938 0.13283880109374685 7.5000000000000009 0.0092346284243551499 0.004812674851750077
decision_type=2 2 2 2 2 2 2 2
left_child=1 3 7 5 -5 -1 -4 -3
right_child=-2 2 6 4 -6 -7 -8 -9
leaf_value=0.019076724645069831 0.028896195197998128 -0.0080647189457552695 0.011461284076744736 -0.011334297893609901 0.011449899343985642 -0.0053586836059324279 -0.010326665152555672 -0.027883912319326045
leaf_weight=23.515852078795433 10.178878143429754 14.164891019463541 8.175408720970152 38.564281105995178 16.775170266628265 15.772967174649237 7.4092196077108374 17.758667543530464
leaf_count=95 41 58 33 157 68 64 30 73
internal_value=-0.00105763 -0.00367798 -0.0136716 0.00136322 -0.0040076 0.00911916 0.000253482 -0.020526
internal_weight=152.315 142.136 47.5082 94.6283 55.3395 39.2888 15.5846 31.9236
internal_count=619 578 194 384 225 159 63 131
is_linear=0
shrinkage=0.03


Tree=14
num_leaves=8
num_cat=0
split_feature=38 11 32 11 34 21 34
split_gain=12.6325 8.1239 9.1369 6.79748 7.31356 6.2402 2.87278
threshold=0.014271091893598563 -0.012813185063221875 0.0036141229563576576 -0.018165883977712512 0.011476410558069696 0.011797393729312078 -0.013474644528316036
decision_type=2 2 2 2 2 2 2
left_child=1 3 5 4 -1 -3 -4
right_child=-2 2 6 -5 -6 -7 -8
leaf_value=-0.015789563856738291 0.028219222228543252 -0.022250410946357924 -0.0016002777703555239 0.030668170820087166 0.014018160271847425 0.0022955497798022814 -0.023789473205246464
leaf_weight=11.316501766443254 10.158654585480688 8.8097378909587842 8.5339385420083982 7.4216719418764105 14.611626550555227 63.077604651451111 28.246665492653847
leaf_count=46 41 36 35 30 59 256 116
internal_value=-0.00102406 -0.00358285 -0.00761324 0.00881329 0.000272223 -0.00103038 -0.0193759
internal_weight=152.176 142.018 108.668 33.3498 25.9281 71.8873 36.7806
internal_count=619 578 443 135 105 292 151
is_linear=0
shrinkage=0.03


Tree=15
num_leaves=13
num_cat=0
split_feature=38 3 10 36 10 36 37 35 40 13 16 6
split_gain=15.5318 11.6976 9.75804 9.42394 11.2457 7.05577 6.78466 5.96835 5.43721 4.79516 3.0821 0.235723
threshold=0.01074305306165734 -0.0081356446215027894 0.012342533695695492 0.0049597557690506501 0.022027323952252823 0.0076866228642947778 0.011909668693732224 0.048026981734366044 -0.0093800930262789 1.3762147179998403 -6.8541321965333095 0.013789237877458976
decision_type=2 2 2 2 2 2 2 2 2 2 2 2
left_child=1 6 5 4 -3 8 7 -1 -2 -5 -8 -4
right_child=2 3 11 9 -6 -7 10 -9 -10 -11 -12 -13
leaf_value=0.02807127095778654 -0.02014028829483237 0.020237351521786167 0.037776625899614502 -0.010160782850959397 -0.018168410829120771 0.023758913641027054 -0.017056236164938291 -0.0021833304850374167 0.0079310866943107152 -0.03234175750201574 0.00385380905983944 0.014717223262395197
leaf_weight=14.108473598957064 10.339928075671198 12.384948238730432 10.187529876828195 24.573782175779343 11.003422573208807 8.1682077944278699 8.8201631009578723 7.4459256976842871 9.9503742456436175 19.042433381080627 12.047727555036543 7.452418625354766
leaf_count=57 42 50 41 101 45 33 36 30 40 79 49 30
internal_value=0.000589126 -0.00547041 0.0149142 -0.0131976 0.00157008 0.00288377 0.00644154 0.0176851 -0.00622469 -0.021167 -0.00504699 0.0312891
internal_weight=155.525 109.427 46.0985 67.0046 23.3884 28.4585 42.4223 21.5544 20.2903 43.6162 20.8679 17.6399
internal_count=633 447 186 275 95 115 172 87 82 180 85 71
is_linear=0
shrinkage=0.03


Tree=16
num_leaves=9
num_cat=0
split_feature=21 3 35 14 36 32 15 26
split_gain=19.2532 14.3509 7.70821 8.51843 9.75506 7.13707 3.75526 3.54056
threshold=0.015849725371442493 -0.027618829205285019 -0.051865487685470106 64.813486427422973 0.0049452748353441744 0.0076148181282655889 -7.4073494052776203 0.23354978354978359
decision_type=2 2 2 2 2 2 2 2
left_child=1 -1 -2 4 -4 6 -3 -5
right_child=2 5 3 7 -6 -7 -8 -9
leaf_value=0.020873339324085902 0.029664161515510871 -0.0029400548713031179 0.027215335922785907 0.00011454822751573854 0.0019701661992925206 0.0015336818907823735 -0.027669537346521559 -0.025598824949977558
leaf_weight=8.1873496621847135 12.584404289722441 8.81242987513542 18.811567097902298 7.3815155923366529 46.266815796494484 11.914230674505232 33.750977843999863 7.6125670075416565
leaf_count=33 51 36 76 30 188 49 139 31
internal_value=0.000585473 -0.0119387 0.0092875 0.00525745 0.010085 -0.0177001 -0.0232478 -0.0135339
internal_weight=155.322 62.665 92.6569 80.0725 65.0784 54.4776 42.5634 14.9941
internal_count=633 257 376 325 264 224 175 61
is_linear=0
shrinkage=0.03


Tree=17
num_leaves=13
num_cat=0
split_feature=38 3 10 36 4 12 10 10 13 40 38 6
split_gain=14.2698 10.8124 9.17455 8.82919 11.0195 8.68865 5.87213 4.92886 4.69352 2.67437 1.0147 0.260328
threshold=0.01074305306165734 -0.0081356446215027894 0.012342533695695492 0.0049597557690506501 0.026109570792618556 41.873711805324703 -0.012075625525987508 0.0052224137332591578 1.3762147179998403 0.0068424973586019852 0.011856757862080571 0.013789237877458976
decision_type=2 2 2 2 2 2 2 2 2 2 2 2
left_child=1 6 5 4 -3 10 9 -8 -5 -1 -2 -4
right_child=2 3 11 8 -6 -7 7 -9 -10 -11 -12 -13
leaf_value=0.029462834429207305 0.024445392985772529 0.023222116032805936 0.036588731079846566 -0.0095895154046659291 -0.014995386063375034 -0.013653725386455677 -0.016119877138353521 0.0084407388007607612 -0.031498045225224806 0.0036653434468157304 0.0045755214573655724 0.014036659181376018
leaf_weight=8.4438058733940142 7.9442174881696719 10.179740473628046 10.155769795179369 24.482105433940887 13.179288938641546 13.057022348046301 11.538815200328829 13.561006829142569 18.895763665437698 8.8724066913127881 7.4072027951478958 7.4476528465747824
leaf_count=34 32 41 41 101 54 53 47 55 79 36 30 30
internal_value=0.000583322 -0.00522927 0.0143283 -0.0126847 0.00158602 0.00264889 0.00620626 -0.00265307 -0.0204312 0.0187695 0.017355 0.0302181
internal_weight=155.165 109.153 46.0119 66.7369 23.359 28.4084 42.416 25.0998 43.3779 17.3162 15.3514 17.6034
internal_count=633 447 186 275 95 115 172 102 180 70 62 71
is_linear=0
shrinkage=0.03


Tree=18
num_leaves=8
num_cat=0
split_feature=20 36 9 18 28 36 15
split_gain=10.1388 11.9577 10.4784 9.61718 7.49711 2.57862 1.4903
threshold=0.019119565088181498 0.0088352077389240637 -0.0076112507532507994 0.20602966113312068 9.5000000000000018 0.0070624294123895282 17.209731761856521
decision_type=2 2 2 2 2 2 2
left_child=2 3 -1 5 -5 -2 -4
right_child=1 -3 6 4 -6 -7 -8
leaf_value=0.0069441817619023648 0.027954446904430399 0.034854621556897711 -0.033509109207488119 -0.0077604582092561424 0.010154376584499806 0.0026323606872261057 -0.0095943457287413856
leaf_weight=11.764572724699976 11.692165568470957 8.8055516183376294 11.989351645112039 67.491747796535492 27.765696167945862 7.4631589502096167 7.9854537248611441
leaf_count=48 47 36 50 276 113 30 33
internal_value=0.000594199 0.00460999 -0.0139004 0.0015946 -0.00228297 0.0199792 -0.0263745
internal_weight=154.958 123.218 31.7394 114.413 95.2574 19.1553 19.9748
internal_count=633 502 131 466 389 77 83
is_linear=0
shrinkage=0.03


Tree=19
num_leaves=10
num_cat=0
split_feature=19 7 6 24 23 20 26 19 3
split_gain=12.5807 8.20133 6.33969 6.24044 5.37166 4.92009 4.81081 2.7734 1.63979
threshold=0.16281398070215028 -0.013267319958526013 0.0155226731484959 -0.36072289156626497 1.2200693148850184 0.022054380269339095 0.31791443850267381 0.099984130158126641 -0.035749081989648872
decision_type=2 2 2 2 2 2 2 2 2
left_child=1 3 6 8 5 -3 -2 -5 -1
right_child=2 4 -4 7 -6 -7 -8 -9 -10
leaf_value=0.003352014773176995 0.035776199046359224 -0.017443634088789826 -0.0025521486266374561 0.028075894231294477 0.0096546285786948977 -0.0017187879111494335 0.0051324727126437269 0.002212938140803253 -0.013630909984743958
leaf_weight=7.4507956951856613 13.092856049537664 45.977246403694153 9.0847785472869855 10.870933294296266 10.45521831512451 32.985935121774673 9.5964942127466184 7.6888085454702368 7.6197991073131544
leaf_count=30 53 190 37 44 43 135 39 31 31
internal_value=0.000591556 -0.00370595 0.0169122 0.00837366 -0.00849698 -0.0112648 0.0248886 0.0193487 -0.00494695
internal_weight=154.823 123.049 31.7741 33.6303 89.4184 78.9632 22.6894 18.5597 15.0706
internal_count=633 504 129 136 368 325 92 75 61
is_linear=0
shrinkage=0.03


Tree=20
num_leaves=8
num_cat=0
split_feature=11 20 21 37 41 14 21
split_gain=11.1606 12.9668 8.43007 8.1797 7.46009 6.25921 5.79403
threshold=-0.0014317450357229087 0.032707437100920202 0.012589911165141502 0.060507715930936075 1.0000000180025095e-35 -25.452850501274721 0.015320748777013277
decision_type=2 2 2 2 2 2 2
left_child=4 2 -2 -4 -1 -6 -7
right_child=1 -3 3 -5 5 6 -8
leaf_value=0.025748067670337688 -0.037190110712834776 0.019488485219290207 -0.0036582345665789702 -0.031489814955146023 -0.014873885686416715 -0.0010192363441049587 0.022743052170711115
leaf_weight=14.287886306643484 9.0868489891290647 11.321662753820418 66.70983949303627 9.6625278890132886 12.268537074327467 20.599696397781372 13.065710067749022
leaf_count=58 38 46 273 40 50 85 53
internal_value=-0.00163237 -0.00796014 -0.0121306 -0.00808458 0.00822475 0.00161425 0.00854065
internal_weight=157.003 96.7809 85.4592 76.3724 60.2218 45.9339 33.6654
internal_count=643 397 351 313 246 188 138
is_linear=0
shrinkage=0.03


Tree=21
num_leaves=10
num_cat=0
split_feature=38 16 3 36 11 32 3 37 3
split_gain=14.8285 9.28369 7.58743 6.95634 11.2867 8.9961 6.70854 3.39518 0.564269
threshold=0.011028996609989928 -6.3945673184880247 -0.0289874840293563 0.0049452748353441744 0.043315075043198988 -0.0090550904898840084 0.027787643430255419 0.0053298383682746095 1.0000000180025095e-35
decision_type=2 2 2 2 2 2 2 2 2
left_child=2 -2 7 4 -4 -5 8 -1 -3
right_child=1 6 3 5 -6 -7 -8 -9 -10
leaf_value=0.01725657573053694 -0.0068875472847221789 0.016181662606048957 0.015763780973446037 0.010788601675851099 -0.019642324162090077 -0.020248617641414609 0.0020311149984157087 -0.0052172478143675018 0.041063120489185381
leaf_weight=12.698458150029184 12.335589811205862 8.391948297619825 17.701140686869625 7.8236951082944861 11.6974910646677 57.812362432479858 11.374532043933867 7.6632910519838324 9.3315129578113538
leaf_count=51 50 34 72 32 48 241 46 31 38
internal_value=-0.00159602 0.0132822 -0.00720116 -0.0108066 0.000844429 -0.0161176 0.0222082 0.00841747 0.0328779
internal_weight=156.83 41.4336 115.396 95.0347 29.3986 65.6361 29.098 20.3617 17.7235
internal_count=643 168 475 393 120 273 118 82 72
is_linear=0
shrinkage=0.03


Tree=22
num_leaves=10
num_cat=0
split_feature=38 16 3 36 11 32 3 37 3
split_gain=14.0861 8.86709 7.17345 6.57145 10.71 8.56594 6.40187 3.23084 0.536004
threshold=0.011028996609989928 -6.3945673184880247 -0.0289874840293563 0.0049452748353441744 0.043315075043198988 -0.0090550904898840084 0.027787643430255419 0.0053298383682746095 1.0000000180025095e-35
decision_type=2 2 2 2 2 2 2 2 2
left_child=2 -2 7 4 -4 -5 8 -1 -3
right_child=1 6 3 5 -6 -7 -8 -9 -10
leaf_value=0.01680588740314513 -0.0067101507773324803 0.015789176433292682 0.015316350747405625 0.010519515707793081 -0.019188297695883458 -0.019736180092819428 0.0019793826423553621 -0.0050949581526468848 0.040204902837538976
leaf_weight=12.701410859823229 12.334740772843359 8.392246559262281 17.729668766260151 7.8341061919927588 11.66289374232292 57.589355647563934 11.373939260840414 7.6598640978336325 9.2881212532520276
leaf_count=51 50 34 72 32 48 241 46 31 38
internal_value=-0.00152326 0.0129804 -0.00699576 -0.0105106 0.000796968 -0.0156862 0.0217166 0.00817725 0.0321601
internal_weight=156.566 41.389 115.177 94.816 29.3926 65.4235 29.0543 20.3613 17.6804
internal_count=643 168 475 393 120 273 118 82 72
is_linear=0
shrinkage=0.03


Tree=23
num_leaves=9
num_cat=0
split_feature=11 21 28 41 36 18 14 34
split_gain=10.2564 11.2222 7.28509 6.74612 7.07855 8.62658 5.89009 5.44942
threshold=-0.0014317450357229087 0.012589911165141502 8.5000000000000018 1.0000000180025095e-35 0.0049597557690506501 0.20602966113312068 66.501650493380126 0.024396315883857048
decision_type=2 2 2 2 2 2 2 2
left_child=3 -2 6 -1 -5 -6 -3 -4
right_child=1 2 7 4 5 -7 -8 -9
leaf_value=0.024708076506306003 -0.036331385770780038 -0.004622595699359933 0.014342519635236781 0.019848093037473754 0.019395736078451124 -0.013523880723420688 -0.029130413187024817 -0.011542660665456377
leaf_weight=14.230456084012983 8.9790728688240034 45.282309129834175 24.01430577039719 12.094906762242315 7.4278501868247977 26.268829166889191 10.122869476675985 7.8637943118810645
leaf_count=58 38 187 98 49 30 109 42 32
internal_value=-0.0014531 -0.0075445 -0.0036676 0.00800258 0.00168048 -0.00516698 -0.0102205 0.00720986
internal_weight=156.284 96.2624 87.2833 60.022 45.7916 33.6967 55.4052 31.8781
internal_count=643 397 359 246 188 139 229 130
is_linear=0
shrinkage=0.03


Tree=24
num_leaves=9
num_cat=0
split_feature=11 20 20 15 41 15 23 17
split_gain=9.80008 11.7296 7.45475 8.52345 6.37897 4.60577 5.96772 1.19639
threshold=-0.0014317450357229087 0.032707437100920202 0.019153819380321128 63.488002575362202 1.0000000180025095e-35 -20.82714428189005 0.85558438758562294 -1.3744398334916921
decision_type=2 2 2 2 2 2 2 2
left_child=4 2 7 -4 -1 -6 -7 -2
right_child=1 -3 3 -5 5 6 -8 -9
leaf_value=0.02408159531585977 -0.0098585009318509255 0.018738354433528736 0.00011598257266595475 -0.023877241998204918 -0.011017847448821842 0.028652871328910635 0 -0.033701173346006717
leaf_weight=14.214899629354475 7.2618256062269237 11.277867451310156 50.12445467710495 15.566755056381224 14.446049869060515 7.3202718794345882 23.988096565008163 11.892811268568037
leaf_count=58 30 46 206 64 59 30 99 51
internal_value=-0.00141812 -0.00737953 -0.0113755 -0.00588555 0.00782502 0.00166332 0.00827512 -0.0271577
internal_weight=156.093 96.1237 84.8458 65.6912 59.9693 45.7544 31.3084 19.1546
internal_count=643 397 351 270 246 188 129 81
is_linear=0
shrinkage=0.03


Tree=25
num_leaves=11
num_cat=0
split_feature=38 6 36 5 38 32 4 5 5 36
split_gain=10.2101 8.24145 7.15565 6.79009 6.40733 5.06564 4.75728 4.47801 3.43279 1.08936
threshold=0.011028996609989928 0.014450968865589673 0.0070236337398084372 0.0055133884700603328 0.0099088576295996086 -0.0084535570049077396 -0.030544369871476292 0.074552039068168111 0.034990528140633421 0.0074039752465433857
decision_type=2 2 2 2 2 2 2 2 2 2
left_child=2 5 3 4 -1 -2 -4 -8 -5 -7
right_child=1 -3 6 8 -6 9 7 -9 -10 -11
leaf_value=0.019003311522695781 0 -0.0057575078418174736 0.0021225624551523296 -0.017512299007346438 -0.008178659307184805 0.036653232528673925 -0.028631844297568092 0 -0.00024601337340001257 0.012849737365455714
leaf_weight=23.516336858272552 7.6188562512397793 12.323324009776114 8.7242432832717878 14.464013472199438 8.9950181394815427 11.340968489646913 18.359197691082958 7.2107455283403388 33.145654529333115 8.5510032624006254
leaf_count=96 31 50 36 60 37 46 77 30 137 35
internal_value=0.000308194 0.0131037 -0.00416634 0.000645406 0.01101 0.0218783 -0.0152373 -0.0214288 -0.00628847 0.0292147
internal_weight=154.249 39.8342 114.415 80.121 32.5114 27.5108 34.2942 25.5699 47.6097 19.892
internal_count=635 162 473 330 133 112 143 107 197 81
is_linear=0
shrinkage=0.03


Tree=26
num_leaves=8
num_cat=0
split_feature=38 6 3 16 23 3 9
split_gain=9.72 7.86116 6.77956 6.20118 4.48139 5.77499 1.5448
threshold=0.011028996609989928 0.014450968865589673 0.04037267474276441 -3.3254474512760974 1.2639090466816207 0.025184318307125645 0.078340375644993535
decision_type=2 2 2 2 2 2 2
left_child=2 3 4 -2 5 -1 -4
right_child=1 -3 6 -5 -6 -7 -8
leaf_value=-0.0059209344344533631 0.0032160586701930377 -0.0056086774552635329 -0.0057677708074935705 0.033220238171906231 0.018372315001914177 0.015704064862019501 -0.028388841990784348
leaf_weight=78.663653030991554 12.356502041220665 12.323885664343832 7.8952859193086651 15.11981001496315 7.8361802697181693 10.687241166830061 9.2196404337882978
leaf_count=325 50 50 33 62 32 44 39
internal_value=0.000296739 0.0127884 -0.00406903 0.0213695 -0.00068204 -0.00288298 -0.0204336
internal_weight=154.102 39.8002 114.302 27.4763 97.1871 89.3509 17.1149
internal_count=635 162 473 112 401 369 72
is_linear=0
shrinkage=0.03


Tree=27
num_leaves=8
num_cat=0
split_feature=19 7 11 14 40 18 9
split_gain=10.569 8.5731 6.63147 9.89544 5.95818 4.80077 2.38196
threshold=0.18799189997489055 0.028521320672489612 -0.0010221543839278866 20.356816596999924 0.051935666033145929 0.19621233602428359 0.063381742154738019
decision_type=2 2 2 2 2 2 2
left_child=1 2 5 -4 -2 -1 -3
right_child=4 6 3 -5 -6 -7 -8
leaf_value=0.026210965404173447 0.029502794679920775 -0.0046622392891683935 -0.01846835517457663 0.0036707089578634144 -0.0010677596541497699 0.0029442662585278064 -0.029315528700050993
leaf_weight=9.6736465543508512 13.850143715739252 8.4904474616050738 28.130269184708595 42.47313828766346 7.351768657565116 33.520168095827103 10.454795181751249
leaf_count=39 57 35 117 175 30 138 44
internal_value=0.000294721 -0.00283265 0.000279366 -0.00520924 0.0190777 0.0094163 -0.0204833
internal_weight=153.944 132.742 113.797 70.6034 21.2019 43.1938 18.9452
internal_count=635 548 469 292 87 177 79
is_linear=0
shrinkage=0.03


Tree=28
num_leaves=9
num_cat=0
split_feature=38 6 3 16 22 34 3 11
split_gain=8.93531 7.40428 6.31413 5.85606 4.39793 5.35575 5.09896 1.99951
threshold=0.011028996609989928 0.014450968865589673 0.04037267474276441 -3.3254474512760974 -0.22580259703866115 -0.00039914322828238363 0.025184318307125645 0.024336828335055131
decision_type=2 2 2 2 2 2 2 2
left_child=2 3 4 -2 5 -1 -6 -4
right_child=1 -3 7 -5 6 -7 -8 -9
leaf_value=0.0029516071206309069 0.0029926224367488783 -0.0055395248865898429 -0.0062383999382357247 0.032199334309916769 -0.00030916453564744671 -0.025621951195452609 0.021677170349954748 -0.030379497507596585
leaf_weight=8.8875631988048571 12.340166822075844 12.306536957621573 9.5024373233318347 15.031495273113251 68.879491344094276 10.545493260025976 8.7876036465167982 7.4901595562696448
leaf_count=37 50 50 40 62 284 44 36 32
internal_value=0.000286511 0.0122862 -0.00389719 0.0206429 -0.000629393 -0.0127982 0.00247193 -0.0197479
internal_weight=153.771 39.6782 114.093 27.3717 97.1002 19.4331 77.6671 16.9926
internal_count=635 162 473 112 401 81 320 72
is_linear=0
shrinkage=0.03


Tree=29
num_leaves=8
num_cat=0
split_feature=19 7 11 15 40 7 9
split_gain=9.91402 7.91204 6.22921 11.4256 5.6049 4.65091 2.26546
threshold=0.18799189997489055 0.028521320672489612 -0.0010221543839278866 30.412423599611831 0.051935666033145929 -0.010194225619721348 0.063381742154738019
decision_type=2 2 2 2 2 2 2
left_child=1 2 5 -4 -2 -1 -3
right_child=4 6 3 -5 -6 -7 -8
leaf_value=0.021773252325326897 0.028653159872942674 -0.0043538198585089827 -0.01822324141361804 0.0053032201137968582 -0.00098833477600107655 0.0011012731510275044 -0.028420668205518675
leaf_weight=14.615693524479864 13.769950598478319 8.4744838029146212 31.135252147912979 39.35293248295784 7.3425012081861487 28.568849310278893 10.352297842502592
leaf_count=59 57 35 130 162 30 118 44
internal_value=0.0002691 -0.00275652 0.000224032 -0.00509777 0.0185019 0.00908369 -0.0197661
internal_weight=153.612 132.5 113.673 70.4882 21.1125 43.1845 18.8268
internal_count=635 548 469 292 87 177 79
is_linear=0
shrinkage=0.03


Tree=30
num_leaves=9
num_cat=0
split_feature=38 16 38 40 16 23 40 10
split_gain=13.3727 11.6829 6.58873 6.2532 8.96691 4.64081 3.17009 2.2176
threshold=0.01065014417841669 -6.0524310396444614 0.010007311911089684 0.060229482967975041 -10.684697113128694 0.96605630662899677 -0.020121299621168372 -0.032810941043771018
decision_type=2 2 2 2 2 2 2 2
left_child=2 7 3 4 -1 -5 -3 -2
right_child=1 6 -4 5 -6 -7 -8 -9
leaf_value=0.023780247737680713 0.0036131948729013078 0.007015379266326888 -0.023754767372382316 0 -0.0026708989040174535 -0.029076703282162508 0.031120425097671781 -0.015528427374181752
leaf_weight=12.039368659257887 8.827615290880205 10.448979347944261 12.71885773539543 7.9687426835298565 60.26458266377449 9.5701456218957883 20.440538346767426 7.8720350712537757
leaf_count=49 36 43 53 33 251 41 84 32
internal_value=0.000943093 0.0138441 -0.0050499 -0.00177894 0.00205315 -0.0169375 0.0243449 -0.00530357
internal_weight=150.151 47.5892 102.562 89.8428 72.304 17.5389 30.8895 16.6997
internal_count=622 195 427 374 300 74 127 68
is_linear=0
shrinkage=0.03


Tree=31
num_leaves=9
num_cat=0
split_feature=38 28 8 28 9 28 21 15
split_gain=12.6932 8.0115 5.91601 7.03777 8.5332 6.59174 5.55242 4.32693
threshold=0.01074305306165734 3.5000000000000004 -0.043749940562815191 6.5000000000000009 0.0075720639844861709 10.500000000000002 0.0170824811566616 56.125354216708836
decision_type=2 2 2 2 2 2 2 2
left_child=2 -2 -1 4 -4 -5 -3 -8
right_child=1 6 3 5 -6 -7 7 -9
leaf_value=0.01704814503682367 -0.010409925365668132 -0.0015834979338521205 0.019987306811084973 -0.025024510420194563 -0.0065589161369992554 -0.0016165309041408398 0.032002728777687457 0.0040530659035154307
leaf_weight=7.9405924677848807 7.941254884004592 7.3892485052347174 13.024321496486662 25.199545502662659 37.331833973526955 20.90040822327137 21.402309924364094 8.8183042556047422
leaf_count=32 32 30 54 105 157 87 89 36
internal_value=0.000911794 0.0138678 -0.0047547 -0.00701178 0.00052184 -0.0152323 0.0196395 0.0250704
internal_weight=149.948 45.5511 104.397 96.4561 50.3562 46.1 37.6099 30.2206
internal_count=622 187 435 403 211 192 155 125
is_linear=0
shrinkage=0.03


Tree=32
num_leaves=9
num_cat=0
split_feature=41 36 25 16 23 20 36 26
split_gain=9.85564 10.488 7.88606 7.76634 6.16226 5.32974 6.93953 3.8811
threshold=1.0000000180025095e-35 0.007036075324096564 0.50895426926766885 3.4088134272995654 0.85819709165739544 0.032707437100920202 0.0076243293797604106 0.4006802721088436
decision_type=2 2 2 2 2 2 2 2
left_child=5 2 4 7 -2 6 -1 -3
right_child=1 3 -4 -5 -6 -7 -8 -9
leaf_value=-0.010516121800434297 0.02022820076886914 -0.030265620625515556 -0.018623900921967213 0.007107489709276207 0.00065340236506050806 0.032277207107898241 0.019397773172089593 -0.0021075561022446112
leaf_weight=10.690144285559656 19.229904055595398 19.797592446208004 11.03380937874317 7.8541043847799292 51.395468771457672 9.3609689474105817 12.941167175769804 7.4114060252904883
leaf_count=44 79 83 46 33 213 39 54 31
internal_value=0.000890824 -0.00314114 0.00264874 -0.0164453 0.00660006 0.0149483 0.00551569 -0.0237787
internal_weight=149.715 116.722 81.6592 35.0631 70.6254 32.9923 23.6313 27.209
internal_count=622 485 338 147 292 137 98 114
is_linear=0
shrinkage=0.03


Tree=33
num_leaves=9
num_cat=0
split_feature=38 18 38 18 38 37 19 6
split_gain=11.759 7.18336 6.18851 7.26413 5.51693 3.70667 4.83214 2.08908
threshold=0.01065014417841669 0.70931102781557631 0.010007311911089684 0.14238095493197769 0.0093106049949179589 0.017018739364093264 0.13406195435314758 0.014450968865589673
decision_type=2 2 2 2 2 2 2 2
left_child=2 5 3 -1 -5 6 -2 -3
right_child=1 7 -4 4 -6 -7 -8 -9
leaf_value=0.022209671576305549 -0.0014717767518741167 0.038789471569782019 -0.022924849758905814 -0.0082423818765658182 0.011271511425999461 -0.012008081748335413 0.023596700858890689 0.010474028015344455
leaf_weight=8.1299120336770994 13.520027473568922 8.0970275104045886 12.63142980635166 67.837248012423515 13.652871131896971 7.6077979654073706 9.9583591818809492 8.1349287629127485
leaf_count=33 55 34 53 285 56 31 42 33
internal_value=0.00087182 0.013013 -0.00474463 -0.00157402 -0.00460167 0.00344448 0.00958992 0.0281271
internal_weight=149.57 47.3181 102.251 89.62 81.4901 31.0862 23.4784 16.232
internal_count=622 195 427 374 341 128 97 67
is_linear=0
shrinkage=0.03


Tree=34
num_leaves=10
num_cat=0
split_feature=41 36 14 23 7 28 6 36 37
split_gain=9.09131 9.86637 6.43775 7.56559 6.12041 5.91751 3.55242 4.26334 2.62758
threshold=1.0000000180025095e-35 0.007036075324096564 64.813486427422973 0.92045806691407639 0.009407247287196727 9.5000000000000018 0.012912130300132165 0.0069045371770665182 0.0064353997501002133
decision_type=2 2 2 2 2 2 2 2 2
left_child=6 2 3 -2 8 -4 7 -1 -3
right_child=1 4 5 -5 -6 -7 -8 -9 -10
leaf_value=0.001042439902327056 0.018925536058335631 -0.0059142330955970854 -0.026119598464050518 -0.0011782126932490542 0.0017553098083774596 0.0055367099804207627 0 0.029777861133447419 -0.030722032681727691
leaf_weight=8.3262072056531924 26.27009317278862 8.4929946213960665 9.7644967436790484 38.034753456711769 10.567965909838675 7.4707266539335242 10.465633049607275 14.075673267245291 15.845877274870871
leaf_count=34 108 35 41 158 45 31 44 59 67
internal_value=0.000871674 -0.00299923 0.00260965 0.00713156 -0.015939 -0.0124692 0.0144015 0.0206731 -0.0237413
internal_weight=149.314 116.447 81.5401 64.3048 34.9068 17.2352 32.8675 22.4019 24.3389
internal_count=622 485 338 266 147 72 137 93 102
is_linear=0
shrinkage=0.03


Tree=35
num_leaves=7
num_cat=0
split_feature=38 21 15 13 19 2
split_gain=9.18311 5.26144 10.1332 6.20796 5.77722 2.37423
threshold=0.014271091893598563 0.011631133411509507 -6.2501029357060904 4.2479623442975489 0.096756200910757414 -0.0066507687670025453
decision_type=2 2 2 2 2 2
left_child=1 2 -1 4 -3 -5
right_child=-2 3 -4 5 -6 -7
leaf_value=0.0062960656131792287 0.024628714912601653 0.012601173299092968 -0.037311517412172208 0.0013311156167637003 -0.0019072926910291481 -0.015224955279570605
leaf_weight=7.3600993305444717 11.021085381507872 40.847855404019356 7.9591681510210019 8.5230873227119428 53.927193135023117 23.507230937480927
leaf_count=30 47 169 34 35 224 99
internal_value=0.000431578 -0.00165645 -0.0171866 0.000341016 0.00432202 -0.0105594
internal_weight=153.146 142.125 15.3193 126.805 94.775 32.0303
internal_count=638 591 64 527 393 134
is_linear=0
shrinkage=0.03


Tree=36
num_leaves=12
num_cat=0
split_feature=37 36 4 28 28 21 15 20 15 28 34
split_gain=8.16616 6.56948 8.23436 7.74987 7.72449 6.46748 7.33221 4.90429 3.86848 3.5123 1.79919
threshold=-0.0020099661699320977 0.0064093759167840646 0.046372525113060566 9.5000000000000018 2.5000000000000004 0.011631133411509507 0.5343141479833069 0.023806215093041112 59.929719452169685 7.5000000000000009 0.01102276340830899
decision_type=2 2 2 2 2 2 2 2 2 2 2
left_child=5 3 8 4 -2 -1 10 -5 -3 -8 -7
right_child=1 2 -4 7 -6 6 9 -9 -10 -11 -12
leaf_value=-0.011812952525343203 0.013113853802834304 -0.025028298986131126 0.010080158491567799 0.029678644689701415 -0.012614810606784951 0.034553777442072407 -0.010701024281753459 0 0 0.01383363396276654 0.011597031888889397
leaf_weight=7.4561650902032843 12.813111186027525 25.72806316614151 8.6594569981098157 9.9410122334957141 32.395606219768524 11.795987457036974 9.7259374260902423 8.5564121305942518 7.204039439558982 7.5015837699174872 11.222970142960547
leaf_count=31 53 109 36 41 135 50 40 36 30 31 46
internal_value=0.000415025 -0.00414714 -0.0131691 0.00173625 -0.00475838 0.0105489 0.0154099 0.0172568 -0.0199389 0 0.0257825
internal_weight=153 105.298 41.5916 63.7061 45.2087 47.7026 40.2465 18.4974 32.9321 17.2275 23.019
internal_count=638 440 175 265 188 198 167 77 139 71 96
is_linear=0
shrinkage=0.03


Tree=37
num_leaves=9
num_cat=0
split_feature=38 13 16 38 18 5 38 33
split_gain=8.39425 4.90108 5.37254 5.91949 5.63877 3.716 3.98525 2.65339
threshold=0.014271091893598563 2.9846540015631473 -0.3204327771241377 0.0093559764134423674 0.18641323940823259 0.015562076092587198 0.0096157730104344096 0.90149819604965464
decision_type=2 2 2 2 2 2 2 2
left_child=1 2 4 -4 -1 6 -3 -7
right_child=-2 5 3 -5 -6 7 -8 -9
leaf_value=0.0076280282450828796 0.02368565017229823 0.0092468932502101989 0 0.021677727526022463 -0.011687402646441856 -0.025890341920061861 -0.013743357017906891 -0.0016862495655934025
leaf_weight=19.630707964301109 10.892036661505697 13.086718663573267 26.606299847364426 18.515811637043953 32.926199585199356 12.957440093159677 10.195732131600378 7.9453621208667746
leaf_count=80 47 55 111 77 137 55 42 34
internal_value=0.000425616 -0.00156043 0.00208308 0.0095674 -0.00418273 -0.0096812 -0.000518345 -0.0182957
internal_weight=152.756 141.864 97.679 45.1221 52.5569 44.1853 23.2825 20.9028
internal_count=638 591 405 188 217 186 97 89
is_linear=0
shrinkage=0.03


Tree=38
num_leaves=8
num_cat=0
split_feature=38 37 32 10 38 5 2
split_gain=8.02054 5.89667 5.20934 4.40058 5.42222 5.09363 2.21798
threshold=0.014373774980379292 0.039387623418046365 -0.0040182928010732413 0.0067343697955033486 0.0093106049949179589 0.01326616480780163 0.015935350358938009
decision_type=2 2 2 2 2 2 2
left_child=1 3 -3 5 -5 -1 -4
right_child=-2 2 6 4 -6 -7 -8
leaf_value=0.0010775216323282498 0.023935843529622018 0.0052057086891616382 -0.02509011084581288 -0.00036889083447966167 0.020046691338941255 -0.020030916497954063 -0.0051544895055908296
leaf_weight=52.349199250340462 10.109510481357573 10.151105493307112 15.666128993034365 21.915394678711891 19.992251321673393 10.459418073296545 11.916542708873747
leaf_count=216 44 42 67 91 83 44 51
internal_value=0.000415162 -0.00145853 -0.0113687 0.00211813 0.00949834 -0.00271586 -0.0179151
internal_weight=152.56 142.45 37.7338 104.716 41.9076 62.8086 27.5827
internal_count=638 594 160 434 174 260 118
is_linear=0
shrinkage=0.03


Tree=39
num_leaves=9
num_cat=0
split_feature=38 13 16 38 36 25 22 10
split_gain=7.6664 4.95384 5.99878 6.60081 4.78827 4.51978 4.4066 3.35416
threshold=0.014373774980379292 1.1494647209143312 -0.3204327771241377 0.0093559764134423674 0.0066637042847446154 0.12841791679965955 0.10781928365974237 -0.012928578790416144
decision_type=2 2 2 2 2 2 2 2
left_child=1 2 6 -4 5 -3 -1 -6
right_child=-2 4 3 -5 7 -7 -8 -9
leaf_value=-0.011132057421066873 0.023462271340098581 0.014503957225207611 0 0.024177019257007538 -0.00063154017905004073 -0.0079438299917316251 0.006621807610997588 -0.027863371286421544
leaf_weight=29.538299351930618 10.045500680804251 9.3919653296470624 23.018432840704918 17.228006094694138 7.3944322168827084 24.994962990283966 18.155534729361534 12.578887194395064
leaf_count=122 44 39 96 72 31 105 75 54
internal_value=0.0004001 -0.00142661 0.00284082 0.0111991 -0.00845214 -0.000940305 -0.00407737 -0.0194395
internal_weight=152.346 142.301 87.9403 40.2464 54.3602 34.3869 47.6938 19.9733
internal_count=638 594 365 168 229 144 197 85
is_linear=0
shrinkage=0.03


Tree=40
num_leaves=10
num_cat=0
split_feature=21 14 36 34 3 14 14 26 1
split_gain=7.72507 9.27681 11.6359 7.9232 7.51269 6.94639 10.4413 5.56338 0.858153
threshold=0.015320748777013277 61.52276502407927 0.0049452748353441744 -0.033177908022588513 -0.023298847271449982 29.215796644191759 -7.1055148768652989 0.19890109890109894 0.012232269656222818
decision_type=2 2 2 2 2 2 2 2 2
left_child=4 2 8 -4 -1 6 -6 -3 -2
right_child=1 7 3 -5 5 -7 -8 -9 -10
leaf_value=0.016016059249714318 0.01650335879512204 0.0081613585852258492 0.024179375995162872 -0.0011863819184429712 0.0017505772447529357 0.0049718105464966892 -0.032273899396969848 -0.020957387422399412 0.041462084768141068
leaf_weight=7.5734393894672385 10.23529388010502 7.1307920664548901 11.858769118785856 50.032933443784714 11.289136394858359 11.896207451820372 19.980095922946933 13.845862984657286 7.6209490895271292
leaf_count=31 42 30 51 208 47 50 87 58 31
internal_value=0.00128971 0.00614872 0.0108773 0.0040438 -0.00793915 -0.0129973 -0.0201724 -0.0105572 0.0310143
internal_weight=151.463 100.725 79.7479 61.8917 50.7389 43.1654 31.2692 20.9767 17.8562
internal_count=635 420 332 259 215 184 134 88 73
is_linear=0
shrinkage=0.03


Tree=41
num_leaves=9
num_cat=0
split_feature=21 14 36 34 3 14 14 34
split_gain=7.31487 8.80486 11.0876 7.53429 7.1494 6.6259 10.0162 5.18122
threshold=0.015320748777013277 61.52276502407927 0.0049452748353441744 -0.033177908022588513 -0.023298847271449982 29.215796644191759 -7.1055148768652989 0.013065909420544643
decision_type=2 2 2 2 2 2 2 2
left_child=4 2 -2 -4 -1 6 -6 -3
right_child=1 7 3 -5 5 -7 -8 -9
leaf_value=0.015622796979888356 0.030273658703132422 0.0027172132245938687 0.023591132089863992 -0.0011522518416667118 0.0017055616368439892 0.0048402197863525783 -0.03163948385648517 -0.02438514883563983
leaf_weight=7.5813786238431922 17.861422583460808 11.193754702806475 11.839984551072119 50.028779193758965 11.292221426963804 11.907242700457571 19.811958387494091 9.7477247267961484
leaf_count=31 73 47 51 208 47 50 87 41
internal_value=0.00128381 0.00601148 0.0106182 0.00393856 -0.00770916 -0.0126664 -0.0197089 -0.0102705
internal_weight=151.264 100.672 79.7302 61.8688 50.5928 43.0114 31.1042 20.9415
internal_count=635 420 332 259 215 184 134 88
is_linear=0
shrinkage=0.03


Tree=42
num_leaves=8
num_cat=0
split_feature=38 2 34 34 23 28 40
split_gain=6.76062 6.07278 5.34538 5.10299 4.21181 5.40306 3.52474
threshold=0.017782938876266353 -0.0021595366833404568 0.038927536366978217 0.010103050245114488 0.89940452494004963 8.5000000000000018 0.015528697556480122
decision_type=2 2 2 2 2 2 2
left_child=1 2 3 -1 5 -3 -6
right_child=-2 4 -4 -5 6 -7 -8
leaf_value=0.0012207544270548864 0.026724066819254433 -0.0064677521203796917 -0.012500323227601341 0.019231305553519398 -0.00056777890487787208 0.018508764443959786 -0.01813544543239189
leaf_weight=33.873416677117348 6.8525071144103995 19.101262509822849 9.4610893875360471 25.45025871694088 18.822196573019028 10.112462818622587 27.385769918560982
leaf_count=140 31 80 39 106 79 42 118
internal_value=0.00126074 -0.000195667 0.00605257 0.00956722 -0.00609697 0.00232939 -0.0116111
internal_weight=151.059 144.206 68.7848 59.3237 75.4217 29.2137 46.208
internal_count=635 604 285 246 319 122 197
is_linear=0
shrinkage=0.03


Tree=43
num_leaves=9
num_cat=0
split_feature=21 9 15 3 14 9 15 12
split_gain=6.81797 8.68302 9.19398 6.67457 6.35555 9.71274 6.3336 6.08955
threshold=0.015320748777013277 0.098344632066397625 -22.18664367401065 -0.023298847271449982 29.215796644191759 0.0087436326711571102 54.955560686955906 37.286404492507337
decision_type=2 2 2 2 2 2 2 2
left_child=3 2 7 -1 5 -5 -4 -2
right_child=1 -3 6 4 -6 -7 -8 -9
leaf_value=0.015033350502950809 0.011503088057470622 -0.014569289934494403 0.019241839331475188 -0.0036959668886656712 0.0048262730280752364 -0.038110852743070342 -0.002978302570500419 -0.018889763390852753
leaf_weight=7.5915741920471183 7.4714201539754894 13.730187296867369 53.721338018774986 18.714362561702732 11.903714910149573 12.192542001605032 12.538435980677603 13.040416970849035
leaf_count=31 31 58 224 79 50 55 52 55
internal_value=0.00123209 0.00580033 0.00944809 -0.00746444 -0.0122816 -0.0192194 0.0148533 -0.00711445
internal_weight=150.904 100.502 86.7716 50.4022 42.8106 30.9069 66.2598 20.5118
internal_count=635 420 362 215 184 134 276 86
is_linear=0
shrinkage=0.03


Tree=44
num_leaves=8
num_cat=0
split_feature=38 36 3 38 15 21 10
split_gain=6.44054 7.48476 10.7691 6.72542 6.48634 9.34628 4.2573
threshold=0.017782938876266353 0.0049597557690506501 -0.0073515118166460605 0.011883443035612526 58.969472631358379 0.014153897437876956 0.030991574422769012
decision_type=2 2 2 2 2 2 2
left_child=1 4 3 -3 5 -1 -4
right_child=-2 2 6 -5 -6 -7 -8
leaf_value=-0.006088270796479436 0.026151194161891687 0.011554910011509323 -0.018459062715306757 -0.016550416781973151 -0.010844163771382712 0.026015758856551989 -0.00031772548881348165
leaf_weight=10.128800019621847 6.7744229882955542 37.000660717487335 39.406824856996536 7.3244402408599845 8.2448517084121686 23.182206362485886 18.678740933537483
leaf_count=42 31 153 171 30 35 95 78
internal_value=0.00117899 -0.000235545 -0.00468894 0.00607286 0.0101064 0.0160372 -0.0130797
internal_weight=150.741 143.967 102.411 44.3251 41.5559 33.311 58.0856
internal_count=635 604 432 183 172 137 249
is_linear=0
shrinkage=0.03


Tree=45
num_leaves=9
num_cat=0
split_feature=10 37 5 15 15 19 15 13
split_gain=10.9918 12.8028 9.88772 8.73882 11.4123 5.44558 5.71227 1.60475
threshold=0.012342533695695492 0.062755986090855545 0.015562076092587198 28.937510999064131 -0.6539299940728206 0.089923927496205189 54.317305430181982 0.45787513212122027
decision_type=2 2 2 2 2 2 2 2
left_child=2 5 3 4 -1 -2 -7 -4
right_child=1 -3 7 -5 -6 6 -8 -9
leaf_value=0.0023973944030103262 0.033478233394646333 -0.022804917215566281 -0.0084203694974474344 0.025338852413188558 -0.025193492699012904 0.017825107633883643 -0.0024385625125146622 -0.03407422221463656
leaf_weight=48.322949409484863 10.558820858597754 7.1845312714576712 7.2332321852445629 7.8799758106470099 16.193353980779648 27.253144174814224 19.115063101053238 9.1131844967603666
leaf_count=201 44 31 31 32 69 115 80 40
internal_value=0.000692015 0.010073 -0.00599258 -0.000771046 -0.0048516 0.0151102 0.00940597 -0.0256955
internal_weight=152.854 64.1116 88.7427 72.3963 64.5163 56.927 46.3682 16.3464
internal_count=643 270 373 302 270 239 195 71
is_linear=0
shrinkage=0.03


Tree=46
num_leaves=10
num_cat=0
split_feature=16 6 12 41 40 34 19 20 34
split_gain=7.7087 8.87322 7.21164 6.94185 5.13536 3.75409 4.07543 3.73847 1.16031
threshold=-6.6320391145654272 0.015245752831301598 28.053095431976882 1.0000000180025095e-35 -0.015340260331228593 -0.025440079092487352 0.10234963951307439 0.024646507701682151 0.0074667888597346197
decision_type=2 2 2 2 2 2 2 2 2
left_child=2 3 -1 -2 -5 -4 -7 8 -3
right_child=1 7 5 4 -6 6 -8 -9 -10
leaf_value=0.014045124354270624 0.028114791353231878 0.0087881043500253522 0.00027950115089599837 -0.012186144466312035 0.0092544458111780987 -0.0050815096656676457 -0.029255420444960975 -0.02021823268665511 -0.0058398971402339444
leaf_weight=7.7510215491056433 14.412149265408514 7.1628453135490435 9.8788070529699308 9.9148683249950391 54.088444083929062 13.963739246129991 15.808746054768561 11.78354439139366 7.962678849697113
leaf_count=32 61 30 42 41 228 59 66 50 34
internal_value=0.000659948 0.00525471 -0.00904508 0.0103872 0.00543717 -0.0143766 -0.0194232 -0.00886697 0.000428776
internal_weight=152.727 105.325 47.4023 78.4155 64.0033 39.6513 29.7725 26.9091 15.1255
internal_count=643 444 199 330 269 167 125 114 64
is_linear=0
shrinkage=0.03


Tree=47
num_leaves=11
num_cat=0
split_feature=10 37 9 15 9 25 24 37 37 15
split_gain=10.1077 12.0949 8.39448 5.94108 5.11514 7.72313 4.29356 3.64404 1.57031 0.837097
threshold=0.012342533695695492 0.062755986090855545 0.002101222608779122 34.500696460868092 0.093210524132312664 0.49399585921325057 0.55228758169934655 0.0064353997501002133 0.028046304698471806 7.7598189485549023
decision_type=2 2 2 2 2 2 2 2 2 2
left_child=2 4 6 9 5 -2 7 -1 -6 -4
right_child=1 -3 3 -5 8 -7 -8 -9 -10 -11
leaf_value=0.011533059841897333 0.026191095185325461 -0.022379195954274535 -0.010229815174938749 -0.00020117485641154708 0.0095464139720138549 -0.0048430162939047125 -0.015517813663019846 -0.0044585614900949618 -0.0069694455368258679 -0.033220879084238174
leaf_weight=28.711559310555458 32.647534281015396 7.146006077527999 6.8013408333063188 12.68188554048538 7.3815245926380184 7.4355730563402167 9.2086602896451932 18.890079006552696 9.4940096288919431 12.232927680015562
leaf_count=119 137 31 30 53 31 31 39 79 40 53
internal_value=0.000632716 0.00962917 -0.005785 -0.0176717 0.0145223 0.0201211 0.000971337 0.00496069 0 -0.0274726
internal_weight=152.631 64.1046 88.5265 31.7162 56.9586 40.0831 56.8103 47.6016 16.8755 19.0343
internal_count=643 270 373 136 239 168 237 198 71 83
is_linear=0
shrinkage=0.03


Tree=48
num_leaves=11
num_cat=0
split_feature=10 37 5 3 20 33 11 12 38 11
split_gain=9.56536 11.5068 9.36962 5.77012 6.56392 5.21872 4.39345 7.8761 3.23978 0.954113
threshold=0.012342533695695492 0.062755986090855545 0.015562076092587198 -0.027618829205285019 0.022817140642159062 0.42193278420825137 0.042487016548191765 70.258491303387473 0.0081154146115788063 0.029882060814123815
decision_type=2 2 2 2 2 2 2 2 2 2
left_child=2 6 3 4 -1 -5 7 -2 -8 -4
right_child=1 -3 9 5 -6 -7 8 -9 -10 -11
leaf_value=0.027265838175511817 0.031173263167273636 -0.021933410237779331 -0.0085304264176557162 -0.01453888655234638 -0.0020650947807759308 0.0044013552698128587 0.016295365050958206 0.0012604176406534938 -0.0054151188845674549 -0.031635570414311989
leaf_weight=9.8859717249870318 21.267328828573227 7.1136485189199439 6.6674987524747875 28.731965333223343 13.674241676926611 19.887926146388054 7.7048285454511669 13.921464785933493 14.070841431617735 9.5317763835191709
leaf_count=40 89 31 30 122 56 84 32 59 59 41
internal_value=0.000576854 0.00933155 -0.00567067 -0.000589913 0.0108259 -0.00662728 0.0141018 0.0204467 0.00236032 -0.0249324
internal_weight=152.457 64.0781 88.3794 72.1801 23.5602 48.6199 56.9645 35.1888 21.7757 16.1993
internal_count=643 270 373 302 96 206 239 148 91 71
is_linear=0
shrinkage=0.03


Tree=49
num_leaves=13
num_cat=0
split_feature=13 10 9 15 10 37 15 15 34 34 18 28
split_gain=9.37358 7.47418 5.82312 5.36507 5.22294 4.81203 4.23046 5.39571 2.85767 2.14508 2.13223 1.53277
threshold=3.2332986452836683 0.012342533695695492 0.093210524132312664 1.1023462195571223 -0.0058514125157105848 0.0049376330772438201 8.0195650812351449 -20.256634024746578 0.0099029970948658636 -0.0076138816404777146 0.62108729398546092 9.5000000000000018
decision_type=2 2 2 2 2 2 2 2 2 2 2 2
left_child=1 3 8 5 -5 -1 7 -2 -3 -4 -9 -8
right_child=6 2 9 4 -6 -7 11 10 -10 -11 -12 -13
leaf_value=0.014278689315433208 -0.017225903396686417 0.0090683255859094567 0.0086294211501409483 0.00063602442227866864 -0.024731972013859443 -0.0067340650870037575 -0.026074296808519082 0.018328088328110524 0.03004352524985934 -0.011778887978978435 -0.0011725931552200445 -0.00451836145271786
leaf_weight=21.842079982161522 9.8001357614994067 16.393897145986557 7.1787159442901611 13.104055151343347 11.689605563879011 13.978102564811705 12.971788808703424 7.8345529884099943 15.91594412922859 7.0574677139520627 7.2316930443048477 7.2926441729068747
leaf_count=91 42 68 30 55 50 58 57 33 67 30 31 31
internal_value=0.00055247 0.00546402 0.0142665 -0.00129569 -0.0117179 0.00575978 -0.0105284 -0.00125973 0.020987 -0.000768647 0.00904848 -0.0200933
internal_weight=152.291 107.16 46.546 60.6138 24.7937 35.8202 45.1308 24.8664 32.3098 14.2362 15.0662 20.2644
internal_count=643 449 195 254 105 149 194 106 135 60 64 88
is_linear=0
shrinkage=0.03


end of trees

feature_importances:
macro_topix_vol_20=42
return_5d=29
macro_usdjpy_vol_20=27
macd_signal=24
macro_topix_ret_20=22
ma_20_60_cross=21
macd_hist=18
ma_5_20_cross=16
bb_bandwidth=16
macro_nikkei_ret_20=16
div_ma_60=15
macro_usdjpy_ret_20=15
volatility=14
div_ma_5=13
month=13
rsi_change=12
macd=12
atr_pct=11
gap=11
return_20d=9
vol_ratio=9
bb_pct_b=7
macro_nikkei_above_200dma=7
div_ma_10=6
rsi=6
return_3d=4
return_10d=4
macd_hist_change=4
candle_body_pct=4
upper_shadow_pct=4
lower_shadow_pct=4
macro_usdjpy_ret_60=4
vol_change=3
price_position_20d=3
return_1d=1
return_2d=1
div_ma_20=1

parameters:
[boosting: gbdt]
[objective: binary]
[metric: binary_logloss]
[tree_learner: serial]
[device_type: cpu]
[data_sample_strategy: bagging]
[data: ]
[valid: ]
[num_iterations: 50]
[learning_rate: 0.03]
[num_leaves: 15]
[num_threads: 0]
[seed: 42]
[deterministic: 0]
[force_col_wise: 0]
[force_row_wise: 0]
[histogram_pool_size: -1]
[max_depth: 4]
[min_data_in_leaf: 30]
[min_sum_hessian_in_leaf: 0.001]
[bagging_fraction: 0.7]
[pos_bagging_fraction: 1]
[neg_bagging_fraction: 1]
[bagging_freq: 5]
[bagging_seed: 400]
[bagging_by_query: 0]
[feature_fraction: 0.6]
[feature_fraction_bynode: 1]
[feature_fraction_seed: 30056]
[extra_trees: 0]
[extra_seed: 12879]
[early_stopping_round: 0]
[early_stopping_min_delta: 0]
[first_metric_only: 0]
[max_delta_step: 0]
[lambda_l1: 0.5]
[lambda_l2: 2]
[linear_lambda: 0]
[min_gain_to_split: 0]
[drop_rate: 0.1]
[max_drop: 50]
[skip_drop: 0.5]
[xgboost_dart_mode: 0]
[uniform_drop: 0]
[drop_seed: 17869]
[top_rate: 0.2]
[other_rate: 0.1]
[min_data_per_group: 100]
[max_cat_threshold: 32]
[cat_l2: 10]
[cat_smooth: 10]
[max_cat_to_onehot: 4]
[top_k: 20]
[monotone_constraints: ]
[monotone_constraints_method: basic]
[monotone_penalty: 0]
[feature_contri: ]
[forcedsplits_filename: ]
[refit_decay_rate: 0.9]
[cegb_tradeoff: 1]
[cegb_penalty_split: 0]
[cegb_penalty_feature_lazy: ]
[cegb_penalty_feature_coupled: ]
[path_smooth: 0]
[interaction_constraints: ]
[verbosity: -1]
[saved_feature_importance_type: 0]
[use_quantized_grad: 0]
[num_grad_quant_bins: 4]
[quant_train_renew_leaf: 0]
[stochastic_rounding: 1]
[linear_tree: 0]
[max_bin: 255]
[max_bin_by_feature: ]
[min_data_in_bin: 5]
[bin_construct_sample_cnt: 200000]
[data_random_seed: 175]
[is_enable_sparse: 1]
[enable_bundle: 1]
[use_missing: 1]
[zero_as_missing: 0]
[feature_pre_filter: 1]
[pre_partition: 0]
[two_round: 0]
[header: 0]
[label_column: ]
[weight_column: ]
[group_column: ]
[ignore_column: ]
[categorical_feature: ]
[forcedbins_filename: ]
[precise_float_parser: 0]
[parser_config_file: ]
[objective_seed: 16083]
[num_class: 1]
[is_unbalance: 0]
[scale_pos_weight: 1]
[sigmoid: 1]
[boost_from_average: 1]
[reg_sqrt: 0]
[alpha: 0.9]
[fair_c: 1]
[poisson_max_delta_step: 0.7]
[tweedie_variance_power: 1.5]
[lambdarank_truncation_level: 30]
[lambdarank_norm: 1]
[label_gain: ]
[lambdarank_position_bias_regularization: 0]
[eval_at: ]
[multi_error_top_k: 1]
[auc_mu_weights: ]
[num_machines: 1]
[local_listen_port: 12400]
[time_out: 120]
[machine_list_filename: ]
[machines: ]
[gpu_platform_id: -1]
[gpu_device_id: -1]
[gpu_use_dp: 0]
[num_gpu: 1]

end of parameters

pandas_categorical:[]
