tree
version=v4
num_class=1
num_tree_per_iteration=1
label_index=0
max_feature_idx=44
objective=binary sigmoid:1
feature_names=return_1d return_2d return_3d return_5d return_10d return_20d div_ma_5 div_ma_10 div_ma_20 div_ma_60 ma_5_20_cross ma_20_60_cross rsi rsi_change macd macd_signal macd_hist macd_hist_change bb_pct_b bb_bandwidth atr_pct volatility vol_change vol_ratio candle_body_pct upper_shadow_pct lower_shadow_pct day_of_week month is_month_end is_month_start streak gap price_position_20d macro_usdjpy_ret_20 macro_usdjpy_ret_60 macro_usdjpy_vol_20 macro_topix_ret_20 macro_topix_vol_20 macro_topix_above_200dma macro_nikkei_ret_20 macro_nikkei_above_200dma macro_nikkei_vi macro_jgb10y macro_bias_score
feature_infos=[-0.16666666666666663:0.19061662198391427] [-0.27176781002638517:0.20463980463980458] [-0.31885488647581439:0.2192288680177954] [-0.30566037735849061:0.26472386386794367] [-0.40156114483954897:0.3340482573726542] [-0.42773857011353178:0.36497481596280501] [-0.23051187688190033:0.13647882781182316] [-0.31586644523213447:0.16540223841358076] [-0.36153232242617722:0.22639738358018704] [-0.38482341534449516:0.40727750986409467] [-0.24676845031949657:0.16145407764120923] [-0.2281952695356203:0.21104476411055106] [12.877263581488933:90.803484995159721] [-24.751632131705939:24.964920671622636] [-246.11018337863516:192.88370672358906] [-208.57889151587599:172.33347138171652] [-109.77008339350925:51.563713697091032] [-26.431330252652195:23.582627904451954] [-0.30566024095514865:1.3295331420727112] [0.046549537977757842:0.69971979479703872] [0.019844624240228637:0.10328125] [0.011947526579058084:0.076702792416382878] [-0.84136746799875117:4.9555205668175555] [0.45201244855463885:2.099961599919967] [-0.9576271186440678:1] [0:0.88803088803088803] [0:0.92567567567567566] [0:4] [1:12] none [0:1] [-7:7] [-0.1871980676328503:0.20639834881320951] [0:1] [-0.10288784967882303:0.08505611680078462] [-0.13986255140503889:0.1344631365590534] [0.0024251968629527628:0.011841457708833433] [-0.22586490939044479:0.19897850606512013] [0.0040695656522785678:0.036437277456277402] [0:1] [-0.22859537662338159:0.23022297972565586] [0:1] none none none
tree_sizes=1387 1494 1287 1316 1307 995 1101 1277 888 994 974 991 996 1387 995 1315 969 1412 1488 889 985 1178 1407 1407 1199 1302 1202 1198 1203 1180 1314 1095 1305 1103 1310 1204 988 1506 1414 883 788 780 1183 1203 781 789 896 786 895 876

Tree=0
num_leaves=12
num_cat=0
split_feature=18 28 36 9 36 35 4 15 7 28 4
split_gain=19.9892 22.1962 17.4457 7.93806 13.1126 7.34526 5.64635 3.65954 2.57141 2.47947 1.41889
threshold=0.427101007298129 6.5000000000000009 0.0070624294123895282 -0.05446447956037475 0.0061611186093608753 0.04592387748776517 0.097961572270043332 17.528936163007604 -0.037159652157193405 11.500000000000002 0.055495912509953789
decision_type=2 2 2 2 2 2 2 2 2 2 2
left_child=3 2 5 8 7 -2 9 -5 -1 -3 -4
right_child=1 6 10 4 -6 -7 -8 -9 -10 -11 -12
leaf_value=-0.14466325299316127 -0.17254709299494281 -0.18717810593071793 -0.1463881287281395 -0.12558390508762107 -0.17174857452647924 -0.14184736361540168 -0.15482430733673258 -0.15421372736951589 -0.12213757994652669 -0.16283913907342179 -0.12309121394355449
leaf_weight=12.673897683620455 21.868686199188236 27.832873344421387 7.4552339315414455 10.437327504158022 14.413452267646788 7.7037417292594901 7.455233931541442 7.7037417292594901 16.401514649391174 8.2007573246955854 13.170913279056547
leaf_count=51 88 112 30 42 58 31 30 31 66 33 53
internal_value=-0.154225 -0.162799 -0.149478 -0.141114 -0.152167 -0.163759 -0.178065 -0.135729 -0.130188 -0.182746 -0.129359
internal_weight=155.317 93.6874 50.1986 61.6299 32.5545 29.5724 43.4889 18.1411 29.0754 36.0336 20.6261
internal_count=625 377 202 248 131 119 175 73 117 145 83
is_linear=0
shrinkage=1


Tree=1
num_leaves=13
num_cat=0
split_feature=8 28 36 9 36 28 35 38 23 25 9 5
split_gain=20.2964 19.9353 14.0687 8.75836 10.6591 9.56743 7.50715 7.12825 7.04174 5.74881 2.78082 1.6994
threshold=-0.010082556733027636 6.5000000000000009 0.0070624294123895282 -0.05446447956037475 0.0050941336641877758 5.5000000000000009 0.04592387748776517 0.0074198193490818505 1.0910566363479457 0.10409065782200112 -0.025533190671993982 -0.084686979273387628
decision_type=2 2 2 2 2 2 2 2 2 2 2 2
left_child=3 2 6 8 -5 -6 -2 -4 11 -3 -11 -1
right_child=1 9 7 4 5 -7 -8 -9 -10 10 -12 -13
leaf_value=0.043089169802441173 -0.0168592574674531 0 0.037384312250200134 0.027723143690565971 0.013228836446489518 -0.022973658449079996 0.01394203603857311 0.00047183176812587603 0.0022432620952333058 -0.008414057019689631 -0.032064922030230786 0.014149073257915876
leaf_weight=11.950472950935366 21.588911801576618 8.683097228407858 11.202813774347307 8.4596107602119464 8.9501462578773516 13.903122171759604 7.9601634442806235 8.710699647665022 9.9512236267328245 9.6728852838277799 26.791764110326767 7.4687072038650539
leaf_count=48 87 35 45 34 36 56 32 35 40 39 108 30
internal_value=0.000606892 -0.00792788 0.00495127 0.013981 0.00208562 -0.00826834 -0.00772849 0.023439 0.0252435 -0.0219676 -0.0269448 0.0350194
internal_weight=155.294 94.6103 49.4626 60.6833 31.3129 22.8533 29.5491 19.9135 29.3704 45.1477 36.4646 19.4192
internal_count=625 381 199 244 126 92 119 80 118 182 147 78
is_linear=0
shrinkage=0.03


Tree=2
num_leaves=11
num_cat=0
split_feature=33 38 11 36 13 13 36 8 28 33
split_gain=21.3506 18.4991 16.5806 16.3512 9.64206 8.33642 6.3812 2.84271 2.63122 2.41409
threshold=0.31951435095386588 0.0072297456335562596 0.0089338955155123818 0.0071026271226287954 0.74312475848810078 -6.372846715398448 0.0063486438202436128 -0.051766796670385785 8.5000000000000018 0.17207332446854443
decision_type=2 2 2 2 2 2 2 2 2 2
left_child=2 3 8 -2 5 -3 -6 -4 -1 -10
right_child=1 4 7 -5 6 -7 -8 -9 9 -11
leaf_value=0.041607423335099987 -0.0071591344372179989 0 -0.016834260591973731 0.037828981623791717 0.0086083244843302049 -0.029975414150741068 -0.014644615869109713 0.0049620094422255599 0.025980254454622261 0.0013541775868943142
leaf_weight=12.708586782217028 13.139179915189745 12.160550117492674 8.1978622227907199 11.973443642258642 21.089326232671738 32.96506242454052 17.362154603004456 8.4531405419111234 9.7143135517835635 7.4688173532485953
leaf_count=51 53 49 33 48 85 133 70 34 39 30
internal_value=0.00062444 -0.00656034 0.0172908 0.0149457 -0.0133959 -0.0225268 -0.0017253 -0.00561926 0.0300752 0.0173154
internal_weight=155.232 108.69 46.5427 25.1126 83.5771 45.1256 38.4515 16.651 29.8917 17.1831
internal_count=625 438 187 101 337 182 155 67 120 69
is_linear=0
shrinkage=0.03


Tree=3
num_leaves=11
num_cat=0
split_feature=8 38 19 36 11 38 0 40 23 8
split_gain=18.4648 16.9124 16.1034 13.0009 10.8222 10.2143 10.1099 4.84023 4.32606 6.07616
threshold=-0.010082556733027636 0.0072297456335562596 0.17528022943515578 0.0071026271226287954 0.031703598671892104 0.011309704828660883 0.012831863098519915 0.0043104371167053132 1.1316820782418462 -0.020396979643632216
decision_type=2 2 2 2 2 2 2 2 2 2
left_child=4 3 6 -2 8 -4 -3 -6 9 -1
right_child=1 2 5 -5 7 -7 -8 -9 -10 -11
leaf_value=0.032387895528708056 -0.0068363713577113232 -0.037287861503485661 0.013708858878139139 0.034846377391201597 -0.020446840799759114 -0.019754257128491368 -0.0041916462593253332 0.0084276127506597125 0.001908470187868116 0.00021908439944534879
leaf_weight=26.180481076240536 11.884784534573557 26.213168695569038 20.326325014233593 10.991794034838675 8.4410532861948031 10.905867755413054 14.113246366381643 7.9448429793119422 10.457348138093947 7.7056561708450344
leaf_count=105 48 106 82 44 34 44 57 32 42 31
internal_value=0.000625461 -0.00752455 -0.0147288 0.0137798 0.0133738 0.00108698 -0.0268048 -0.00623713 0.0209006 0.0259106
internal_weight=155.165 94.4352 71.5586 22.8766 60.7294 31.2322 40.3264 16.3859 44.3435 33.8861
internal_count=625 381 289 92 244 126 163 66 178 136
is_linear=0
shrinkage=0.03


Tree=4
num_leaves=11
num_cat=0
split_feature=33 38 19 11 36 38 36 9 28 33
split_gain=19.2038 16.7143 15.4478 15.2343 14.8275 9.26257 7.44428 2.79674 2.57327 2.29667
threshold=0.31951435095386588 0.0072297456335562596 0.17528022943515578 0.0089338955155123818 0.0071026271226287954 0.011608288433260254 0.0053974047115718871 -0.0085057268855908471 8.5000000000000018 0.17207332446854443
decision_type=2 2 2 2 2 2 2 2 2 2
left_child=3 4 6 8 -2 -4 -3 -5 -1 -10
right_child=1 2 5 7 -6 -7 -8 -9 9 -11
leaf_value=0.039894556591987616 -0.0068287315429249994 -0.0079503835281960721 0.012930959679429956 -0.016668489193085199 0.035971360153529065 -0.017948516760095744 -0.033409240874224394 0.0049506412753849644 0.024655692016216559 0.00082938519203796656
leaf_weight=12.738066583871843 13.122768342494966 21.266382649540901 23.572090327739716 8.190802067518236 11.997272685170172 11.142356559634207 27.383182302117348 8.4511840492486936 9.735974386334421 7.4762879461050025
leaf_count=51 53 86 95 33 48 45 111 34 39 30
internal_value=0.000607555 -0.00621473 -0.0127321 0.016403 0.0142047 0.00217315 -0.0233298 -0.00553188 0.028644 0.016251
internal_weight=155.076 108.484 83.364 46.5923 25.12 34.7144 48.6496 16.642 29.9503 17.2123
internal_count=625 438 337 187 101 140 197 67 120 69
is_linear=0
shrinkage=0.03


Tree=5
num_leaves=8
num_cat=0
split_feature=21 20 28 12 36 21 4
split_gain=14.2011 15.9765 9.04699 14.9626 12.7934 5.95978 6.80368
threshold=0.016002550971431856 0.04228880166542956 6.5000000000000009 45.834647656299296 0.0074771154410397831 0.031120375226752529 0.067466615205009087
decision_type=2 2 2 2 2 2 2
left_child=-1 2 4 -4 -2 -3 -7
right_child=1 5 3 -5 -6 6 -8
leaf_value=0.032724048524830379 -0.0073931846649360001 0.031764970789488686 0.0022926393300179435 -0.027098537202079439 0.028087610634840127 -0.0041559904945731915 0.023870271230702577
leaf_weight=8.716591462492941 36.425767078995705 9.2168147116899473 23.096921369433403 39.447543025016785 9.9685633629560453 21.335064202547077 9.4224359393119794
leaf_count=35 147 37 93 160 40 86 38
internal_value=-0.000538005 -0.00299226 -0.00900091 -0.0162776 0.000766196 0.0126739 0.00490502
internal_weight=157.63 148.913 108.939 62.5445 46.3943 39.9743 30.7575
internal_count=636 601 440 253 187 161 124
is_linear=0
shrinkage=0.03


Tree=6
num_leaves=9
num_cat=0
split_feature=38 20 17 6 17 38 34 32
split_gain=22.1472 16.7686 8.4696 10.5444 7.01466 6.71984 6.95189 0.0901677
threshold=0.0072297456335562596 0.042924366133847862 -4.2721030536340363 0.025893552083135218 1.0116321165423978 0.0078374021876776705 0.026174320329033555 -0.00039215536705922144
decision_type=2 2 2 2 2 2 2 2
left_child=4 5 -3 -4 -1 7 -7 -2
right_child=1 2 3 -5 -6 6 -8 -9
leaf_value=0.035383713776979825 -0.036438818662726448 -0.011664148707327919 0.03168727179306325 -0.007117965480241766 0.0027733085919851748 -0.0015583231226256719 -0.020610472198945566 -0.01486645595330666
leaf_weight=15.434521153569223 7.9202521741390255 8.2057539075613004 18.139462947845463 7.4369498938322058 11.177706643939016 56.321659103035927 24.44964574277401 8.433814659714697
leaf_count=62 32 33 73 30 45 228 99 34
internal_value=-0.000484106 -0.00572329 0.0117922 0.0201619 0.0233622 -0.0120819 -0.00786533 -0.0289634
internal_weight=157.52 130.908 33.7822 25.5764 26.6122 97.1254 80.7713 16.3541
internal_count=636 529 136 103 107 393 327 66
is_linear=0
shrinkage=0.03


Tree=7
num_leaves=11
num_cat=0
split_feature=34 15 5 28 15 20 9 6 32 33
split_gain=13.4732 11.5124 12.7432 9.98382 18.4811 14.7239 8.52053 6.68531 1.55134 1.26302
threshold=0.02152847504574518 48.215177259085372 -0.034352730905605026 6.5000000000000009 91.959201676610718 0.041440693061723259 -0.026744436772300477 0.027159124390276384 0.0018402094471825505 0.49595516569200787
decision_type=2 2 2 2 2 2 2 2 2 2
left_child=3 2 -2 4 7 6 -5 -1 -7 -4
right_child=1 -3 9 5 -6 8 -8 -9 -10 -11
leaf_value=0.03012808886827411 0.0012570123538939982 0.011478244367370898 -0.014856336880690013 0.0035400399578111646 -0.019519388545935708 0.026141261407281374 -0.022828144979639454 0 0.004491310940463073 -0.03972168018967423
leaf_weight=31.078968062996864 13.666451066732405 10.901629656553267 8.651445686817171 16.133267655968666 9.1631090790033323 9.6930506527423876 25.570337608456612 8.9370348602533323 7.9527104496955863 15.708491638302801
leaf_count=125 55 44 35 65 37 39 104 36 32 64
internal_value=-0.000484214 -0.01333 -0.0210351 0.00530778 0.015074 -0.00276801 -0.0125891 0.0239045 0.018598 -0.033257
internal_weight=157.456 48.928 38.0264 108.528 49.1791 59.3494 41.7036 40.016 17.6458 24.3599
internal_count=636 198 154 438 198 240 169 161 71 99
is_linear=0
shrinkage=0.03


Tree=8
num_leaves=7
num_cat=0
split_feature=38 15 38 28 38 17
split_gain=20.7051 11.494 10.5553 10.4029 7.69574 0.263113
threshold=0.0072297456335562596 -103.46081595140116 0.012085292895264737 8.5000000000000018 0.0078650509055259027 1.0116321165423978
decision_type=2 2 2 2 2 2
left_child=3 -2 4 5 -3 -1
right_child=1 2 -4 -5 -6 -7
leaf_value=0.040403517266930623 0.024853183220241645 -0.020278201254785213 -0.030020874369550466 -0.0040404329359653999 -0.000159887410352314 0.016108412329606914
leaf_weight=11.215983733534818 8.2219178825616819 19.774636551737785 15.286068916320799 7.9406340718269339 87.439053118228912 7.4561476409435263
leaf_count=45 33 80 62 32 354 30
internal_value=-0.000468292 -0.00554353 -0.00807065 0.0225819 -0.00431128 0.0339247
internal_weight=157.334 130.722 122.5 26.6128 107.214 18.6721
internal_count=636 529 496 107 434 75
is_linear=0
shrinkage=0.03


Tree=9
num_leaves=8
num_cat=0
split_feature=21 20 17 3 1 22 19
split_gain=12.829 13.891 6.7805 8.6217 5.33275 7.34122 7.25619
threshold=0.016002550971431856 0.04228880166542956 -4.2721030536340363 0.037022398736182856 0.0084593469208854594 0.20461367097941732 0.17528022943515578
decision_type=2 2 2 2 2 2 2
left_child=-1 4 -3 -4 6 -6 -2
right_child=1 2 3 -5 5 -7 -8
leaf_value=0.031175067425457295 -0.0085725355635381563 -0.0093801451351904382 0.028574307487702313 -0.0024853430329029179 -0.023711477484164117 0.0012761144212698192 0.013336628242919285
leaf_weight=8.7087570875883085 46.844312340021133 8.4387602508068067 20.915891423821453 10.643234625458716 31.506329774856567 13.571186929941176 16.612204253673553
leaf_count=35 190 34 84 43 128 55 67
internal_value=-0.000444594 -0.00278774 0.0117974 0.0181287 -0.00841469 -0.0161354 -0.00237556
internal_weight=157.241 148.532 39.9979 31.5591 108.534 45.0775 63.4565
internal_count=636 601 161 127 440 183 257
is_linear=0
shrinkage=0.03


Tree=10
num_leaves=8
num_cat=0
split_feature=21 8 28 28 4 20 21
split_gain=12.0705 12.6817 10.004 8.60645 6.54048 13.3572 5.29334
threshold=0.016002550971431856 -0.0094017343631145004 6.5000000000000009 4.5000000000000009 -0.094738253448915552 0.042924366133847862 0.035144588144527734
decision_type=2 2 2 2 2 2 2
left_child=-1 4 3 -3 -2 -6 -4
right_child=1 2 6 -5 5 -7 -8
leaf_value=0.0323483345561488 -0.0094577342195567501 -0.0084962201179791443 -0.023714640924935752 0.0176297056033245 0.0047172610369468192 0.041890347135545687 0
leaf_weight=8.4557636529207212 10.693108856678007 25.919499769806862 32.913361519575119 16.910105973482132 36.747196391224861 10.221286177635191 11.087257012724875
leaf_count=34 43 105 135 68 148 41 45
internal_value=0.0011746 -0.000964044 -0.00822818 0.00181062 0.00963244 0.0144937 -0.0179798
internal_weight=152.948 144.492 86.8302 42.8296 57.6616 46.9685 44.0006
internal_count=619 585 353 173 232 189 180
is_linear=0
shrinkage=0.03


Tree=11
num_leaves=8
num_cat=0
split_feature=21 12 28 28 1 28 21
split_gain=11.4873 8.10863 12.9098 9.98606 6.56682 4.78048 6.54597
threshold=0.016002550971431856 49.070351135442685 6.5000000000000009 4.5000000000000009 0.037050684975353694 3.5000000000000004 0.02583850920556548
decision_type=2 2 2 2 2 2 2
left_child=-1 5 3 -3 -4 -2 -7
right_child=1 2 4 -5 -6 6 -8
leaf_value=0.031581255921491885 0.025914109628002314 -0.0070652304990948683 -0.02482673261682675 0.020719634143543823 0.0036312493515076052 -0.0074371781069857666 0.012916211414319442
leaf_weight=8.4499679058790189 8.4726826101541501 26.917539373040199 31.936389252543449 17.172865405678749 7.5872059017419806 24.957654744386673 27.316744700074196
leaf_count=34 34 109 131 69 31 101 110
internal_value=0.00116151 -0.000923796 -0.00700552 0.0038608 -0.0190907 0.00716468 0.00300643
internal_weight=152.811 144.361 83.614 44.0904 39.5236 60.7471 52.2744
internal_count=619 585 340 178 162 245 211
is_linear=0
shrinkage=0.03


Tree=12
num_leaves=8
num_cat=0
split_feature=21 18 37 28 4 20 23
split_gain=10.9345 10.8239 16.4344 9.57961 5.78157 12.6653 3.21589
threshold=0.016002550971431856 0.44466320421858024 0.0057920376383329151 6.5000000000000009 -0.10129620578949992 0.042924366133847862 0.82006682208309256
decision_type=2 2 2 2 2 2 2
left_child=-1 4 6 -4 -2 -6 -3
right_child=1 2 3 -5 5 -7 -8
leaf_value=0.030844628296520484 -0.010374081432821957 -0.0073742581334846581 0.011196661835810903 -0.011800840978575826 0.0037706098006842115 0.038949355461324317 -0.036484638221944338
leaf_weight=8.4401202350854856 9.6964019536972028 7.6298732012510326 32.694482162594795 28.692049771547318 39.924773663282394 10.712868541479109 14.88481158018112
leaf_count=34 39 31 132 118 161 43 61
internal_value=0.00115172 -0.000881309 -0.00786693 0.000177804 0.00853307 0.0126951 -0.0286379
internal_weight=152.675 144.235 83.9012 61.3865 60.334 50.6376 22.5147
internal_count=619 585 342 250 243 204 92
is_linear=0
shrinkage=0.03


Tree=13
num_leaves=12
num_cat=0
split_feature=28 32 8 36 10 36 23 24 34 16 38
split_gain=9.16764 14.5131 11.6945 9.05782 8.26812 6.26912 6.21806 5.83585 4.96345 4.48948 2.10651
threshold=6.5000000000000009 -0.011526978931762353 -0.021548536605272128 0.0066665461986932864 1.0000000180025095e-35 0.0050941336641877758 0.98634066813111465 -0.28370221327967798 -0.029839863454060141 3.4489904461958507 0.009538205352506603
decision_type=2 2 2 2 2 2 2 2 2 2 2
left_child=1 3 6 -1 10 9 -2 -6 -7 -4 -3
right_child=2 4 5 -5 7 8 -8 -9 -10 -11 -12
leaf_value=-0.03093142306305521 0.021657973416556234 0.0431585014721299 0.013882537258619522 0.008697988082594971 -0.0090646428072609798 0 -0.0040095905972862668 0.015246004991293851 -0.026671706899895717 -0.012323590705897017 0.012733727413139597
leaf_weight=9.3840308785438555 14.919650599360468 9.4430818557739276 9.09561835229397 7.4418610930442801 10.879059255123137 7.3172317743301383 14.4120956659317 24.780386865139008 26.875970929861069 10.524651795625685 7.4580397754907599
leaf_count=38 60 38 37 30 44 30 58 100 111 43 30
internal_value=0.00112226 0.00911732 -0.00543105 -0.0135451 0.0168776 -0.0136717 0.00911662 0.00734344 -0.0210745 0 0.0332944
internal_weight=152.532 69.3865 83.1452 16.8259 52.5606 53.8135 29.3317 35.6594 34.1932 19.6203 16.9011
internal_count=619 280 339 68 212 221 118 144 141 80 68
is_linear=0
shrinkage=0.03


Tree=14
num_leaves=8
num_cat=0
split_feature=21 18 23 10 35 4 7
split_gain=10.244 9.91114 8.4568 10.5879 8.25191 5.46411 6.56296
threshold=0.016002550971431856 0.44466320421858024 0.92885664766961329 0.032123368039615026 0.037607981997207725 -0.094738253448915552 -0.014825571041768361
decision_type=2 2 2 2 2 2 2
left_child=-1 5 4 -4 -3 -2 -7
right_child=1 2 3 -5 -6 6 -8
leaf_value=0.02988166022744114 -0.0093219912245125543 -0.009888768460403206 -0.032045435573007985 -0.00078024606866634492 0.014945201402948111 0.019978151932719131 -0.0018213505695276314
leaf_weight=8.414163798093794 10.682613700628279 24.270296484231949 19.388159453868866 19.972661539912224 20.036669179797173 32.541355460882187 17.078343212604523
leaf_count=34 43 99 80 81 82 131 69
internal_value=0.00110318 -0.000862358 -0.00756382 -0.0173482 0.00117826 0.00813929 0.0124046
internal_weight=152.384 143.97 83.6678 39.3608 44.307 60.3023 49.6197
internal_count=619 585 342 161 181 243 200
is_linear=0
shrinkage=0.03


Tree=15
num_leaves=11
num_cat=0
split_feature=18 36 38 5 38 40 37 37 35 10
split_gain=10.4272 10.4001 12.4223 8.08791 6.20771 8.34718 7.61399 5.84173 4.18929 3.28098
threshold=0.54057155806483403 0.0070624294123895282 0.0072297456335562596 0.14356382962324024 0.012005549554043303 0.025671758218446365 0.042368477165710357 0.01749935214475196 0.001149359990594623 0.045880849824989196
decision_type=2 2 2 2 2 2 2 2 2 2
left_child=4 3 -3 9 5 7 -7 -1 -4 -2
right_child=1 2 8 -5 -6 6 -8 -9 -10 -11
leaf_value=0.009135139368522692 -0.026557656903367786 0.028719738488053464 -0.019667971995585672 0.0035522443145953762 -0.0091785233654599063 0.044427288188207993 0.0028114217666847076 -0.016522491571693727 0.0055597019831813378 -0.0022072701176775759
leaf_weight=33.153098225593567 32.860645845532417 10.635092332959177 11.046296134591104 12.375576525926588 14.591881707310675 8.9330546557903308 7.9457850307226172 8.1387640684843046 8.2852130532264692 7.8749134689569464
leaf_count=134 135 43 45 50 59 36 32 33 34 32
internal_value=-0.00119154 -0.00844032 0.00511362 -0.016268 0.0068886 0.0113394 0.0280043 0.00320178 -0.00864503 -0.0225249
internal_weight=155.84 83.0777 29.9666 53.1111 72.7626 58.1707 16.8788 41.2919 19.3315 40.7356
internal_count=633 339 122 217 294 235 68 167 79 167
is_linear=0
shrinkage=0.03


Tree=16
num_leaves=8
num_cat=0
split_feature=21 7 14 26 12 40 35
split_gain=11.0778 13.9676 11.9361 7.78238 6.06562 8.47644 2.11526
threshold=0.016002550971431856 -0.011739385729723609 -25.088660632697152 0.29140295358649798 77.93390999547718 0.05610276351085975 0.025616395370351656
decision_type=2 2 2 2 2 2 2
left_child=-1 2 6 -4 5 -3 -2
right_child=1 4 3 -5 -6 -7 -8
leaf_value=0.027945151067424696 -0.019311649303380744 -0.006747441837778592 0.0035218026786171149 0.031965974490047379 0.011440495252882241 -0.028972978254924054 0
leaf_weight=8.8834863752126676 9.1926949471235293 65.038386926054955 19.532546579837799 16.860517114400864 8.2012758851051313 20.4978097230196 7.4616056382656089
leaf_count=36 37 266 79 68 33 84 30
internal_value=-0.00114411 -0.00335741 0.00859128 0.0180691 -0.0103142 -0.0127852 -0.0110324
internal_weight=155.668 146.785 53.0474 36.3931 93.7375 85.5362 16.6543
internal_count=633 597 214 147 383 350 67
is_linear=0
shrinkage=0.03


Tree=17
num_leaves=12
num_cat=0
split_feature=18 36 38 15 4 28 36 11 40 13 33
split_gain=9.52135 9.67505 11.4881 9.25652 6.95954 6.65844 6.65158 3.85656 3.17385 2.78847 2.78646
threshold=0.54057155806483403 0.0070624294123895282 0.0072297456335562596 50.690826433566095 -0.090308846101756143 7.5000000000000009 0.0075083000837755948 0.01183767515571066 0.004979324603780034 -3.3705957449675377 0.83909412642490366
decision_type=2 2 2 2 2 2 2 2 2 2 2
left_child=4 3 -3 9 -1 8 -7 -4 -6 -2 -5
right_child=1 2 7 10 5 6 -8 -9 -10 -11 -12
leaf_value=-0.011601891600584176 -0.0057477422828748443 0.027783459222937793 0.0016438026444366709 0.010014127685447807 0.0071542875090167503 0.0091468089691718012 -0.019570417501011034 -0.022888352601098443 0.031533524282781777 -0.030177145395753797 -0.010276889257673073
leaf_weight=12.904291853308676 8.2704370617866498 10.586608543992044 12.002641797065737 10.765879511833193 11.891268208622934 26.690945327281952 7.6154304891824713 7.2817882597446433 13.657161042094229 24.234825938940048 9.6235837638378126
leaf_count=52 34 43 49 44 48 108 31 30 55 100 39
internal_value=-0.00109586 -0.00804649 0.00502877 -0.0156179 0.00661381 0.0110316 0.00163202 -0.00819506 0.0220741 -0.0250896 0
internal_weight=155.525 82.7658 29.871 52.8947 72.7591 59.8548 34.3064 19.2844 25.5484 32.5053 20.3895
internal_count=633 339 122 217 294 242 139 79 103 134 83
is_linear=0
shrinkage=0.03


Tree=18
num_leaves=13
num_cat=0
split_feature=18 36 15 14 40 20 33 9 40 16 1 13
split_gain=9.01644 9.18763 8.81675 8.04474 7.5156 6.82574 6.56049 5.17366 4.52617 6.78692 3.71675 2.63719
threshold=0.54057155806483403 0.0070624294123895282 50.690826433566095 -13.011856632497254 0.02762581564899769 0.03220142763409977 0.76698447119818547 0.019691971312859272 -0.055433452340434335 -6.8056673108295351 0.01402355963881652 -3.3705957449675377
decision_type=2 2 2 2 2 2 2 2 2 2 2 2
left_child=3 2 11 8 7 -4 -3 -5 -1 -10 -8 -2
right_child=1 6 5 4 -6 -7 10 -9 9 -11 -12 -13
leaf_value=0.014086191393691418 -0.0056128162021040475 -0.012373638198491504 -0.019892282956289021 0.015685935449295443 0.034007788928858265 0.012779634640431392 0.026301494596625549 -0.010148157383877272 -0.027360442508854489 0.0010483001476871037 0 -0.029480684713895384
leaf_weight=7.9505316466093054 8.2633580118417722 10.210762053728105 7.292653456330302 14.59746026992798 11.918488919734953 13.099497914314268 9.7721343487501162 9.5984978675842267 9.4335827231407183 19.253332883119583 9.8289741575717908 24.112241446971893
leaf_count=32 34 42 30 59 48 53 40 39 38 78 40 100
internal_value=-0.0010668 -0.00784395 -0.0152334 0.00642923 0.0161613 0 0.00489945 0.00487263 -0.00311571 -0.00897933 0.0149044 -0.0245061
internal_weight=155.332 82.5796 52.7678 72.7519 36.1144 20.3922 29.8119 24.196 36.6374 28.6869 19.6011 32.3756
internal_count=633 339 217 294 146 83 122 98 148 116 80 134
is_linear=0
shrinkage=0.03


Tree=19
num_leaves=7
num_cat=0
split_feature=3 12 33 19 7 24
split_gain=8.80041 8.31864 9.3314 7.55151 5.71219 0.956986
threshold=0.077042608874907118 73.77245414117921 0.56146688796885325 0.17341293348229669 -0.066818799924687713 0.29280610987928063
decision_type=2 2 2 2 2 2
left_child=1 2 4 -4 -1 -2
right_child=5 -3 3 -5 -6 -7
leaf_value=-0.015376115683732554 -0.027902611321365327 0.024789820913957716 -0.01860827726878158 0.0046660032179021444 0.0086656337307575264 -0.0075982887582902899
leaf_weight=7.9222785830497733 8.3256652653217333 10.571526929736136 33.469751596450806 17.001484647393227 69.343146562576294 8.5226628035306913
leaf_count=32 34 43 139 69 281 35
internal_value=-0.00103161 0.00146779 -0.000699128 -0.0106033 0.00568555 -0.0203237
internal_weight=155.157 138.308 127.737 50.4712 77.2654 16.8483
internal_count=633 564 521 208 313 69
is_linear=0
shrinkage=0.03


Tree=20
num_leaves=8
num_cat=0
split_feature=21 20 19 4 8 1 1
split_gain=11.203 8.95516 6.37844 6.32944 14.2941 5.56015 5.52007
threshold=0.015285410037220852 0.040145170301795985 0.18858926654211325 -0.11973509599584607 -0.010082556733027636 0.0084593469208854594 0.038574044906388723
decision_type=2 2 2 2 2 2 2
left_child=-1 2 6 -3 -5 -4 -2
right_child=1 3 5 4 -6 -7 -8
leaf_value=0.031807915995721518 -0.014318187691456062 -0.014013560701406301 0.020703566644298264 0.033965697142287726 -0.00043857770617608104 -0.0066565357269549432 0.0075733454081209272
leaf_weight=7.3444878458976737 68.456784814596176 7.4441861361265174 10.373491317033769 15.38466691970825 26.644588306546211 11.868257358670233 9.9113977104425413
leaf_count=30 281 30 42 62 109 48 41
internal_value=0 -0.0020329 -0.00720928 0.00807354 0.0127851 0.00614068 -0.0112433
internal_weight=157.428 150.083 100.61 49.4734 42.0293 22.2417 78.3682
internal_count=643 613 412 201 171 90 322
is_linear=0
shrinkage=0.03


Tree=21
num_leaves=10
num_cat=0
split_feature=38 8 37 38 18 2 36 4 5
split_gain=10.9829 9.15207 16.007 7.46626 6.94109 7.77321 5.39034 3.6368 1.0305
threshold=0.0068446202370730574 -0.0069996698420226868 0.0049376330772438201 0.012005549554043303 0.19938938628417438 -0.012579244278337063 0.0070911961006431814 -0.08026173786813405 0.0083506300016037444
decision_type=2 2 2 2 2 2 2 2 2
left_child=6 4 8 -4 7 -6 -1 -2 -3
right_child=1 2 3 -5 5 -7 -8 -9 -10
leaf_value=0.00020345112601762464 -0.016203098884064227 -0.013627301561763379 0.0037938337804961073 -0.022762914318319633 0.028986694113620422 0 0.032633623684636806 0.0047187047499888841 -0.036744322880460735
leaf_weight=8.834148436784746 11.87878565490246 8.9191357791423815 50.19361811876297 9.600028917193411 15.376519441604616 15.329238668084143 10.564434036612509 13.156422182917593 13.398452922701834
leaf_count=36 48 37 206 40 62 62 43 53 56
internal_value=0 -0.00311255 -0.00945939 -0.000825919 0.00598091 0.0152482 0.0199652 -0.0051178 -0.0300031
internal_weight=157.251 137.852 82.1112 59.7936 55.741 30.7058 19.3986 25.0352 22.3176
internal_count=643 564 339 246 225 124 79 101 93
is_linear=0
shrinkage=0.03


Tree=22
num_leaves=12
num_cat=0
split_feature=28 38 11 20 1 12 36 40 13 38 36
split_gain=13.6577 10.4449 10.5106 8.97057 8.65734 6.41576 5.50312 4.5749 3.54182 3.07137 1.11553
threshold=6.5000000000000009 0.0072297456335562596 0.043571244814343831 0.041440693061723259 0.019355924130829875 43.308200002103213 0.0065766509884510908 0.0011314737914067676 -1.0000000180025095e-35 0.0080311085565174904 0.0070911961006431814
decision_type=2 2 2 2 2 2 2 2 2 2 2
left_child=1 10 4 5 -3 9 -5 -4 -7 -2 -1
right_child=3 2 7 6 -6 8 -8 -9 -10 -11 -12
leaf_value=0.010078135647204051 -0.012300290693228017 0.027187415438361499 -0.026894937017325177 0.018563721781276833 -0.0056747892018923617 -0.030396711584367811 -0.0082970197389170951 -0.00079106415434355168 -0.010467692577229886 0.0099458644029185132 0.033401562299635659
leaf_weight=7.3970195055007961 7.6846425086259869 16.533301547169689 8.3084034174680728 13.480993136763574 9.7888046503066999 18.213839307427406 9.8422823846340162 18.009310021996498 24.48230804502964 11.131547853350638 12.181956231594084
leaf_count=30 31 67 34 55 40 76 40 73 102 45 50
internal_value=0 0.00939526 0.00181005 -0.00813069 0.0148991 -0.0140943 0.00687625 -0.0108791 -0.0202846 0 0.0270358
internal_weight=157.054 72.2188 52.6398 84.8356 26.3221 61.5123 23.3233 26.3177 42.6961 18.8162 19.579
internal_count=643 294 214 349 107 254 95 107 178 76 80
is_linear=0
shrinkage=0.03


Tree=23
num_leaves=12
num_cat=0
split_feature=28 15 34 8 34 4 14 34 36 15 40
split_gain=12.9492 10.2436 8.26571 7.97832 7.54571 5.98245 5.51742 8.76902 5.22306 4.3325 3.39025
threshold=6.5000000000000009 91.959201676610718 0.028669557730868104 -0.0051232439384860228 0.014670077654009185 0.049004261095390474 -1.3209880611071865 -0.018873749580101681 0.0048865997776431375 11.13110784020232 0.062573853158862228
decision_type=2 2 2 2 2 2 2 2 2 2 2
left_child=1 2 10 6 -3 8 7 -2 -5 -7 -1
right_child=3 4 -4 5 -6 9 -8 -9 -10 -11 -12
leaf_value=0.023889895793270208 -0.029280529196877771 -0.027164975109431378 -0.008454845781934622 -5.3037482363498299e-07 0.009330617798828841 0.013056049918504474 0.02034012895386773 0.004112306652228964 -0.031369123311737787 -0.01544769991619784 0.00071556390415164082
leaf_weight=38.552182450890541 7.4068172872066489 8.7666841447353381 9.0539320260286313 7.2479242980480221 7.4255208969116202 7.7263939231634122 8.6258674710988981 25.272747546434402 21.017741963267326 7.3946555107831955 8.3293458670377714
leaf_count=157 30 36 37 30 30 32 35 102 89 31 34
internal_value=0 0.00914893 0.0152363 -0.00792852 -0.0104182 -0.016639 0.00122037 -0.00427579 -0.0243527 -0.000183256 0.0202772
internal_weight=156.82 72.1277 55.9355 84.6921 16.1922 43.3867 41.3054 32.6796 28.2657 15.121 46.8815
internal_count=643 294 228 349 66 182 167 132 119 63 191
is_linear=0
shrinkage=0.03


Tree=24
num_leaves=10
num_cat=0
split_feature=28 15 25 34 34 8 2 25 34
split_gain=12.2372 9.68834 8.59988 7.83852 7.21859 6.85249 5.10817 4.26198 3.38519
threshold=6.5000000000000009 91.959201676610718 0.047247023809523815 0.028669557730868104 0.014670077654009185 -0.0069996698420226868 0.04896268974127594 0.15173004453579997 0.0084672293851539866
decision_type=2 2 2 2 2 2 2 2 2
left_child=1 3 -2 6 -3 8 -1 -7 -4
right_child=2 4 5 -5 -6 7 -8 -9 -10
leaf_value=0.024045948436994338 0.014385179106572088 -0.02659588484645516 -0.0093161346511704476 -0.0082499540197784795 0.0091082981006009849 -0.0025763296039404311 -0.00023790428118288361 -0.02549227864910009 0.009051987257720313
leaf_weight=38.787359267473221 11.261972382664679 8.7290078699588793 17.793037816882133 9.0501559525728208 7.4273515343666068 12.219566881656645 8.0930118560790998 28.87675940990448 14.37715572118759
leaf_count=158 46 36 72 37 30 51 33 122 58
internal_value=0 0.00887776 -0.00773302 0.0147971 -0.0101606 -0.0116241 0.0197087 -0.0194623 -0.000618925
internal_weight=156.615 72.0869 84.5285 55.9305 16.1564 73.2665 46.8804 41.0963 32.1702
internal_count=643 294 349 228 66 303 191 173 130
is_linear=0
shrinkage=0.03


Tree=25
num_leaves=11
num_cat=0
split_feature=18 21 5 34 15 36 21 40 5 23
split_gain=10.6928 11.2864 7.00696 9.12928 6.29695 4.47438 7.65651 6.28215 5.10477 3.44203
threshold=0.427101007298129 0.016002550971431856 0.14356382962324024 0.02152847504574518 91.959201676610718 0.0069713536265523174 0.025755742096908597 -0.039438904463816864 -0.038061800793924787 0.9104660008958364
decision_type=2 2 2 2 2 2 2 2 2 2
left_child=5 -2 3 -3 -4 6 8 -7 -1 -9
right_child=1 2 4 -5 -6 7 -8 9 -10 -11
leaf_value=-0.011428117149112339 0.021444176722242293 -0.0081293995609802803 0.015385327382861923 -0.033020765102463802 -0.014883247589165 0.015961773750284215 0.028883501368338536 0.00047747013431086421 0.01512580673748618 -0.024208769906685437
leaf_weight=11.187709242105482 7.9725912809371939 44.257026001811028 12.507095336914064 20.073119297623634 8.5840979367494565 8.381523549556734 14.844567924737929 7.4213030934333828 10.676982030272486 8.6264148652553541
leaf_count=45 33 184 51 85 35 34 60 30 43 35
internal_value=-0.00226704 -0.00865242 -0.0120593 -0.0168839 0.00219437 0.00721465 0.013629 -0.00215846 0.00109111 -0.0131736
internal_weight=154.532 93.3939 85.4213 64.3301 21.0912 61.1385 36.7093 24.4292 21.8647 16.0477
internal_count=635 388 355 269 86 247 148 99 88 65
is_linear=0
shrinkage=0.03


Tree=26
num_leaves=10
num_cat=0
split_feature=18 21 5 23 28 20 2 9 38
split_gain=10.1378 10.7566 6.65106 5.93257 4.93492 6.48923 5.9695 3.7795 2.65282
threshold=0.427101007298129 0.016002550971431856 0.14356382962324024 0.92885664766961329 3.5000000000000004 0.040588035844007227 -0.0087948261709326885 -0.089050476322814071 0.0075997108238381079
decision_type=2 2 2 2 2 2 2 2 2
left_child=4 -2 3 -3 -1 6 -6 -7 -4
right_child=1 2 8 -5 5 7 -8 -9 -10
leaf_value=0.023789521167815259 0.020971625458801955 -0.0058502865063066569 0.014744729881000966 -0.025153774712085821 0.00403995202875926 0.0019315582742508955 -0.020828771030371975 0.030003712186227702 -0.0050646492644711083
leaf_weight=10.851234555244444 7.9530311673879615 31.129888385534286 7.6311812847852734 33.004287123680115 20.096126511693001 10.864197313785555 11.862235799431803 7.4218221753835669 13.456891059875487
leaf_count=44 33 130 31 139 81 44 48 30 55
internal_value=-0.00219527 -0.00842501 -0.0117583 -0.0164712 0.00703371 0.00235569 -0.00543212 0.0158995 0.00211042
internal_weight=154.271 93.1753 85.2222 64.1342 61.0956 50.2444 31.9584 18.286 21.0881
internal_count=635 388 355 269 247 203 129 74 86
is_linear=0
shrinkage=0.03


Tree=27
num_leaves=10
num_cat=0
split_feature=7 21 19 35 40 18 10 11 14
split_gain=10.7206 11.276 7.59047 8.7804 6.49206 5.76344 4.87944 3.64445 1.91689
threshold=-0.016200613792016223 0.016002550971431856 0.17528022943515578 0.071127636958166943 0.077414657780771071 0.16724758633249823 0.015222582881473825 0.0095721409404359043 -20.834633830867798
decision_type=2 2 2 2 2 2 2 2 2
left_child=5 -2 3 -3 -4 7 8 -1 -7
right_child=1 2 4 -5 -6 6 -8 -9 -10
leaf_value=0.0090644991889067047 0.021978233043300838 -0.02164020934101115 0.0065973730742518374 0.010276480152571151 -0.020630070967834264 0.0072752874264826453 -0.00058164640272239082 -0.013528874964543578 0.032304962228450494
leaf_weight=10.42004878818989 8.4142736643552762 51.353185519576073 29.704732611775398 7.1746314764022818 8.4861287623643857 7.4251697808504167 7.8437671959400168 10.846614152193068 12.325608417391775
leaf_count=42 35 216 121 30 35 30 32 44 50
internal_value=-0.00211002 -0.00754731 -0.0106611 -0.0172696 0 0.00913102 0.0177612 -0.00198648 0.0251191
internal_weight=153.994 105.133 96.7187 58.5278 38.1909 48.8612 27.5945 21.2667 19.7508
internal_count=635 437 402 246 156 198 112 86 80
is_linear=0
shrinkage=0.03


Tree=28
num_leaves=10
num_cat=0
split_feature=33 21 16 28 20 9 32 34 22
split_gain=10.2364 9.54248 6.97639 6.52591 6.71438 7.03858 5.94187 4.17236 4.05757
threshold=0.45932467129528504 0.016002550971431856 20.863473962091316 2.5000000000000004 0.040588035844007227 -0.04753192684206 0.0074337447581614988 0.0070616092592091792 -0.075331357137138608
decision_type=2 2 2 2 2 2 2 2 2
left_child=3 -2 8 -1 5 -5 -4 -6 -3
right_child=1 2 6 4 7 -7 -8 -9 -10
leaf_value=0.029887342590799098 0.019384094046173667 -0.025182439968248968 0.017450481315321498 0.0078016040138733644 0.0021893775252386661 -0.017020006023629696 -0.013755736382313527 0.029784876933389902 -0.0083886088489185523
leaf_weight=7.5710272192955008 7.6774134486913672 27.615731418132782 10.498035460710527 17.595156624913216 12.590166226029398 18.9296013712883 7.5213431268930426 8.3678892552852613 35.370768934488297
leaf_count=31 32 117 43 71 51 77 31 34 148
internal_value=-0.00202983 -0.0086518 -0.0118927 0.00676254 0.00256211 -0.00488902 0.00360269 0.0154956 -0.0165309
internal_weight=153.737 88.6833 81.0059 65.0538 57.4828 36.5248 18.0194 20.9581 62.9865
internal_count=635 371 339 264 233 148 74 85 265
is_linear=0
shrinkage=0.03


Tree=29
num_leaves=10
num_cat=0
split_feature=7 38 34 20 18 37 11 13 19
split_gain=9.81608 7.58913 8.03262 9.11508 5.48166 5.18062 3.59582 3.2428 0.0253027
threshold=-0.016200613792016223 0.0066337153159080455 0.02152847504574518 0.040060417779356081 0.19938938628417438 0.027820563409364011 0.0095721409404359043 1.1812864774461718 0.13908134683019088
decision_type=2 2 2 2 2 2 2 2 2
left_child=4 -2 3 -3 6 8 -1 -4 -6
right_child=1 2 7 -5 5 -7 -8 -9 -10
leaf_value=0.0094714861674443027 0.013575558558654957 -0.011002654518425848 -0.033633016020626627 0.012677099860402797 0.034092609105505531 0 -0.011862168403633638 -0.0095999449893379371 0.0133964280203136
leaf_weight=11.883797928690912 11.640503808856009 46.733161404728889 13.420907095074655 18.59168267250061 8.1572016626596469 8.7922275662422162 12.291714936494825 14.287117183208464 7.6468463540077201
leaf_count=48 48 196 57 76 33 36 50 60 31
internal_value=-0.001948 -0.00717125 -0.010156 -0.00386412 0.00880751 0.0182433 -0.00087985 -0.0232263 0.027551
internal_weight=153.445 104.673 93.0329 65.3248 48.7718 24.5963 24.1755 27.708 15.804
internal_count=635 437 389 272 198 100 98 117 64
is_linear=0
shrinkage=0.03


Tree=30
num_leaves=11
num_cat=0
split_feature=38 11 36 38 36 16 34 15 37 26
split_gain=11.6772 9.4153 8.4268 9.69147 6.4603 14.2994 6.51431 6.12055 4.19189 1.16093
threshold=0.0072297456335562596 0.0055832250456512309 0.0076995000225777216 0.011883443035612526 0.0050941336641877758 4.0241877213707236 -0.032965942484888926 -13.786289546105612 -0.018788388377396877 0.18037011999323985
decision_type=2 2 2 2 2 2 2 2 2 2
left_child=7 2 3 -2 5 -3 -6 -1 -4 -9
right_child=1 4 8 -5 6 -7 -8 9 -10 -11
leaf_value=-0.002324936662473096 0.022740205682846782 0.017939923144804443 0.0043921297643772462 -0.0094425389456736439 0.0037954846133293647 -0.024041611607679546 -0.023017230640202779 0.0093730121634591178 -0.022505072004908859 0.032539494010234468
leaf_weight=7.9858558624982861 27.644728302955627 16.38219086825848 7.3923618644475964 9.7001495957374555 8.7161505222320539 10.066921696066855 33.904203847050667 7.2785206288099316 9.068838879466055 12.351081490516661
leaf_count=33 114 67 30 40 36 42 141 30 38 51
internal_value=0.000921026 -0.00300523 0.00610678 0.0139446 -0.0102868 0.000867052 -0.0172733 0.0179206 -0.0104464 0.026304
internal_weight=150.491 122.876 53.8061 37.3449 69.0695 26.4491 42.6204 27.6155 16.4612 19.6296
internal_count=622 508 222 154 286 109 177 114 68 81
is_linear=0
shrinkage=0.03


Tree=31
num_leaves=9
num_cat=0
split_feature=38 33 13 0 38 38 5 26
split_gain=11.1039 9.32661 5.96988 5.55346 5.26579 6.60238 4.88385 0.57058
threshold=0.0072297456335562596 0.57566312575535916 2.9883832970079891 0.014703762738880523 0.011362102376311458 0.0078374021876776705 -0.049585644363259955 0.18632378725891294
decision_type=2 2 2 2 2 2 2 2
left_child=2 3 7 6 5 -3 -2 -1
right_child=1 4 -4 -5 -6 -7 -8 -9
leaf_value=0.010479143801544672 0.0091236741999922485 -0.025708992395231372 -0.0021129195136245899 0.020362808410915041 -0.028586785839931201 0.00054912629610737065 -0.0079308277310234324 0.031402535873437117
leaf_weight=7.2783645093441072 25.68256376683712 9.3198405355215055 8.2324890941381437 12.935481086373327 12.022851034998892 31.504043161869049 31.246303588151932 12.062313005328177
leaf_count=30 104 39 34 53 51 132 129 50
internal_value=0.000897884 -0.00293051 0.0174889 0.00407746 -0.0122795 -0.00601589 0 0.0259515
internal_weight=150.284 122.711 27.5732 69.8643 52.8467 40.8239 56.9289 19.3407
internal_count=622 508 114 286 222 171 233 80
is_linear=0
shrinkage=0.03


Tree=32
num_leaves=11
num_cat=0
split_feature=33 7 20 26 22 36 19 36 21 33
split_gain=6.81129 6.49092 7.38981 7.00938 6.24897 7.16953 6.53427 5.329 4.11038 1.50635
threshold=0.51033737669773827 -0.064480057036191377 0.0432752171477035 0.27901986226170278 0.25005019540766621 0.0070624294123895282 0.17528022943515578 0.0075083000837755948 0.026017940998063063 0.27013899857842366
decision_type=2 2 2 2 2 2 2 2 2 2
left_child=1 -1 3 -3 5 6 -2 -6 -7 -4
right_child=4 2 9 -5 7 8 -8 -9 -10 -11
leaf_value=-0.014930574651422841 -0.029054039423345748 -0.00605330958301199 0.037316752521228423 0.016079536020342303 0.019063789116896313 0.016650840696162034 -0.0029030599631798635 -0.0095588629339158123 -0.0074100801410566545 0.011545349007337873
leaf_weight=7.858657479286193 19.423149913549423 25.492084294557571 7.767103940248492 21.588318556547165 13.142838552594187 9.3734380900859851 17.535171881318092 7.1881473660469046 11.915686309337614 8.8207408487796766
leaf_count=32 84 104 32 88 54 40 72 30 50 36
internal_value=0.000874744 0.00754937 0.0109227 0.00403157 -0.00505133 -0.0100897 -0.0178175 0.00832259 0.00305984 0.0271363
internal_weight=150.105 71.5269 63.6682 47.0804 78.5784 58.2474 36.9583 20.331 21.2891 16.5878
internal_count=622 292 260 192 330 246 156 84 90 68
is_linear=0
shrinkage=0.03


Tree=33
num_leaves=9
num_cat=0
split_feature=38 38 38 11 5 13 20 26
split_gain=10.4951 8.91392 8.48429 13.4417 8.33114 5.71476 3.23502 0.494599
threshold=0.0072297456335562596 0.0078374021876776705 0.011883443035612526 0.0055832250456512309 -0.045937794233410982 2.9883832970079891 0.037439623677604457 0.18632378725891294
decision_type=2 2 2 2 2 2 2 2
left_child=5 6 3 -3 -4 7 -2 -1
right_child=1 2 4 -5 -6 -7 -8 -9
leaf_value=0.010271000607962537 -0.032332854530635349 0.021138711334574119 0.0027126371427453155 -0.0036157317071115482 -0.029557871648649123 -0.0021263503793282116 -0.0030380396735470959 0.030588454837763041
leaf_weight=7.2654167711734834 9.3426721841096896 28.518987312912941 12.061962738633158 52.589416474103928 12.640076920390127 8.2234535068273527 7.2572648376226416 11.999635621905325
leaf_count=30 39 118 49 218 54 34 30 50
internal_value=0.00085554 -0.00286711 0.000354018 0.00520707 -0.0142156 0.0170118 -0.0220358 0.0253182
internal_weight=149.899 122.41 105.81 81.1084 24.702 27.4885 16.5999 19.2651
internal_count=622 508 439 336 103 114 69 80
is_linear=0
shrinkage=0.03


Tree=34
num_leaves=11
num_cat=0
split_feature=33 37 40 33 28 7 21 33 35 36
split_gain=6.38313 8.90226 11.6988 6.2155 6.20923 6.07363 4.71168 4.58875 4.12397 1.36733
threshold=0.51033737669773827 0.0064353997501002133 0.059193236502242626 0.87138155114116655 6.5000000000000009 -0.064480057036191377 0.028048288567090605 0.27013899857842366 0.036955013395850507 0.0068094986502908574
decision_type=2 2 2 2 2 2 2 2 2 2
left_child=5 9 4 -4 -3 -1 8 -8 -7 -2
right_child=1 2 3 -5 -6 6 7 -9 -10 -11
leaf_value=-0.014458017215381171 -0.028565035403678014 0.020919914623467414 -0.026731387437867675 0.0033940961544821229 -0.0026653052275332841 0.013266925879196104 0.035976402574078518 0.006391814557785769 -0.0045669665612458844 -0.007459795563288794
leaf_weight=7.8364096134901038 10.904624387621881 21.747202172875404 13.575953066349031 8.2098992019891721 14.956743597984312 19.884988114237785 9.1597446650266665 12.724726751446722 21.78466072678566 8.9415074139833433
leaf_count=32 47 90 58 34 63 81 38 52 89 38
internal_value=0.000822214 -0.00492135 0.000907278 -0.0154173 0.0112804 0.00729131 0.0105612 0.0213781 0.00381782 -0.0212963
internal_weight=149.726 78.3359 58.4898 21.7859 36.7039 71.3905 63.5541 21.8845 41.6696 19.8461
internal_count=622 330 245 92 153 292 260 90 170 85
is_linear=0
shrinkage=0.03


Tree=35
num_leaves=10
num_cat=0
split_feature=8 22 18 6 15 35 34 19 21
split_gain=6.87074 8.65383 5.90389 5.88239 5.63771 5.49728 4.33502 4.09654 1.74528
threshold=-0.010420586063985918 0.62849871879587371 0.15155141784258749 -0.0082620033935995145 -23.717533360786813 0.061465475981697611 0.0046943255760739664 0.17528022943515578 0.028518112625650831
decision_type=2 2 2 2 2 2 2 2 2
left_child=2 5 6 8 -5 7 -1 -2 -4
right_child=1 -3 3 4 -6 -7 -8 -9 -10
leaf_value=-0.018633016175861182 -0.017408225432628242 0.017242083545049875 0.011466969609859672 0.019459306326510856 -0.0094217943033363567 0.009251229769721243 0.0068119591142338249 -0.002241811882138978 0.037258463787695796
leaf_weight=8.8405026346445101 42.953243464231491 11.362899631261824 9.5906011760234851 8.4103954583406466 12.195128694176672 11.042138963937758 10.83137486875057 29.829726994037628 7.9433806389570227
leaf_count=36 186 47 39 34 50 46 44 123 33
internal_value=-1.40136e-06 -0.00501968 0.00790209 0.0146295 0.00238152 -0.00854361 -0.0045951 -0.0116191 0.0265376
internal_weight=152.999 95.188 57.8114 38.1395 20.6055 83.8251 19.6719 72.783 17.534
internal_count=638 402 236 156 84 355 80 309 72
is_linear=0
shrinkage=0.03


Tree=36
num_leaves=8
num_cat=0
split_feature=33 22 7 21 34 37 20
split_gain=7.44018 9.77841 5.42086 7.98077 5.20935 7.00948 3.78549
threshold=0.28822341342677577 0.62849871879587371 -0.064480057036191377 0.028048288567090605 -0.034618762320220646 0.0099510965333866625 0.035485366446494492
decision_type=2 2 2 2 2 2 2
left_child=2 4 -1 6 -2 -6 -4
right_child=1 -3 3 -5 5 -7 -8
leaf_value=-0.0099259507174727455 0.012182040058693128 0.01849123243224346 0.012455292150509546 0.036166327969776473 -0.022057486188182356 -0.0036823073156477216 -0.0096609904080275991
leaf_weight=7.5766817182302466 8.4065747112035734 12.59863595664501 18.223399907350544 9.5657668858766538 27.638069450855255 60.630328699946404 8.1572460532188398
leaf_count=31 35 52 74 40 118 255 33
internal_value=0 -0.0042476 0.0101485 0.0150752 -0.00767765 -0.00996324 0.00488922
internal_weight=152.797 109.274 43.5231 35.9464 96.675 88.2684 26.3806
internal_count=638 460 178 147 408 373 107
is_linear=0
shrinkage=0.03


Tree=37
num_leaves=13
num_cat=0
split_feature=12 33 18 21 26 33 18 21 20 34 24 2
split_gain=7.07113 6.61635 7.60849 7.9239 5.28138 5.2702 4.34453 5.2337 7.12696 4.41461 3.70919 2.80411
threshold=49.338144408021741 0.75781687055572422 0.91569081240148076 0.024380784586715328 0.13557040750023208 0.5036504259095792 0.15155141784258749 0.027143649910885654 0.03180237803990002 0.0046943255760739664 0.31567944250871088 -0.0087948261709326885
decision_type=2 2 2 2 2 2 2 2 2 2 2 2
left_child=6 4 3 -3 -2 -6 9 8 -8 -1 -4 -9
right_child=1 2 10 -5 5 -7 7 11 -10 -11 -12 -13
leaf_value=-0.018150051184654268 -0.028490584099739317 0.030836111355516296 -0.022516735050768198 -0.0014270980848750624 0.0099250736356242576 -0.014222303439566219 0.015606185333415281 0.037557334452185835 -0.012163769752742783 0.0076884729977491524 0.001430161815516812 0.0094566775827972637
leaf_weight=8.8225781768560427 13.17129150032997 10.435830697417261 9.2643087506294268 13.052051186561583 10.402432739734651 20.185431092977524 16.640395507216457 7.1294317096471813 12.700817227363585 10.576774731278418 9.3732980936765653 10.849149242043493
leaf_count=36 57 44 39 55 43 86 69 30 52 43 39 45
internal_value=0 -0.00568984 0.00248433 0.013614 -0.0136513 -0.00544475 0.00715581 0.0119927 0.00309778 -0.00395966 -0.010775 0.0239951
internal_weight=152.604 85.8846 42.1255 23.4879 43.7592 30.5879 66.7191 47.3198 29.3412 19.3994 18.6376 17.9786
internal_count=638 363 177 99 186 129 275 196 121 79 78 75
is_linear=0
shrinkage=0.03


Tree=38
num_leaves=12
num_cat=0
split_feature=12 37 38 8 11 25 5 35 8 38 11
split_gain=6.72467 6.20089 6.29987 4.90113 4.3925 10.4027 7.08925 7.02248 3.60432 2.12524 0.309388
threshold=49.338144408021741 0.0087152227498208407 0.011309704828660883 0.01469365559646839 0.0055832250456512309 0.07362240289069559 -0.062166507707377409 0.010714251522749409 0.014012807264623792 0.012085292895264737 0.022320255204628662
decision_type=2 2 2 2 2 2 2 2 2 2 2
left_child=4 8 3 -3 5 -1 -6 -8 -2 -7 -10
right_child=1 2 -4 -5 6 9 7 -9 10 -11 -12
leaf_value=-0.012789513594009819 -0.00022244906338750954 -0.011326920663627886 -0.020607701431194607 0.0088095738013647482 -0.021461278329064824 0.02830715611195507 0.025453425746683956 -0.0057931076629624744 -0.011422554980253699 0.0065394474699968881 -0.033360401001877649
leaf_weight=8.0752982050180417 8.3154370784759539 12.171090528368948 9.5773608982563001 41.184438690543175 8.7865863144397753 18.48690161108971 9.2200175970792788 12.673678725957869 6.9226721078157407 9.4223099797964078 7.5532212555408478
leaf_count=33 35 51 42 172 36 76 38 53 30 39 33
internal_value=0 -0.00554664 -0.000287391 0.00370192 0.00698831 0.0138415 -0.000945899 0.00776697 -0.018269 0.0223885 -0.0264398
internal_weight=152.389 85.7242 62.9329 53.3555 66.6648 35.9845 30.6803 21.8937 22.7913 27.9092 14.4759
internal_count=638 363 265 223 275 148 127 91 98 115 63
is_linear=0
shrinkage=0.03


Tree=39
num_leaves=7
num_cat=0
split_feature=3 38 11 35 33 21
split_gain=6.76805 7.94928 7.89471 11.9311 5.87668 2.05187
threshold=0.078807395668584315 0.0066785424997837335 0.013603466349846884 0.050753853021297209 0.23727151877700234 0.035463268243049073
decision_type=2 2 2 2 2 2
left_child=1 -1 4 -4 -3 -2
right_child=5 2 3 -5 -6 -7
leaf_value=0.022591128871660777 -0.024835816543460908 0.019772428028174728 -0.015200970816521917 0.014014531732985685 9.4607923039437213e-05 -0.0016576791837992235
leaf_weight=13.381504893302916 9.6924712061882037 19.980274930596352 46.724641680717468 14.720835402607916 40.284715905785561 7.4209396541118613
leaf_count=56 41 82 197 61 170 31
internal_value=0 0.00225952 -0.000183681 -0.00774409 0.00728505 -0.016795
internal_weight=152.205 135.092 121.71 61.4455 60.265 17.1134
internal_count=638 566 510 258 252 72
is_linear=0
shrinkage=0.03


Tree=40
num_leaves=6
num_cat=0
split_feature=21 40 26 40 3
split_gain=9.47097 7.22861 7.22539 7.71925 4.47991
threshold=0.015474573808034029 0.088449802860481444 0.36773157538877627 0.004979324603780034 0.0033373817488535633
decision_type=2 2 2 2 2
left_child=-1 2 3 -2 -4
right_child=1 -3 4 -5 -6
leaf_value=0.030024080548520782 -0.01212523378453886 -0.022954788185160106 0.019836662502403537 0.0045584251386245325 -2.5416202394548372e-05
leaf_weight=7.7866097390651694 42.767517775297165 9.8326287418603879 23.534064576029778 53.148217037320137 14.55672565102577
leaf_count=33 179 42 97 223 61
internal_value=0.00144429 -0.000390521 0.00146803 -0.00282312 0.0122494
internal_weight=151.626 143.839 134.007 95.9157 38.0908
internal_count=635 602 560 402 158
is_linear=0
shrinkage=0.03


Tree=41
num_leaves=6
num_cat=0
split_feature=21 15 25 18 14
split_gain=9.07107 6.72451 8.43865 7.03132 3.62473
threshold=0.015474573808034029 102.26351411851316 0.052786377708978337 0.92457529778450886 -11.77557234147457
decision_type=2 2 2 2 2
left_child=-1 2 4 -4 -2
right_child=1 -3 3 -5 -6
leaf_value=0.029445783547130663 0.0021291904977129182 -0.021218829807660003 0.0011598993726393255 -0.021193809828915791 0.031533033359385204
leaf_weight=7.7413121312856665 8.0418115109205264 10.823343530297278 103.6698834002018 12.287178382277487 8.9420251548290235
leaf_count=33 33 45 435 52 37
internal_value=0.00140664 -0.000383588 0.0014909 -0.00140079 0.0200916
internal_weight=151.506 143.764 132.941 115.957 16.9838
internal_count=635 602 557 487 70
is_linear=0
shrinkage=0.03


Tree=42
num_leaves=10
num_cat=0
split_feature=38 3 34 32 32 38 20 16 23
split_gain=9.16298 6.85865 11.0297 11.395 5.23562 4.68249 4.1467 3.92388 0.216938
threshold=0.0068199106301578523 0.017587379501521231 0.010798732777574817 0.0072198579774375169 -0.012769212782627879 0.0076540501876347514 0.041440693061723259 15.246382804023948 0.96306376518157755
decision_type=2 2 2 2 2 2 2 2 2
left_child=7 4 3 -3 6 -6 -2 -1 -4
right_child=1 2 8 -5 5 -7 -8 -9 -10
leaf_value=0.029099827660591694 -0.016573580446776637 0.018870822080138867 -0.010872608963657228 -0.01686491022939049 -0.007236325099967778 0.012407321329891609 0.0075626275878741172 0 -0.030047203976418756
leaf_weight=11.92803366482258 15.047342121601107 15.055822029709818 7.0459751188755062 13.034651666879652 11.430817693471907 49.051202788949013 7.7770134210586539 7.2392534911632529 13.794673696160315
leaf_count=50 63 63 30 55 48 204 32 30 60
internal_value=0.00137671 -0.00143042 -0.0102028 0.0017713 0.00366471 0.0083419 -0.00779861 0.0197574 -0.0257409
internal_weight=151.405 132.237 48.9311 28.0905 83.3064 60.482 22.8244 19.1673 20.8406
internal_count=635 555 208 118 347 252 95 80 90
is_linear=0
shrinkage=0.03


Tree=43
num_leaves=10
num_cat=0
split_feature=38 26 11 15 33 34 32 23 35
split_gain=8.74453 7.67901 5.26243 9.04887 4.48832 3.44551 2.88214 2.03886 1.14507
threshold=0.0068199106301578523 0.36773157538877627 0.031097815429815271 -10.986852253854307 0.56146688796885325 0.0091719668098241298 -0.014191779560666083 1.1601432078861507 0.031322588482372245
decision_type=2 2 2 2 2 2 2 2 2
left_child=7 2 3 -2 8 -6 -4 -1 -3
right_child=1 4 6 -5 5 -7 -8 -9 -10
leaf_value=0.026271267121331241 -0.010291998441586209 0.0060117949986030952 -0.02979071189847236 0.012807799759118913 0.0084387116733274856 -0.016154010223319436 -0.0082646305139384476 0.002850021112178143 0.023472711117396097
leaf_weight=11.95782218873501 34.349217548966408 10.473414197564127 8.2193914949893934 24.22870908677578 9.2947311401367205 7.0758689492940894 25.786268517374992 7.1670800298452368 12.664679199457167
leaf_count=50 144 43 35 103 39 31 108 30 52
internal_value=0.00132795 -0.0014121 -0.0062089 -0.000382549 0.00922478 -0.00197591 -0.01525 0.019305 0.0172729
internal_weight=151.217 132.092 92.5836 58.5779 39.5087 16.3706 34.0057 19.1249 23.1381
internal_count=635 555 390 247 165 70 143 80 95
is_linear=0
shrinkage=0.03


Tree=44
num_leaves=6
num_cat=0
split_feature=21 15 28 2 26
split_gain=8.40074 6.20181 6.3498 11.2208 5.29506
threshold=0.015474573808034029 102.26351411851316 5.5000000000000009 0.06075711802489326 0.36773157538877627
decision_type=2 2 2 2 2
left_child=-1 2 3 -2 -4
right_child=1 -3 4 -5 -6
leaf_value=0.028422700807634003 0.016612653922820027 -0.020480451598875328 -0.0082208546972659721 -0.018634896220557449 0.0077169612395668365
leaf_weight=7.6471952497959128 40.020374000072479 10.7560698390007 60.497524634003639 7.9534713178873053 24.16984535753727
leaf_count=33 167 45 256 33 101
internal_value=0.00129835 -0.000416056 0.00137964 0.00995697 -0.00342495
internal_weight=151.044 143.397 132.641 47.9738 84.6674
internal_count=635 602 557 200 357
is_linear=0
shrinkage=0.03


Tree=45
num_leaves=6
num_cat=0
split_feature=21 15 15 11 5
split_gain=9.12461 8.0042 6.18888 10.4556 4.95058
threshold=0.015474573808034029 -103.46081595140116 -12.716681423051043 -0.017332770944195771 -0.0078010893378773196
decision_type=2 2 2 2 2
left_child=-1 -2 4 -4 -3
right_child=1 2 3 -5 -6
leaf_value=0.029692914136523824 0.025556035210857253 -0.0051156621989751688 0.031459119442292044 -0.0019924040187488693 -0.028962851829497444
leaf_weight=7.0983827114105216 7.3087001591920844 30.466550275683403 7.2235188931226721 90.181627690792084 10.446392878890036
leaf_count=31 30 126 30 380 46
internal_value=0.00047168 -0.00123404 -0.0031006 0.000920483 -0.0126202
internal_weight=152.725 145.627 138.318 97.4051 40.9129
internal_count=643 612 582 410 172
is_linear=0
shrinkage=0.03


Tree=46
num_leaves=7
num_cat=0
split_feature=21 37 20 4 28 34
split_gain=8.74598 5.06268 7.67636 5.34007 4.55542 2.23265
threshold=0.015474573808034029 0.049086804193327456 0.040358605554067589 -0.076951977564721871 7.5000000000000009 0.019132684769602063
decision_type=2 2 2 2 2 2
left_child=-1 2 4 -4 -2 -3
right_child=1 5 3 -5 -6 -7
leaf_value=0.029172731862392234 0.0028903708003968553 -0.021995756993926779 -0.0038297310776030848 0.019397802460944177 -0.010548082264950272 -0.0022072630866952123
leaf_weight=7.0446822494268408 43.357573106884956 11.473524272441866 10.774443507194517 26.114787489175797 41.647698074579239 12.168710887432097
leaf_count=31 182 48 44 110 176 52
internal_value=0.000474616 -0.00118948 0.00122801 0.0123798 -0.00361242 -0.0133621
internal_weight=152.581 145.537 121.895 36.8892 85.0053 23.6422
internal_count=643 612 512 154 358 100
is_linear=0
shrinkage=0.03


Tree=47
num_leaves=6
num_cat=0
split_feature=21 15 38 13 23
split_gain=8.39497 7.54387 10.9283 4.08398 0.0517743
threshold=0.015474573808034029 -103.46081595140116 0.012005549554043303 -6.8333237016945523 1.0322985516925332
decision_type=2 2 2 2 2
left_child=-1 -2 3 -3 -4
right_child=1 2 4 -5 -6
leaf_value=0.028668046164070902 0.024852768165771422 0.013128315731223647 -0.029092637544390957 -0.0019116005951139747 -0.011421638670113103
leaf_weight=6.989682048559188 7.2992112189531317 17.155819147825241 9.5557310432195681 103.16581459343433 8.2481531202793104
leaf_count=31 30 71 42 434 35
internal_value=0.000460054 -0.00116451 -0.00298153 0.000289798 -0.0236437
internal_weight=152.414 145.425 138.126 120.322 17.8039
internal_count=643 612 582 505 77
is_linear=0
shrinkage=0.03


Tree=48
num_leaves=7
num_cat=0
split_feature=21 37 20 4 36 36
split_gain=8.05606 4.76973 7.17179 5.07316 4.75485 2.72693
threshold=0.015474573808034029 0.049086804193327456 0.040358605554067589 -0.076951977564721871 0.0037357669776730451 0.005796328881898659
decision_type=2 2 2 2 2 2
left_child=-1 2 4 -4 -2 -3
right_child=1 5 3 -5 -6 -7
leaf_value=0.02817797536532007 -0.02295580479115316 -0.0002379069378211005 -0.0037840983016467844 0.018842826014880083 -0.00071166113467236185 -0.021546411475949514
leaf_weight=6.9335445761680594 8.0274822711944562 11.01420070230961 10.757788792252539 26.09215897321701 76.879466876387596 12.548275947570799
leaf_count=31 34 46 44 110 324 54
internal_value=0.000453181 -0.0011324 0.00120991 0.0119964 -0.00346721 -0.0129705
internal_weight=152.253 145.319 121.757 36.8499 84.9069 23.5625
internal_count=643 612 512 154 358 100
is_linear=0
shrinkage=0.03


Tree=49
num_leaves=7
num_cat=0
split_feature=38 15 38 34 17 17
split_gain=6.32474 7.46422 9.8112 7.46429 1.52714 1.14966
threshold=0.0068199106301578523 -103.46081595140116 0.012005549554043303 0.038927536366978217 1.1064013387565679 -1.7218256100511018
decision_type=2 2 2 2 2 2
left_child=4 -2 3 -3 -1 -4
right_child=1 2 5 -5 -6 -7
leaf_value=0.026088455629395556 0.024170568228153066 0.0025716547688555314 -0.031443743657727147 -0.021834427245878672 0.0042258886333583949 -0.0094566317314820902
leaf_weight=7.6034862101078025 7.2868086844682685 100.60850782692432 8.6673257201910037 10.66778741776943 8.239527225494383 9.025387763977049
leaf_count=32 30 424 37 45 35 40
internal_value=0.000427484 -0.00164866 -0.00356881 0 0.0173071 -0.0230889
internal_weight=152.099 136.256 128.969 111.276 15.843 17.6927
internal_count=643 576 546 469 67 77
is_linear=0
shrinkage=0.03


end of trees

feature_importances:
macro_topix_vol_20=38
volatility=30
macro_usdjpy_vol_20=28
month=25
price_position_20d=20
macro_usdjpy_ret_20=20
macd_signal=19
atr_pct=19
bb_pct_b=15
ma_20_60_cross=14
div_ma_20=13
macro_nikkei_ret_20=13
return_10d=12
return_20d=11
macro_usdjpy_ret_60=11
macro_topix_ret_20=11
vol_ratio=10
div_ma_10=9
rsi_change=9
bb_bandwidth=9
lower_shadow_pct=9
div_ma_60=8
rsi=7
gap=7
return_2d=6
macd_hist_change=6
return_3d=5
return_5d=5
macd=5
macd_hist=5
vol_change=5
upper_shadow_pct=5
ma_5_20_cross=4
div_ma_5=3
candle_body_pct=3
return_1d=2

parameters:
[boosting: gbdt]
[objective: binary]
[metric: binary_logloss]
[tree_learner: serial]
[device_type: cpu]
[data_sample_strategy: bagging]
[data: ]
[valid: ]
[num_iterations: 50]
[learning_rate: 0.03]
[num_leaves: 15]
[num_threads: 0]
[seed: 42]
[deterministic: 0]
[force_col_wise: 0]
[force_row_wise: 0]
[histogram_pool_size: -1]
[max_depth: 4]
[min_data_in_leaf: 30]
[min_sum_hessian_in_leaf: 0.001]
[bagging_fraction: 0.7]
[pos_bagging_fraction: 1]
[neg_bagging_fraction: 1]
[bagging_freq: 5]
[bagging_seed: 400]
[bagging_by_query: 0]
[feature_fraction: 0.6]
[feature_fraction_bynode: 1]
[feature_fraction_seed: 30056]
[extra_trees: 0]
[extra_seed: 12879]
[early_stopping_round: 0]
[early_stopping_min_delta: 0]
[first_metric_only: 0]
[max_delta_step: 0]
[lambda_l1: 0.5]
[lambda_l2: 2]
[linear_lambda: 0]
[min_gain_to_split: 0]
[drop_rate: 0.1]
[max_drop: 50]
[skip_drop: 0.5]
[xgboost_dart_mode: 0]
[uniform_drop: 0]
[drop_seed: 17869]
[top_rate: 0.2]
[other_rate: 0.1]
[min_data_per_group: 100]
[max_cat_threshold: 32]
[cat_l2: 10]
[cat_smooth: 10]
[max_cat_to_onehot: 4]
[top_k: 20]
[monotone_constraints: ]
[monotone_constraints_method: basic]
[monotone_penalty: 0]
[feature_contri: ]
[forcedsplits_filename: ]
[refit_decay_rate: 0.9]
[cegb_tradeoff: 1]
[cegb_penalty_split: 0]
[cegb_penalty_feature_lazy: ]
[cegb_penalty_feature_coupled: ]
[path_smooth: 0]
[interaction_constraints: ]
[verbosity: -1]
[saved_feature_importance_type: 0]
[use_quantized_grad: 0]
[num_grad_quant_bins: 4]
[quant_train_renew_leaf: 0]
[stochastic_rounding: 1]
[linear_tree: 0]
[max_bin: 255]
[max_bin_by_feature: ]
[min_data_in_bin: 5]
[bin_construct_sample_cnt: 200000]
[data_random_seed: 175]
[is_enable_sparse: 1]
[enable_bundle: 1]
[use_missing: 1]
[zero_as_missing: 0]
[feature_pre_filter: 1]
[pre_partition: 0]
[two_round: 0]
[header: 0]
[label_column: ]
[weight_column: ]
[group_column: ]
[ignore_column: ]
[categorical_feature: ]
[forcedbins_filename: ]
[precise_float_parser: 0]
[parser_config_file: ]
[objective_seed: 16083]
[num_class: 1]
[is_unbalance: 0]
[scale_pos_weight: 1]
[sigmoid: 1]
[boost_from_average: 1]
[reg_sqrt: 0]
[alpha: 0.9]
[fair_c: 1]
[poisson_max_delta_step: 0.7]
[tweedie_variance_power: 1.5]
[lambdarank_truncation_level: 30]
[lambdarank_norm: 1]
[label_gain: ]
[lambdarank_position_bias_regularization: 0]
[eval_at: ]
[multi_error_top_k: 1]
[auc_mu_weights: ]
[num_machines: 1]
[local_listen_port: 12400]
[time_out: 120]
[machine_list_filename: ]
[machines: ]
[gpu_platform_id: -1]
[gpu_device_id: -1]
[gpu_use_dp: 0]
[num_gpu: 1]

end of parameters

pandas_categorical:[]
