tree
version=v4
num_class=1
num_tree_per_iteration=1
label_index=0
max_feature_idx=44
objective=binary sigmoid:1
feature_names=return_1d return_2d return_3d return_5d return_10d return_20d div_ma_5 div_ma_10 div_ma_20 div_ma_60 ma_5_20_cross ma_20_60_cross rsi rsi_change macd macd_signal macd_hist macd_hist_change bb_pct_b bb_bandwidth atr_pct volatility vol_change vol_ratio candle_body_pct upper_shadow_pct lower_shadow_pct day_of_week month is_month_end is_month_start streak gap price_position_20d macro_usdjpy_ret_20 macro_usdjpy_ret_60 macro_usdjpy_vol_20 macro_topix_ret_20 macro_topix_vol_20 macro_topix_above_200dma macro_nikkei_ret_20 macro_nikkei_above_200dma macro_nikkei_vi macro_jgb10y macro_bias_score
feature_infos=[-0.17843007915567277:0.10865931126713479] [-0.27818023761228627:0.15054195102368517] [-0.28828571428571426:0.14409896355733864] [-0.26992966002344665:0.17971621860111298] [-0.31446252578501033:0.23966278602970692] [-0.31434076520781729:0.28905009971759554] [-0.21345121566150932:0.072780003663649021] [-0.24496847720659551:0.1221353008904828] [-0.2723289271890747:0.15802979456649011] [-0.24855578515513049:0.26733705986454204] [-0.17127114202068505:0.11697173026504171] [-0.10843000636627298:0.15148122777001616] [15.424604368828057:94.676593936869992] [-24.833695919054882:26.569604319274454] [-100.22412012140285:129.67651474878494] [-83.966395033402549:102.67520083101624] [-65.712059809890292:46.855397878072438] [-23.621336967890954:11.896716012532153] [-0.4192127105366768:1.4268634129131379] [0.028234234456391796:0.52991599763335762] [0.010143020810450409:0.083695841308508781] [0.0073463587010194663:0.058539118552346857] [-0.80233488936449893:3.3657137662469454] [0.42193551680846803:2.1110948292129428] [-0.99549549549549554:1] [0:0.92753648827952229] [0:0.95238095238095233] [0:4] [1:12] none [0:1] [-7:8] [-0.20976925382079714:0.16419108791649939] [0:1] [-0.10288784967882303:0.08505611680078462] [-0.13986255140503889:0.1344631365590534] [0.0024251968629527628:0.011841457708833433] [-0.22586490939044479:0.19897850606512013] [0.0040695656522785678:0.036437277456277402] [0:1] [-0.22859537662338159:0.23022297972565586] [0:1] none none none
tree_sizes=1366 1295 1244 1097 1613 1065 1382 962 974 957 1089 1100 885 891 846 1289 1176 1208 1175 992 1175 886 971 784 1074 1295 1095 1415 1353 1183 1105 1003 1077 1214 971 1097 969 1200 1193 998 971 995 779 1080 781 1205 785 784 884 978

Tree=0
num_leaves=12
num_cat=0
split_feature=14 34 4 7 36 26 34 0 14 0 0
split_gain=16.5672 8.15108 9.79684 7.19571 7.7756 6.6074 7.11206 3.61884 3.16562 2.70512 2.43642
threshold=22.557279699768234 0.027638425936921011 0.019295710794619562 0.017024180062509484 0.0080213846019836638 0.32299961187900644 0.010720713584153609 -0.0023154914139568712 33.822676363389753 0.010326183052367878 -0.011135649529458612
decision_type=2 2 2 2 2 2 2 2 2 2 2
left_child=1 3 -3 4 -1 6 10 -8 -7 -5 -2
right_child=5 2 -4 9 -6 8 7 -9 -10 -11 -12
leaf_value=0.12651368113995631 0.10879904825462956 0.093651843926059963 0.13240502206642385 0.10073957127315905 0.15348303611874264 0.13149746957831518 0.12609646290327386 0.102540824031623 0.10984640162686135 0.12290538685675552 0.082245892695102019
leaf_weight=41.356400519609451 7.7231832295656231 12.955017030239107 7.474048286676406 7.4740482866764051 12.70588208734989 7.9723181724548366 8.7197230011224764 10.214532658457754 13.453286916017531 7.4740482866764069 17.937715888023376
leaf_count=166 31 52 30 30 51 32 35 41 54 30 72
internal_value=0.115906 0.124161 0.108538 0.129128 0.134167 0.104643 0.0982973 0.113863 0.117783 0.112004 0.0884679
internal_weight=155.46 89.4394 20.4291 69.0104 54.0623 66.0208 44.5952 18.9343 21.4256 14.9481 25.6609
internal_count=624 359 82 277 217 265 179 76 86 60 103
is_linear=0
shrinkage=1


Tree=1
num_leaves=11
num_cat=0
split_feature=9 20 38 36 36 38 40 35 38 9
split_gain=15.5609 13.4392 8.33146 8.19447 12.6884 11.4456 5.91906 4.65244 8.08033 2.58328
threshold=0.049201421719082816 0.021289522653138968 0.0072012040902935384 0.0082830220519992514 0.0051504224273809058 0.0074159115507504798 0.0370310229146762 -0.047027463053953215 0.0095567710018403893 0.025857241270293523
decision_type=2 2 2 2 2 2 2 2 2 2
left_child=3 2 -2 4 9 -6 -4 -3 -9 -1
right_child=1 7 6 -5 5 -7 -8 8 -10 -11
leaf_value=0.03332693305232997 -0.014713431929288048 0 -0.00053635227083575663 0.026359576307837532 0.022713937089611592 -0.012969318203037424 0.02847741009843895 -0.039333090839589128 -0.0080506717904386457 0.0066464506052252431
leaf_weight=8.7155288457870501 13.208591908216475 7.7289008349180213 11.214987248182299 14.424967899918554 7.9712744057178488 38.613847404718399 9.9670055061578733 18.947865664958954 15.700366005301474 8.9677598774433118
leaf_count=35 53 31 45 58 32 155 40 76 63 36
internal_value=-0.00182635 -0.0113663 0.00219647 0.00734534 0.00218453 -0.00587108 0.0137478 -0.022314 -0.0267801 0.0226086
internal_weight=155.461 76.7677 34.3906 78.6934 64.2684 46.5851 21.182 42.3771 34.6482 17.6833
internal_count=624 308 138 316 258 187 85 170 139 71
is_linear=0
shrinkage=0.03


Tree=2
num_leaves=11
num_cat=0
split_feature=14 13 36 38 28 35 33 28 20 20
split_gain=15.1558 6.97738 6.25553 10.2218 11.5423 9.62153 5.76235 3.50971 4.81535 2.26653
threshold=22.557279699768234 -5.6100803782218014 0.0082830220519992514 0.010899820236199332 9.5000000000000018 0.040253656556901947 0.57498173989928125 10.500000000000002 0.019123814351846891 0.022389416446645868
decision_type=2 2 2 2 2 2 2 2 2 2
left_child=2 9 3 5 -5 -1 -4 8 -3 -2
right_child=1 7 6 4 -6 -7 -8 -9 -10 -11
leaf_value=0 0.014688858404339438 0 0.037033024480372351 -0.030299587746273709 0.0068562503608922592 0.027810654870665672 0.000704523985456299 0 -0.026019404371675211 -0.0054545648758450964
leaf_weight=31.386163756251335 7.4738493114709836 7.4728736430406562 8.188100680708887 13.214098066091539 12.695289954543112 15.940919086337088 7.9486680775880805 9.7251327782869321 33.678198039531708 7.7302353829145432
leaf_count=126 30 30 33 53 51 64 32 39 135 31
internal_value=-0.0017541 -0.0125226 0.0061435 0.00195445 -0.0123695 0.0102839 0.0220163 -0.0177514 -0.021432 0.00413192
internal_weight=155.454 66.0803 89.3732 73.2365 25.9094 47.3271 16.1368 50.8762 41.1511 15.2041
internal_count=624 265 359 294 104 190 65 204 165 61
is_linear=0
shrinkage=0.03


Tree=3
num_leaves=9
num_cat=0
split_feature=26 14 19 2 38 24 35 36
split_gain=15.0937 14.4025 7.28338 7.65672 6.6526 6.318 4.36023 2.27523
threshold=0.6123709237438032 22.557279699768234 0.075277983590148395 0.01495844666145252 0.010791728037763145 -0.091429455445544539 0.027902596173809194 0.0048473441793030593
decision_type=2 2 2 2 2 2 2 2
left_child=1 2 4 -4 -1 6 -3 -7
right_child=-2 5 3 -5 -6 7 -8 -9
leaf_value=0.0010960629114225566 0.028004116959951742 0.0043540561098689848 0.019327658466802511 -0.0051393897944075418 -0.026685007222106275 -0.010599963550962195 -0.015949055854240786 -0.03260932213629239
leaf_weight=25.875847116112709 11.94865047931671 17.452808395028114 31.583245798945427 15.183066487312315 8.4766290187835676 12.224300369620325 15.713313907384871 16.97716335952282
leaf_count=104 48 70 127 61 34 49 63 68
internal_value=-0.0016835 -0.00460979 0.00357031 0.0111916 -0.00643739 -0.0152627 -0.00519853 -0.0251466
internal_weight=155.435 143.486 81.1188 46.7663 34.3525 62.3676 33.1661 29.2015
internal_count=624 576 326 188 138 250 133 117
is_linear=0
shrinkage=0.03


Tree=4
num_leaves=14
num_cat=0
split_feature=9 20 38 11 19 40 38 38 11 35 38 19 0
split_gain=13.7668 12.0883 8.07222 10.7089 7.73498 8.96878 7.74875 5.94697 4.59492 4.36924 7.60506 4.22035 1.14401
threshold=0.049201421719082816 0.021289522653138968 0.0072012040902935384 0.050835741938503938 0.075277983590148395 0.024527089099423697 0.011028996609989928 0.014271091893598563 0.0085243927695136685 -0.047027463053953215 0.0095567710018403893 0.064686848613622103 -0.0094889752569575197
decision_type=2 2 2 2 2 2 2 2 2 2 2 2 2
left_child=4 2 -2 -4 5 8 12 -8 -1 -3 -11 -7 -6
right_child=1 9 3 -5 6 11 7 -9 -10 10 -12 -13 -14
leaf_value=-0.030101683421162158 -0.014407328129581893 0 -0.0077985129118938812 0.031343909040213162 0.010768259218626357 0.026449455698485773 -0.010009039792912063 0.017617747677169157 -0.00094004912251559401 -0.037451325944404555 -0.0072317130163940223 -0.001672249502797953 0.034609634666008832
leaf_weight=8.7282860428094882 13.213160976767538 7.7328908890485755 9.7178774923086184 11.448970362544058 7.456491410732272 7.4524964243173581 12.952784165740015 10.908366858959196 11.20110961794853 18.988144010305405 15.719445258378981 7.4600105881690979 12.425118848681448
leaf_count=35 53 31 39 46 30 30 52 44 45 76 63 30 50
internal_value=-0.00164763 -0.0106193 0.00222596 0.013604 0.00698242 -0.0031528 0.0151681 0.00242655 -0.0159762 -0.0209944 -0.0253129 0.0129605 0.0281551
internal_weight=155.405 76.8205 34.38 21.1668 78.5847 34.8419 43.7428 23.8612 19.9294 42.4405 34.7076 14.9125 19.8816
internal_count=624 308 138 85 316 140 176 96 80 170 139 60 80
is_linear=0
shrinkage=0.03


Tree=5
num_leaves=9
num_cat=0
split_feature=23 15 20 19 19 2 40 33
split_gain=15.3998 10.6045 9.14832 5.22481 6.94501 5.13343 5.05867 4.42799
threshold=1.1920853169920986 34.415375629600284 0.020897821235760713 0.075277983590148395 0.064100659320677891 -0.010214502896985776 0.062573853158862228 0.66067078588826489
decision_type=2 2 2 2 2 2 2 2
left_child=1 3 -3 4 -1 -2 -5 -4
right_child=5 2 7 6 -6 -7 -8 -9
leaf_value=0.010886964346649538 0 0.0098895179590480758 -0.001461719321266668 0.0089813876086473777 -0.012974102273543951 -0.029021209395980286 0.03127765433096745 -0.031400424856785139
leaf_weight=23.135878637433052 7.4598624855279949 10.957718953490259 8.2362406700849551 49.250579997897148 17.439689561724663 17.194012224674225 11.673229888081549 12.737747848033903
leaf_count=93 30 44 33 198 70 69 47 51
internal_value=0 0.00413362 -0.0103027 0.00893154 0.000151281 -0.0208128 0.0143502 -0.0214475
internal_weight=158.085 133.431 31.9317 101.499 40.5756 24.6539 60.9238 20.974
internal_count=635 536 128 408 163 99 245 84
is_linear=0
shrinkage=0.03


Tree=6
num_leaves=12
num_cat=0
split_feature=9 13 40 38 24 6 38 9 38 35 37
split_gain=11.8479 9.24456 10.1117 8.54258 8.38613 7.23166 7.325 5.34892 3.99505 3.56628 3.47155
threshold=0.062652738024325763 1.9919305369158666 0.055060495780799641 0.0081829872327241881 0.46049896049896061 0.0054296633751302241 0.0093680030557112409 0.011026560484881221 0.013306632180492451 -0.0084087064077980594 0.011290741771607828
decision_type=2 2 2 2 2 2 2 2 2 2 2
left_child=3 2 10 7 -3 6 -5 -1 -7 -9 -2
right_child=1 4 -4 5 -6 8 -8 9 -10 -11 -12
leaf_value=0 -0.00882841785962361 0.025558289768957597 0.0037543239890004249 -0.01198268085017915 -0.0089667262515566361 -0.019933439202648763 0.01431341044910896 0.0078430290501970423 0.0039772356202186273 0.040329607503513693 -0.034532151804583293
leaf_weight=7.4519181102514294 10.728846818208696 8.7194665819406527 12.198109075427054 10.434125483036039 12.962550714612005 15.685030713677408 36.047686889767647 7.455785468220717 7.4431070834398261 9.9395015090703911 18.972520276904106
leaf_count=30 43 35 49 42 52 63 145 30 30 40 76
internal_value=0 -0.00981209 -0.017843 0.00671482 0.00527008 0.00091652 0.00785033 0.0211218 -0.0119375 0.0294235 -0.0268633
internal_weight=158.039 63.5815 41.8995 94.4572 21.682 69.61 46.4818 24.8472 23.1281 17.3953 29.7014
internal_count=635 255 168 380 87 280 187 100 93 70 119
is_linear=0
shrinkage=0.03


Tree=7
num_leaves=8
num_cat=0
split_feature=23 15 36 6 33 5 40
split_gain=14.5468 9.77738 8.59591 5.13689 5.04144 6.49984 3.87111
threshold=1.1920853169920986 34.415375629600284 0.0049773884110654526 -0.0015387084059830696 0.24822225966804282 0.050034505127981029 0.019376067742508888
decision_type=2 2 2 2 2 2 2
left_child=1 4 -3 -2 -1 -6 -4
right_child=3 2 6 -5 5 -7 -8
leaf_value=0.026241787795178908 -0.00030654347907196899 0.0083256443666577425 -0.0028793870675236782 -0.029813483126713631 0 0.016873010439867886 -0.031851732565450909
leaf_weight=11.422740817070006 9.1966649442911166 12.202285483479502 8.48420198261738 15.466285601258276 60.87871041893959 29.09790800511837 11.235975250601767
leaf_count=46 37 49 34 62 245 117 45
internal_value=0 0.00402237 -0.00983224 -0.0202214 0.00863495 0.00571462 -0.0214905
internal_weight=157.985 133.322 31.9225 24.663 101.399 89.9766 19.7202
internal_count=635 536 128 99 408 362 79
is_linear=0
shrinkage=0.03


Tree=8
num_leaves=8
num_cat=0
split_feature=23 26 14 38 23 11 18
split_gain=13.7915 10.3558 8.56046 5.9171 5.54313 5.53054 1.37605
threshold=1.1920853169920986 0.49086075108009314 24.368549498746578 0.010825274427929264 0.99866912974296496 0.025519127228516351 0.6832887857697324
decision_type=2 2 2 2 2 2 2
left_child=1 2 3 -1 -4 -2 -3
right_child=5 6 4 -5 -6 -7 -8
leaf_value=0.012310636864081036 -0.0036519812772673626 0.032024204526947798 -0.019476373375144154 -0.0050895474373738704 0.0012237163429436463 -0.033184480616532758 0.0081957673974587045
leaf_weight=50.631013780832291 12.940770342946054 9.6752230226993579 22.69263282418251 23.600118815898895 19.206343606114388 11.731639087200163 7.454416722059249
leaf_count=204 52 39 91 95 77 47 30
internal_value=0 0.00391123 0.000403419 0.00659348 -0.0100224 -0.0196923 0.0243798
internal_weight=157.932 133.26 116.13 74.2311 41.899 24.6724 17.1296
internal_count=635 536 467 299 168 99 69
is_linear=0
shrinkage=0.03


Tree=9
num_leaves=8
num_cat=0
split_feature=23 26 15 20 19 2 8
split_gain=13.1086 9.89387 7.85601 7.19506 5.88272 4.52838 2.07918
threshold=1.1920853169920986 0.49086075108009314 34.415375629600284 0.020897821235760713 0.075277983590148395 -0.010214502896985776 0.010279175438285012
decision_type=2 2 2 2 2 2 2
left_child=1 2 4 -4 -1 -2 -3
right_child=5 6 3 -5 -6 -7 -8
leaf_value=-0.0043544745816269425 0 0.03398960610431561 0.0065763205846093757 -0.022904888851060377 0.011041219276038277 -0.026904111460802706 0.0080936736092514436
leaf_weight=34.077745094895363 7.4595398008823421 8.4067433923482913 9.4625703096389788 18.721599608659744 53.83356237411499 17.215104967355728 8.6922623068094236
leaf_count=137 30 34 38 75 217 69 35
internal_value=0 0.00381219 0.000382119 -0.01273 0.00494233 -0.0191996 0.0238369
internal_weight=157.869 133.194 116.095 28.1842 87.9113 24.6746 17.099
internal_count=635 536 467 113 354 99 69
is_linear=0
shrinkage=0.03


Tree=10
num_leaves=9
num_cat=0
split_feature=15 35 21 20 21 19 11 35
split_gain=11.4436 11.4827 7.3692 7.59948 6.28932 5.42473 10.0063 4.3044
threshold=40.67118063746868 0.051122905301416728 0.0148430361791061 0.019040009822057696 0.012871113555235451 0.067231453230252439 0.024736266726285486 0.034654756365754109
decision_type=2 2 2 2 2 2 2 2
left_child=1 2 4 -4 -1 -3 -7 -2
right_child=7 5 3 -5 -6 6 -8 -9
leaf_value=0.0088546086472320179 -0.02876822854890828 -0.02660956890718566 0.037256691951483407 0.007925251474464207 -0.017054007047035146 0.019249231041335031 -0.018840219722887304 -0.0003030008881262371
leaf_weight=13.624346613883974 14.961323738098146 12.703990265727041 8.1893034130334836 59.35242734849453 15.644684210419653 8.92827355861664 12.175717249512671 8.2330252528190595
leaf_count=55 60 51 33 239 63 36 49 33
internal_value=-0.00151296 0.00192513 0.00726933 0.0126665 -0.00471921 -0.0125106 -0.00180544 -0.0200858
internal_weight=153.813 130.619 96.8108 67.5417 29.269 33.808 21.104 23.1943
internal_count=619 526 390 272 118 136 85 93
is_linear=0
shrinkage=0.03


Tree=11
num_leaves=9
num_cat=0
split_feature=15 35 36 23 36 34 35 34
split_gain=10.8647 10.8879 7.20685 7.72798 6.02781 5.68884 4.06496 3.44319
threshold=40.67118063746868 0.051122905301416728 0.0081443842700233398 1.1876484857716589 0.0074235845784227919 0.015135881977324185 0.034654756365754109 -0.038309355706293284
decision_type=2 2 2 2 2 2 2 2
left_child=1 2 3 -1 5 -3 -2 -4
right_child=6 4 7 -5 -6 -7 -8 -9
leaf_value=0.006754277467886264 -0.028017729421955576 -0.019459653228121175 0.0069773099735992682 -0.01833844330366308 -0.032260484661949598 0.0069694480943654239 -0.0002956872274861594 0.036303549685949239
leaf_weight=67.747128635644913 14.954880505800249 10.192844644188883 9.8916447460651415 10.973591983318327 7.9750768393278113 15.643923848867415 8.2330406755208951 8.1445989012718183
leaf_count=273 60 41 40 44 32 63 33 33
internal_value=-0.00147494 0.00187323 0.00708236 0.00270285 -0.0121776 -0.00356723 -0.0195754 0.0232707
internal_weight=153.757 130.569 96.757 78.7207 33.8118 25.8368 23.1879 18.0362
internal_count=619 526 390 317 136 104 93 73
is_linear=0
shrinkage=0.03


Tree=12
num_leaves=7
num_cat=0
split_feature=23 33 28 4 17 19
split_gain=9.14421 8.1844 8.64681 12.1146 6.41691 3.88524
threshold=1.1920853169920986 0.24822225966804282 10.500000000000002 0.025444673551616063 0.12619210044686915 0.12880881378894229
decision_type=2 2 2 2 2 2
left_child=1 -1 3 -3 -4 -2
right_child=5 2 4 -5 -6 -7
leaf_value=0.02298825025556717 -0.031828499685078435 -0.014313938548114734 0.025492586955952402 0.006642935078596166 -0.0043729464230455933 -0.0049560406748053749
leaf_weight=12.354136630892752 9.2210980355739611 53.906388223171234 14.874246641993524 41.918178036808968 8.4492200464010221 12.952327877283095
leaf_count=50 37 217 60 169 34 52
internal_value=-0.00144724 0.00154272 -0.000899896 -0.00504469 0.0145902 -0.0184606
internal_weight=153.676 131.502 119.148 95.8246 23.3235 22.1734
internal_count=619 530 480 386 94 89
is_linear=0
shrinkage=0.03


Tree=13
num_leaves=7
num_cat=0
split_feature=23 5 38 6 19 19
split_gain=8.71879 6.18203 11.8425 7.17355 7.14596 3.68685
threshold=1.1920853169920986 -0.028883967225366621 0.011541026147528622 0.00043786607534084481 0.075277983590148395 0.12880881378894229
decision_type=2 2 2 2 2 2
left_child=1 3 4 -1 -3 -2
right_child=5 2 -4 -5 -6 -7
leaf_value=0.030662313867368667 -0.031054590085288183 -0.0076955643816338576 -0.025697842000206216 -0.0029121196404128325 0.0086100546190212342 -0.0048272974684731816
leaf_weight=10.85420034825802 9.2172586172819155 36.020187273621559 13.432236462831495 8.423152416944502 62.734840676188469 12.952174142003058
leaf_count=44 37 145 54 34 253 52
internal_value=-0.00140414 0.00151347 -0.00115417 0.0163924 0.00247912 -0.0180197
internal_weight=153.634 131.465 112.187 19.2774 98.755 22.1694
internal_count=619 530 452 78 398 89
is_linear=0
shrinkage=0.03


Tree=14
num_leaves=7
num_cat=0
split_feature=23 33 4 36 13 35
split_gain=8.29702 7.58667 6.45849 6.68225 4.08715 3.37773
threshold=1.1920853169920986 0.24822225966804282 0.060449884185774024 0.0091331274483767901 1.5260203650757307 0.010025867013824021
decision_type=2 2 2 2 2 2
left_child=1 -1 3 -3 -4 -2
right_child=5 2 4 -5 -6 -7
leaf_value=0.022153596337350014 0 -0.0068030551109781873 0 0.019252855706142196 0.025263791744140455 -0.025106066492215022
leaf_weight=12.303344234824179 7.4736869484186199 90.409266635775566 10.930853173136713 7.6317286342382422 10.145413935184477 14.687247112393377
leaf_count=50 30 364 44 31 41 59
internal_value=-0.0013808 0.00146334 -0.000880398 -0.00428052 0.0132862 -0.0175931
internal_weight=153.582 131.421 119.117 98.041 21.0763 22.1609
internal_count=619 530 480 395 85 89
is_linear=0
shrinkage=0.03


Tree=15
num_leaves=11
num_cat=0
split_feature=22 13 17 20 17 17 6 16 37 37
split_gain=8.1473 6.51934 6.78651 6.68031 6.35273 8.43851 6.29865 5.49443 3.69505 0.259411
threshold=-0.25080083450311935 1.9919305369158666 2.0056593373658864 0.018051423396850421 0.17037513945811791 -0.67735177040044803 0.029008545007696711 1.7028073428665211 0.035452833780026401 0.0057920376383329151
decision_type=2 2 2 2 2 2 2 2 2 2
left_child=7 4 3 -3 5 -2 -4 9 -6 -1
right_child=1 2 6 -5 8 -7 -8 -9 -10 -11
leaf_value=0.032875774121060568 -0.010759677712007587 -0.0075286816628595717 -0.026500090689651409 0.019823279934918881 -0.028828403373825581 0.012772142930818199 0.0069636625404728598 0 -0.0011715382777414613 0.012417665426852012
leaf_weight=7.4336403906345394 35.032088443636894 8.9279692023992521 7.7024694085121146 27.213209837675095 14.667085185647013 19.545293092727661 8.1837562620639783 11.657606944441794 7.7087383121252051 8.434323236346243
leaf_count=30 141 36 31 110 59 79 33 47 31 34
internal_value=0.000680232 -0.00243933 0.00547182 0.0126328 -0.0079811 -0.00191373 -0.00957162 0.0149811 -0.0207935 0.0254482
internal_weight=156.506 128.981 52.0274 36.1412 76.9532 54.5774 15.8862 27.5256 22.3758 15.868
internal_count=631 520 210 146 310 220 64 111 90 64
is_linear=0
shrinkage=0.03


Tree=16
num_leaves=10
num_cat=0
split_feature=14 23 21 21 21 28 23 33 28
split_gain=13.9762 9.75409 5.48391 6.64694 4.83261 8.34171 5.10606 3.24561 1.92488
threshold=27.247832894669845 1.1518704323909426 0.015319424994214221 0.016970989004940578 0.012121486785547276 6.5000000000000009 0.73453915485083499 0.63669238457823762 7.5000000000000009
decision_type=2 2 2 2 2 2 2 2 2
left_child=1 4 -2 -4 5 -1 -6 -5 -3
right_child=2 8 3 7 6 -7 -8 -9 -10
leaf_value=-0.023156541283369182 -0.027564058609002517 0 0.011702492161876273 0.0024006269680308849 -0.0036289957232582561 0.015401343797102904 0.018265176897604554 -0.017719137699237966 -0.021101888204111911
leaf_weight=7.452643737196925 12.207028701901434 7.9651250243186977 12.420134425163267 7.7293430119752911 9.3742201924324018 8.6512705236673337 58.797912210226059 23.639251574873924 8.2100273966789228
leaf_count=30 49 32 50 31 38 35 238 95 33
internal_value=0.000658938 0.00740067 -0.0110146 -0.00507106 0.0115833 -0.002201 0.0150232 -0.0124653 -0.012443
internal_weight=156.447 100.451 55.9958 43.7887 84.276 16.1039 68.1721 31.3686 16.1752
internal_count=631 406 225 176 341 65 276 126 65
is_linear=0
shrinkage=0.03


Tree=17
num_leaves=10
num_cat=0
split_feature=15 18 34 33 12 25 11 38 15
split_gain=9.54587 9.44608 7.59117 7.8338 7.42429 4.63802 4.53969 4.01394 4.15071
threshold=34.415375629600284 0.83364784882798559 0.010387922546974739 0.61046273609271384 46.411173366307899 0.041960093896713617 0.039295630613508832 0.0096698427417792384 13.69547857484902
decision_type=2 2 2 2 2 2 2 2 2
left_child=1 4 3 -2 6 -6 -1 8 -3
right_child=2 7 -4 -5 5 -7 -8 -9 -10
leaf_value=0.0047984087837274073 0.00075666549057932814 0.012541506446338248 0.0063887658514475048 -0.032289245810948046 -0.00047848379078795766 0.020188959710792275 -0.019080020022966472 -0.023174732261346021 -0.011534790429097925
leaf_weight=24.692493975162506 8.474172458052637 9.379116386175161 11.194750964641569 16.409514248371124 10.401153355836867 45.984381705522537 7.6722934693098059 9.4492351412773115 12.665580511093138
leaf_count=100 34 38 45 66 42 186 31 38 51
internal_value=0.000614966 0.00478197 -0.0124009 -0.0212584 0.00982206 0.0162338 -0.00120664 -0.00871161 -0.000476327
internal_weight=156.323 120.244 36.0784 24.8837 88.7503 56.3855 32.3648 31.4939 22.0447
internal_count=631 486 145 100 359 228 131 127 89
is_linear=0
shrinkage=0.03


Tree=18
num_leaves=10
num_cat=0
split_feature=14 23 20 14 1 23 13 26 2
split_gain=12.5723 9.16811 6.48444 13.8421 5.5908 5.3943 6.41032 6.04937 2.0682
threshold=27.247832894669845 1.1518704323909426 0.018091537331067827 1.8687739851393419 -0.020524785087964677 0.82791888613795905 -3.0473436834055501 0.34636695718964339 0.0016180577364052209
decision_type=2 2 2 2 2 2 2 2 2
left_child=1 2 3 -1 -4 -2 -7 -8 -3
right_child=5 8 4 -5 -6 6 7 -9 -10
leaf_value=-0.023166370927377604 -0.031759966458054172 0 -0.0032290503079556048 0.017814165651296222 0.020354522708345261 0.010234003058684344 -0.021537886035927097 0.0026183630128285402 -0.020930029489770671
leaf_weight=11.924100592732431 7.454553708434104 7.7097044885158565 9.0972363948822004 13.787511467933653 49.284804224967957 13.431401342153547 22.124856799840927 12.925662904977797 8.4602366834878904
leaf_count=48 30 31 37 56 200 54 89 52 34
internal_value=0.000578368 0.00698554 0.0110544 -0.000950126 0.016446 -0.010492 -0.00579599 -0.0125644 -0.0122371
internal_weight=156.2 100.264 84.0937 25.7116 58.382 55.9365 48.4819 35.0505 16.1699
internal_count=631 406 341 104 237 225 195 141 65
is_linear=0
shrinkage=0.03


Tree=19
num_leaves=8
num_cat=0
split_feature=15 23 26 34 33 19 6
split_gain=8.5177 9.17989 9.1984 7.16732 7.37744 7.02924 4.69636
threshold=34.415375629600284 1.1621795368202752 0.49086075108009314 0.010387922546974739 0.69422520859990777 0.071476388427319695 0.0073928546512908927
decision_type=2 2 2 2 2 2 2
left_child=1 2 5 4 -2 -1 -3
right_child=3 6 -4 -5 -6 -7 -8
leaf_value=-0.0079055546367284724 -0.0032444301478561258 0.00068112828858306112 0.030025432051741619 0.0064455224142279909 -0.036640633209827363 0.010161460864121468 -0.024292134178838156
leaf_weight=26.043637365102768 13.694678738713266 11.690277874469759 13.49906277656555 11.194762915372847 11.136490389704703 57.858185902237892 10.935132831335066
leaf_count=105 55 47 55 45 45 235 44
internal_value=0.000536611 0.00448276 0.00857047 -0.0117605 -0.020396 0.00432524 -0.0117723
internal_weight=156.052 120.026 97.4009 36.0259 24.8312 83.9018 22.6254
internal_count=631 486 395 145 100 340 91
is_linear=0
shrinkage=0.03


Tree=20
num_leaves=10
num_cat=0
split_feature=14 20 14 12 33 22 20 22 4
split_gain=7.70593 7.63557 9.77806 5.22061 6.83554 4.81459 4.80644 5.4561 4.02429
threshold=24.906252209040876 0.018401069844023992 4.380657221550849 45.772340728826258 0.84202199890962215 -0.10332191517598381 0.019040009822057696 0.24781183392798881 0.0056502190004901207
decision_type=2 2 2 2 2 2 2 2 2
left_child=1 2 -1 5 -5 -3 -2 8 -8
right_child=6 3 -4 4 -6 -7 7 -9 -10
leaf_value=-0.022238990314186829 0.0093330736371212315 -0.012675164187684574 0.010522870979155073 0.023547133159973768 -0.002794510492471198 0.010890605458354914 0 0.0045982244251312624 -0.022759431340532616
leaf_weight=14.62446901202202 10.430477127432821 11.357957646250727 13.785555034875868 35.189114630222321 9.8484240323305112 16.525480046868324 9.4488090425729734 12.188986480236052 26.03690929710865
leaf_count=59 42 46 56 143 40 67 38 49 105
internal_value=0.00132212 0.00635263 -0.00620197 0.0114791 0.0175942 0.00058358 -0.0071206 -0.0112532 -0.017053
internal_weight=159.436 101.331 28.41 72.921 45.0375 27.8834 58.1052 47.6747 35.4857
internal_count=645 411 115 296 183 113 234 192 143
is_linear=0
shrinkage=0.03


Tree=21
num_leaves=7
num_cat=0
split_feature=36 26 14 20 5 14
split_gain=7.45866 6.0674 5.80787 6.78309 5.92906 1.50582
threshold=0.0037179638870490444 0.49086075108009314 24.635390259969544 0.01906454451711662 0.096773247556626321 1.4463700534764714
decision_type=2 2 2 2 2 2
left_child=-1 2 3 -2 -4 -3
right_child=1 5 4 -5 -6 -7
leaf_value=-0.021191590361571887 -0.0056733209917961009 0.0034718021067976089 -0.016454833534346933 0.011847341118787854 0.0038536588586091567 0.023321338965808448
leaf_weight=10.152319133281706 28.64618031680584 8.0788561254739779 26.813016265630722 51.972883194684982 20.599515795707703 13.047732174396513
leaf_count=41 116 33 108 211 83 53
internal_value=0.0012829 0.00317199 0.000488704 0.00545358 -0.00752891 0.0173361
internal_weight=159.311 149.158 128.032 80.6191 47.4125 21.1266
internal_count=645 604 518 327 191 86
is_linear=0
shrinkage=0.03


Tree=22
num_leaves=8
num_cat=0
split_feature=36 37 26 40 10 34 5
split_gain=7.09876 6.73563 6.38731 5.68332 7.39533 3.46966 1.25017
threshold=0.0043653729591138397 0.018586599097880966 0.49086075108009314 0.072276324650495175 0.017409540255325377 0.020930528714567468 0.0073080364851508825
decision_type=2 2 2 2 2 2 2
left_child=1 -1 3 4 -2 -5 -4
right_child=2 -3 6 5 -6 -7 -8
leaf_value=0.0040675175505626316 0.0038436165679209028 -0.028931230877025198 0.0055303859323062293 0 -0.01261162083890874 0.026005346812429352 0.025154785326374468
leaf_weight=7.9183555394411114 68.213211968541145 10.656092897057531 8.5632856041193026 7.366114258766177 35.402822628617287 9.822227403521536 11.28468908369541
leaf_count=32 276 43 35 30 143 40 46
internal_value=0.00124489 -0.0151068 0.00369095 0.000846303 -0.00176903 0.0159351 0.0186559
internal_weight=159.227 18.5744 140.652 120.804 103.616 17.1883 19.848
internal_count=645 75 570 489 419 70 81
is_linear=0
shrinkage=0.03


Tree=23
num_leaves=6
num_cat=0
split_feature=36 30 40 18 17
split_gain=6.85772 5.44947 7.11378 9.16751 5.56077
threshold=0.0037179638870490444 1.0000000180025095e-35 0.05610276351085975 0.73229099595514813 0.1855637665540866
decision_type=2 2 2 2 2
left_child=-1 2 3 -2 -4
right_child=1 -3 4 -5 -6
leaf_value=-0.02032382327719184 0.0076953772179223744 -0.013289866949356875 0.030666645584640898 -0.010361496330365663 0.0034238605895439323
leaf_weight=10.148783370852469 68.819573611021042 14.097634866833685 13.433141544461252 37.126706302165985 15.503953814506529
leaf_count=41 279 57 55 150 63
internal_value=0.00122225 0.00303913 0.00502461 0.00115402 0.0177203
internal_weight=159.13 148.981 134.883 105.946 28.9371
internal_count=645 604 547 429 118
is_linear=0
shrinkage=0.03


Tree=24
num_leaves=9
num_cat=0
split_feature=15 34 17 20 20 2 28 23
split_gain=6.71291 6.73 8.54195 7.18487 6.72819 6.03288 3.41374 1.36642
threshold=38.570818424448873 0.034830690815106487 0.11219856787686401 0.018091537331067827 0.020789031041669299 -0.023643311515823436 7.5000000000000009 0.97282726283048371
decision_type=2 2 2 2 2 2 2 2
left_child=1 2 5 -4 -2 -1 -3 -6
right_child=4 6 3 -5 7 -7 -8 -9
leaf_value=0 0.0099150494576688477 -0.01948000295922175 -0.020064867348281064 0.0047676278405696026 -0.028667821656081199 0.022665744746684612 0.001764425198469534 -0.0084880811637749794
leaf_weight=16.02243360877037 7.4515400975942638 12.337075650691988 11.389742583036421 45.814683467149734 9.3941988497972506 35.084289386868477 10.168132692575453 11.384152725338934
leaf_count=65 30 50 46 186 38 143 41 46
internal_value=0.00118278 0.00415628 0.0073414 -0.000434103 -0.0114635 0.0160157 -0.00990877 -0.0199862
internal_weight=159.046 130.816 108.311 57.2044 28.2299 51.1067 22.5052 20.7784
internal_count=645 531 440 232 114 208 91 84
is_linear=0
shrinkage=0.03


Tree=25
num_leaves=11
num_cat=0
split_feature=14 23 0 24 32 38 6 32 21 36
split_gain=14.8453 7.81069 4.9091 5.33026 5.07136 4.71549 7.74709 5.0462 3.74338 2.26249
threshold=24.906252209040876 1.1621795368202752 0.0017658747522935061 -0.14987651408117855 -0.00060124633580455045 0.010538236536327635 -0.0011040976618837983 -0.0061156826083792462 0.018059513536429938 0.0070624294123895282
decision_type=2 2 2 2 2 2 2 2 2 2
left_child=1 5 3 4 -2 7 -7 -1 -4 -3
right_child=2 9 8 -5 -6 6 -8 -9 -10 -11
leaf_value=-0.0018068803799694082 -0.02304318323553366 -0.020867441294899411 -0.028899751549407004 0.016582659436035728 0.002450446097694538 0.01807277265693159 -0.010674403135293819 0.02073367138853538 -0.0047965089329046516 0
leaf_weight=9.3386761993169767 10.904483243823057 7.4745706468820554 16.351109564304355 7.4272223860025397 12.657764464616774 12.480397224426271 17.984102502465248 42.139168277382851 12.343890264630316 7.4218952357769012
leaf_count=38 44 30 66 30 51 51 73 172 50 30
internal_value=3.72804e-05 0.00733686 -0.0114171 -0.00227691 -0.00964087 0.0110559 0.00102828 0.0164494 -0.0200079 -0.0111204
internal_weight=156.523 96.8388 59.6845 30.9895 23.5622 81.9423 30.4645 51.4778 28.695 14.8965
internal_count=635 394 241 125 95 334 124 210 116 60
is_linear=0
shrinkage=0.03


Tree=26
num_leaves=9
num_cat=0
split_feature=9 23 26 2 18 40 5 26
split_gain=13.3193 7.63469 6.27398 5.9941 5.41102 2.56515 2.47966 2.99577
threshold=0.11263207367766902 1.1621795368202752 0.46593135095925592 -0.0056537082857505685 0.41969667894911977 0.013434786039294157 0.089580930634510572 0.19160839160839163
decision_type=2 2 2 2 2 2 2 2
left_child=1 2 4 -3 -1 -4 -2 -8
right_child=6 3 5 -5 -6 -7 7 -9
leaf_value=0.015044599831064426 -0.031343810630255146 0.0051420032099338906 0.0042668684348555275 -0.025220542317763637 -0.00070363577436791179 0.030693839503706927 -0.020561422139765771 0.00037602521271073969
leaf_weight=25.044366896152496 8.1198455244302767 8.4417232871055621 7.3099921196699169 10.898408964276312 65.335300341248512 11.420744165778158 8.913998097181322 10.883498042821882
leaf_count=102 33 34 30 44 265 47 36 44
internal_value=1.75541e-05 0.00425094 0.0074354 -0.0120249 0.00372909 0.0225105 -0.0179413 -0.00938469
internal_weight=156.368 128.451 109.11 19.3401 90.3797 18.7307 27.9173 19.7975
internal_count=635 522 444 78 367 77 113 80
is_linear=0
shrinkage=0.03


Tree=27
num_leaves=12
num_cat=0
split_feature=14 7 38 21 32 34 6 40 0 1 32
split_gain=13.6893 6.62588 5.33863 9.863 6.22485 5.72636 5.58771 5.0234 3.17319 2.53756 1.30931
threshold=24.906252209040876 0.012790571402653291 0.0099653941385011557 0.014533056287146367 -0.0061156826083792462 0.031314855170889618 0.0054296633751302241 0.052599684167536027 0.0025514002925858263 -0.015399144935820007 0.0049740640792974586
decision_type=2 2 2 2 2 2 2 2 2 2 2
left_child=2 8 4 -4 -1 -6 -5 10 9 -2 -3
right_child=1 7 3 6 5 -7 -8 -9 -10 -11 -12
leaf_value=-0.0069318607380571386 -0.0037993737130956212 -0.035622410379690023 -0.025560103989441755 0.015905536149814752 0.023589064273951209 -0.0023034288472627428 -0.0063025684637713691 -0.0014162604044436445 -0.014244225519754636 0.015446447953608246 -0.01249912325064545
leaf_weight=8.8417470157146436 8.9333887845277822 11.602209091186525 8.9463981837034208 22.023300737142563 33.696610048413277 8.0732521116733533 15.046838745474814 11.107321143150328 7.6617471426725379 10.663835003972054 9.6428844928741437
leaf_count=36 36 47 36 90 138 33 61 45 31 43 39
internal_value=8.72787e-06 -0.0109912 0.00703214 -0.000106765 0.0135653 0.0183653 0.00664611 -0.019755 0 0.00643931 -0.0277508
internal_weight=156.24 59.6114 96.6281 46.0165 50.6116 41.7699 37.0701 32.3524 27.259 19.5972 21.2451
internal_count=635 241 394 187 207 171 151 131 110 79 86
is_linear=0
shrinkage=0.03


Tree=28
num_leaves=12
num_cat=0
split_feature=33 14 18 28 24 37 33 18 20 6 1
split_gain=13.8182 8.49006 10.5069 6.07112 5.04864 4.52337 4.08769 3.95469 3.874 3.37915 2.9154
threshold=0.59105023843850513 24.635390259969544 0.63624043705977729 2.5000000000000004 0.079370078740157488 0.011909668693732224 0.43493975903614462 0.74850862385227723 0.021461818819086573 -0.024088895938333677 -0.0026174393964304428
decision_type=2 2 2 2 2 2 2 2 2 2 2
left_child=4 2 -2 8 9 -5 -6 -4 -3 -1 -11
right_child=1 3 7 5 6 -7 -8 -9 -10 10 -12
leaf_value=0 -0.02483602752031103 0.013056129013811656 0.021915507726821642 -0.0011023890673526058 -0.01277607544509197 -0.028148780730066901 0.011177733185532824 0.0013049295347624125 -0.0133314859342035 0.028115174522238291 0.0057560992496078576
leaf_weight=7.8912012726068488 8.1189718097448331 8.1580611318349856 12.45125290751457 8.6773009896278364 10.562823548913004 25.420466274023056 11.032563120126722 24.77287457883358 7.8747999966144553 20.05994571745396 11.023088008165358
leaf_count=32 33 33 51 35 43 103 45 101 32 82 45
internal_value=0 -0.007 0.00211917 -0.0153009 0.0110647 -0.0221239 0 0.00934739 0 0.0172582 0.0214666
internal_weight=156.043 95.4737 45.3431 50.1306 60.5696 34.0978 21.5954 37.2241 16.0329 38.9742 31.083
internal_count=635 388 185 203 247 138 88 152 65 159 127
is_linear=0
shrinkage=0.03


Tree=29
num_leaves=10
num_cat=0
split_feature=14 7 19 40 19 19 0 15 32
split_gain=12.3365 6.16236 5.05234 4.76612 3.75706 4.0344 2.96865 2.39874 1.27323
threshold=24.906252209040876 0.012790571402653291 0.044441760742215848 0.052599684167536027 0.060194070317065272 0.072507798707520221 0.0025514002925858263 42.18739253713121 0.0049740640792974586
decision_type=2 2 2 2 2 2 2 2 2
left_child=2 6 -1 8 -4 -6 7 -2 -3
right_child=1 3 4 -5 5 -7 -8 -9 -10
leaf_value=-0.01216306426325209 0.014048153630178931 -0.034448242345390109 0.024164085138865244 -0.0011048065195263287 -0.0049617936622748087 0.010031116467022884 -0.013676858739477094 -0.0049800063380164555 -0.011860664478567819
leaf_weight=9.1232288032770139 12.14832210540772 11.550993889570238 11.471172302961348 11.094164639711378 19.425890982151031 56.369011446833611 7.6473393440246573 7.430308684706687 9.6218086183071119
leaf_count=37 49 47 47 45 79 231 31 30 39
internal_value=0 -0.0104771 0.00665135 -0.0189429 0.00901478 0.00596691 0 0.00633936 -0.0267404
internal_weight=155.882 59.4929 96.3893 32.267 87.2661 75.7949 27.226 19.5786 21.1728
internal_count=635 241 394 131 357 310 110 79 86
is_linear=0
shrinkage=0.03


Tree=30
num_leaves=9
num_cat=0
split_feature=36 36 10 34 20 20 13 23
split_gain=7.93018 9.31423 7.67346 15.1806 6.58249 4.40478 1.86191 0.840509
threshold=0.0082830220519992514 0.007376851008273979 0.0087053760113970941 0.011240627421540863 0.017490732517939318 0.023745850078782608 0.12055275425845481 0.90728448277860962
decision_type=2 2 2 2 2 2 2 2
left_child=1 2 4 -4 -1 6 -3 -2
right_child=7 5 3 -5 -6 -7 -8 -9
leaf_value=-0.01028757064133707 0.0058863951767185235 -0.0092704284578740831 -0.022278334408737627 0.0081477014139596723 0.015572872017194067 -0.0013088259863690203 -0.036812275788622659 0.023961040159450303
leaf_weight=8.8894465714693052 8.2174713313579577 7.5936180055141467 24.332023024559021 31.00785331428051 41.684967905282974 12.014609500765799 7.6630115360021591 10.532599478960035
leaf_count=36 34 31 99 126 170 49 31 43
internal_value=0.000766685 -0.00179323 0.00218302 -0.00527897 0.0105236 -0.0168424 -0.0266364 0.0180933
internal_weight=151.936 133.186 105.914 55.3399 50.5744 27.2712 15.2566 18.7501
internal_count=619 542 431 225 206 111 62 77
is_linear=0
shrinkage=0.03


Tree=31
num_leaves=8
num_cat=0
split_feature=36 36 38 34 25 38 17
split_gain=7.58137 8.87935 7.07469 9.38159 5.00982 3.36776 1.89616
threshold=0.0082830220519992514 0.007376851008273979 0.0092170732158542105 0.010387922546974739 0.11902352643561853 0.010899820236199332 -0.02212506161000918
decision_type=2 2 2 2 2 2 2
left_child=1 2 3 -1 -4 -3 -2
right_child=6 5 4 -5 -6 -7 -8
leaf_value=-0.016483654376836195 0.027600917325716706 -0.003683439698586382 -0.0026995029315725013 0.0076043785768913907 0.016110091917858418 -0.026285715182433476 0.0054877465950221877
leaf_weight=29.035992741584778 8.2541351169347781 13.707384541630747 16.703692004084587 24.776803106069565 35.305775448679924 13.563402637839316 10.464423358440397
leaf_count=118 34 56 68 101 144 55 43
internal_value=0.000728267 -0.00177218 0.00211035 -0.00524908 0.00991509 -0.0164653 0.0176858
internal_weight=151.812 133.093 105.822 53.8128 52.0095 27.2708 18.7186
internal_count=619 542 431 219 212 111 77
is_linear=0
shrinkage=0.03


Tree=32
num_leaves=9
num_cat=0
split_feature=35 36 23 7 7 36 36 0
split_gain=7.67259 9.85408 6.12167 6.66199 4.54741 4.46969 2.89694 0.891783
threshold=-0.033111463885304497 0.0074235845784227919 1.2407145337308323 -0.015270927733746283 0.024382070820587371 0.0082429721824947514 0.008040828320118017 -0.0021060795924632831
decision_type=2 2 2 2 2 2 2 2
left_child=4 2 3 -2 6 7 -1 -3
right_child=1 5 -4 -5 -6 -7 -8 -9
leaf_value=0.005958668019059526 0.023025111732880091 -0.011736458417546107 -0.018342287218241778 0.00060164637655865281 -0.0036446823744926277 0 0.031289002922226972 -0.036685572880744775
leaf_weight=10.303593650460249 12.458921641111372 7.4012079387903214 10.066969767212866 77.840999111533165 7.3782776445150366 8.0448332428932172 10.61811053752899 7.5982747077941912
leaf_count=42 51 30 41 317 30 33 44 31
internal_value=0.0007071 -0.00247387 0.00155928 0.00428987 0.0143215 -0.0193605 0.021077 -0.0280864
internal_weight=151.711 123.411 100.367 90.2999 28.3 23.0443 20.9217 14.9995
internal_count=619 503 409 368 116 94 86 61
is_linear=0
shrinkage=0.03


Tree=33
num_leaves=10
num_cat=0
split_feature=35 36 34 38 18 37 7 36 7
split_gain=7.31202 9.41724 7.98621 8.21146 7.44659 5.27441 4.35566 2.76233 0.426823
threshold=-0.033111463885304497 0.0074235845784227919 0.0093445617036196377 0.009538205352506603 0.91584674264364518 0.036650304432770182 0.024382070820587371 0.008040828320118017 0.00063117927092357529
decision_type=2 2 2 2 2 2 2 2 2
left_child=6 2 3 -2 -4 8 7 -1 -3
right_child=1 5 4 -5 -6 -7 -8 -9 -10
leaf_value=0.0058118649734261695 -0.016875317213851514 -0.012410316799564584 0.015395195398070419 0.0082788325687780055 -0.0085953373068976113 0.00051637522185726185 -0.0035582320539786988 0.030627309670295529 -0.034976816861823218
leaf_weight=10.297550097107893 28.799330577254295 7.4199908375740078 41.617186114192009 16.358224138617516 13.540620312094687 7.2568544745445243 7.379389062523841 10.566080942749975 8.3436825871467573
leaf_count=42 117 30 170 67 55 30 30 44 34
internal_value=0.000678499 -0.00242357 0.00151643 -0.00748054 0.00914868 -0.018941 0.0139855 0.0206151 -0.0277923
internal_weight=151.579 123.336 100.315 45.1576 55.1578 23.0205 28.243 20.8636 15.7637
internal_count=619 503 409 184 225 94 116 86 64
is_linear=0
shrinkage=0.03


Tree=34
num_leaves=8
num_cat=0
split_feature=35 36 23 7 40 7 36
split_gain=6.97047 8.96163 5.813 6.29628 5.7716 4.1733 2.63571
threshold=-0.033111463885304497 0.0074235845784227919 1.2407145337308323 -0.015270927733746283 0.028220222699475331 0.024382070820587371 0.008040828320118017
decision_type=2 2 2 2 2 2 2
left_child=5 2 3 -2 -3 6 -1
right_child=1 4 -4 -5 -6 -7 -8
leaf_value=0.0056687017569870372 0.02237933753749715 -0.029497011570851744 -0.017940164405435079 0.00054557978581487804 0 -0.0034738557479709622 0.029988835138021981
leaf_weight=10.291489452123647 12.411595299839972 13.799639254808428 10.045151218771933 77.78272308409214 9.2130331397056562 7.3804290741682044 10.510723829269407
leaf_count=42 51 56 41 317 38 30 44
internal_value=0.000649899 -0.00237565 0.00146673 0.00413312 -0.0184912 0.0136593 0.0201673
internal_weight=151.435 123.252 100.239 90.1943 23.0127 28.1826 20.8022
internal_count=619 503 409 368 94 116 86
is_linear=0
shrinkage=0.03


Tree=35
num_leaves=9
num_cat=0
split_feature=15 35 18 16 24 11 2 35
split_gain=8.26342 7.77844 8.91391 7.42672 5.86843 4.86534 3.76875 3.75332
threshold=41.225668084506758 0.051122905301416728 0.78467202127791447 -3.1130252870264301 0.65063318713206331 0.074142320721148916 -0.02955614213834212 0.022083161422083667
decision_type=2 2 2 2 2 2 2 2
left_child=1 4 3 -3 6 -2 -1 -6
right_child=5 2 -4 -5 7 -7 -8 -9
leaf_value=-0.0046325440786184405 -0.034172773736979994 -0.018883983391192707 -0.029232112811306925 0.013962457029000216 -0.019816791553952526 -0.0039693153044748969 0.012360698529327772 0.005225675856577898
leaf_weight=11.439183697104452 7.3096415400505093 7.856179654598237 11.250356882810591 14.424992352724075 9.3470332175493258 14.026959329843519 72.82644248008728 7.631103739142417
leaf_count=47 30 32 46 59 38 57 299 31
internal_value=-0.000428571 0.00229566 -0.00968511 0.00116178 0.00651968 -0.0170013 0.00982604 -0.00840613
internal_weight=156.112 134.775 33.5315 22.2812 101.244 21.3366 84.2656 16.9781
internal_count=639 552 137 91 415 87 346 69
is_linear=0
shrinkage=0.03


Tree=36
num_leaves=8
num_cat=0
split_feature=15 7 34 2 28 8 22
split_gain=7.86636 7.45437 7.22953 6.92033 7.84232 5.24977 4.10557
threshold=41.225668084506758 0.010712302424401542 0.034830690815106487 0.050424132355872515 2.5000000000000004 0.015203905668584259 0.058557931421673433
decision_type=2 2 2 2 2 2 2
left_child=1 2 5 4 -3 -1 -2
right_child=6 3 -4 -5 -6 -7 -8
leaf_value=0.0074541061334555654 -0.026048520383465831 0.0098378056584788442 -0.012789976431244994 0.015915439145303321 -0.017063667284901902 0.030459544260589992 0
leaf_weight=57.755354553461075 12.948549255728723 10.773708134889601 10.367118701338766 8.6063638180494291 36.998999357223511 10.146431088447569 8.3514769077301008
leaf_count=238 53 44 42 35 151 42 34
internal_value=-0.000451911 0.0022044 0.00818776 -0.00584106 -0.0105439 0.0118795 -0.0166354
internal_weight=155.948 134.648 78.2689 56.3791 47.7727 67.9018 21.3
internal_count=639 552 322 230 195 280 87
is_linear=0
shrinkage=0.03


Tree=37
num_leaves=10
num_cat=0
split_feature=33 34 17 17 16 16 19 33 24
split_gain=7.39932 5.19506 5.62782 6.42884 5.84549 3.93131 3.45978 3.35527 0.0458211
threshold=0.84202199890962215 0.034317890975212102 -1.1059646386871724 1.7753118080429202 -9.6758700700602081 5.7795110695779632 0.17489350372083637 0.66067078588826489 0.55525283347864007
decision_type=2 2 2 2 2 2 2 2 2
left_child=1 2 4 -4 -1 8 -7 -3 -2
right_child=5 7 3 -5 -6 6 -8 -9 -10
leaf_value=0.016686052911988498 -0.027223875561564893 0.00036065297204631333 0.016155928744598709 -0.0047192795582900685 -0.010086228017672299 0.0066922123463276058 -0.0150322203887404 -0.023931206592221803 -0.010151421049333025
leaf_weight=7.5647395551204673 8.627333343029024 8.6078527718782407 50.291228011250496 15.434391677379606 27.600948110222816 13.246782913804056 9.2472441196441633 7.3641822338104239 7.8257666528224936
leaf_count=31 35 35 208 63 113 54 38 30 32
internal_value=-0.000429617 0.00326679 0.0059147 0.0110377 -0.00333545 -0.0115051 -0.00212445 -0.0114217 -0.0218967
internal_weight=155.81 116.863 100.891 65.7256 35.1657 38.9471 22.494 15.972 16.4531
internal_count=639 480 415 271 144 159 92 65 67
is_linear=0
shrinkage=0.03


Tree=38
num_leaves=10
num_cat=0
split_feature=14 35 36 6 11 11 35 14 37
split_gain=6.61157 5.41737 6.41473 7.51268 4.47167 3.83007 3.69691 4.17813 5.11807
threshold=24.906252209040876 -0.037469770689070529 0.0051736327028402999 -0.0015387084059830696 -0.04942041184054035 0.040488002721934764 0.051901207225685038 48.324479224203635 0.02323175241390674
decision_type=2 2 2 2 2 2 2 2 2
left_child=1 4 5 -4 -1 -3 7 8 -2
right_child=6 2 3 -5 -6 -7 -8 -9 -10
leaf_value=0 -0.0089228776736017118 0.021557795796577271 0.0069589543854894379 -0.014168861850581398 0.027694817378432657 -0.0018872729709235206 -0.021242880394408564 -0.01741816864449823 0.013831879547548782
leaf_weight=8.1250887066125888 15.596607699990274 14.686446636915209 24.308124095201492 32.485355943441391 11.820680648088453 7.8155030012130728 13.718600377440451 11.577149853110312 15.539312109351156
leaf_count=34 63 61 100 133 49 32 56 48 63
internal_value=-0.000439278 0.00410451 0.000254101 -0.00494172 0.0173103 0.0133132 -0.00855372 -0.00337485 0.00213029
internal_weight=155.673 99.2412 79.2954 56.7935 19.9458 22.5019 56.4317 42.7131 31.1359
internal_count=639 409 326 233 83 93 230 174 126
is_linear=0
shrinkage=0.03


Tree=39
num_leaves=8
num_cat=0
split_feature=33 40 40 40 17 17 3
split_gain=6.85273 5.01102 4.71554 4.62756 7.39498 6.49324 2.08619
threshold=0.84202199890962215 0.066922868502636415 0.020507887258790828 -0.060908792986144315 2.0056593373658864 -0.82626052720797138 0.031101118837471357
decision_type=2 2 2 2 2 2 2
left_child=3 2 6 -1 5 -5 -2
right_child=1 -3 -4 4 -6 -7 -8
leaf_value=0.022994771792747025 -0.013986064679346582 0.0044564837441563778 -0.029634458788472717 -0.0046800202787291327 -0.020575104006227852 0.010481017509735995 0.0055643012605127032
leaf_weight=7.7827575057744971 7.3259361833333987 11.015089601278303 13.131951853632925 41.481491655111313 10.325477376580237 57.040875405073166 7.4063113778829575
leaf_count=32 30 45 54 170 42 236 30
internal_value=-0.000424423 -0.0110941 -0.0176305 0.00313299 0.00118826 0.00398234 -0.00377078
internal_weight=155.51 38.8793 27.8642 116.631 108.848 98.5224 14.7322
internal_count=639 159 114 480 448 406 60
is_linear=0
shrinkage=0.03


Tree=40
num_leaves=8
num_cat=0
split_feature=19 15 21 21 25 13 18
split_gain=12.9428 9.48315 7.25851 9.90608 5.26135 3.82518 2.4071
threshold=0.04504491260782853 9.183674724902982 0.016970989004940578 0.014929225177838847 0.029198635976129584 1.7088956866191405 0.78070748592142858
decision_type=2 2 2 2 2 2 2
left_child=-1 4 3 -3 -2 -4 -6
right_child=1 2 5 -5 6 -7 -8
leaf_value=-0.031098022111148822 -0.0068552380282955018 -0.0082074136993857821 -0.018340125924241474 0.018219670931452971 0.019767074239110269 0 0.0012888820410450687
leaf_weight=9.609641566872595 9.0454313308000547 25.01578477025032 29.624590307474136 21.746728822588921 33.611780002713203 14.912706002593039 10.258921772241591
leaf_count=39 37 103 121 89 140 61 42
internal_value=-0.000543689 0.00178719 -0.00394112 0.004018 0.0117274 -0.0124338 0.0160177
internal_weight=153.826 144.216 91.2998 46.7625 52.9161 44.5373 43.8707
internal_count=632 593 374 192 219 182 182
is_linear=0
shrinkage=0.03


Tree=41
num_leaves=8
num_cat=0
split_feature=19 15 21 21 25 37 6
split_gain=12.3035 8.96524 6.85806 9.37889 5.00958 3.65304 2.90353
threshold=0.04504491260782853 9.183674724902982 0.016970989004940578 0.014929225177838847 0.029198635976129584 0.020128221355793178 0.0054296633751302241
decision_type=2 2 2 2 2 2 2
left_child=-1 4 3 -3 -2 -4 -6
right_child=1 2 5 -5 6 -7 -8
leaf_value=-0.030329768524626526 -0.0066838139287944661 -0.0079767674316511498 -0.00095740332962969659 0.01773773410012016 0.023156766252706056 -0.01908876040541806 0.0059739709885434445
leaf_weight=9.6081342250108701 9.0503220260143262 25.024629235267639 18.894947230815887 21.722172573208809 22.103407502174377 25.62534573674202 21.650778993964195
leaf_count=39 37 103 77 89 93 105 89
internal_value=-0.000537092 0.00173516 -0.00382911 0.00390197 0.0114149 -0.012088 0.0156149
internal_weight=153.68 144.072 91.2671 46.7468 52.8045 44.5203 43.7542
internal_count=632 593 374 192 219 182 182
is_linear=0
shrinkage=0.03


Tree=42
num_leaves=6
num_cat=0
split_feature=19 19 19 15 23
split_gain=11.6996 8.57096 9.43431 11.3543 2.06911
threshold=0.04504491260782853 0.062004318532291373 0.070781365488303175 9.183674724902982 0.94592326942475002
decision_type=2 2 2 2 2
left_child=-1 4 -3 -4 -2
right_child=1 2 3 -5 -6
leaf_value=-0.029591513504503838 0.030110653025516101 -0.024329217332913045 0.015602919952599232 -0.0044279771993181042 0.005702157691437562
leaf_weight=9.6023787856101972 8.48614050447941 12.02071690559387 34.711917251348495 79.956586271524429 8.7288123369216901
leaf_count=39 35 49 145 328 36
internal_value=-0.000531244 0.00168412 -0.00101952 0.00167064 0.0203967
internal_weight=153.507 143.904 126.689 114.669 17.215
internal_count=632 593 522 473 71
is_linear=0
shrinkage=0.03


Tree=43
num_leaves=9
num_cat=0
split_feature=15 34 20 21 32 12 15 20
split_gain=7.16047 6.95883 8.75308 6.54758 5.1209 4.34393 2.0751 0.518352
threshold=-3.1038860317187251 0.034830690815106487 0.024952884660873628 0.013831135329554482 0.0015415044551355674 66.43982703019644 -24.51145618901862 0.021127399752353331
decision_type=2 2 2 2 2 2 2 2
left_child=6 2 3 -2 -4 -3 -1 -8
right_child=1 5 4 -5 -6 -7 7 -9
leaf_value=0.0011175565069896694 -0.008435640508748659 -0.028300170795439259 -0.00075802851812070704 0.0097973610637224866 -0.027556797362601877 0 0.0073420742302979115 0.026309404797876034
leaf_weight=10.669239491224291 22.433516710996628 12.733890384435655 14.120550110936167 58.930934861302376 12.208876952528952 7.3851189017295829 7.255991265177725 7.6361845433712006
leaf_count=45 92 52 58 243 50 30 30 32
internal_value=-0.000515263 -0.00354894 -0.000254535 0.00450852 -0.0147822 -0.0188877 0.0132663 0.0199193
internal_weight=153.374 127.813 107.694 81.3645 26.3294 20.119 25.5614 14.8922
internal_count=632 525 443 335 108 82 107 62
is_linear=0
shrinkage=0.03


Tree=44
num_leaves=6
num_cat=0
split_feature=19 19 19 15 35
split_gain=10.7999 8.21791 8.97729 10.5048 2.82539
threshold=0.04504491260782853 0.062004318532291373 0.070781365488303175 9.183674724902982 0.04592387748776517
decision_type=2 2 2 2 2
left_child=-1 4 -3 -4 -2
right_child=1 2 3 -5 -6
leaf_value=-0.028460686160698922 0.029206333696304362 -0.023751624660160467 0.01504007930667718 -0.0042515245347475063 0.0022114575141336523
leaf_weight=9.5766007900238019 9.8885037451982516 12.03152948617935 34.567775413393974 79.949626594781876 7.2760348170995703
leaf_count=39 41 49 145 328 30
internal_value=-0.000505152 0.00161984 -0.00102451 0.00160123 0.0199709
internal_weight=153.29 143.713 126.549 114.517 17.1645
internal_count=632 593 522 473 71
is_linear=0
shrinkage=0.03


Tree=45
num_leaves=10
num_cat=0
split_feature=15 35 36 15 5 9 32 22 21
split_gain=4.18219 5.01934 6.95072 5.93221 5.69318 3.31 3.00956 3.81063 2.12463
threshold=27.294646245584925 -0.039876730255863184 0.0051736327028402999 -26.17017081809318 0.057856542302499266 0.025857241270293523 -0.0073388552598487302 0.2588881801952308 0.01810624314698599
decision_type=2 2 2 2 2 2 2 2 2
left_child=1 3 5 -1 -4 -3 -2 8 -8
right_child=6 2 4 -5 -6 -7 7 -9 -10
leaf_value=-0.0011443511143389396 0.0085345385428865633 0.028155723598700499 -0.0090216898317852564 0.029754424472692737 0.011758522530380013 0.0047022725198452254 -0.021214272705373696 0.0066522244302275602 -0.0036831966859851937
leaf_weight=7.7930625081062344 7.811661794781684 7.7634396702051189 49.368097573518753 11.468606874346731 13.073759421706198 19.339128911495209 16.789846137166027 7.8458104729652396 14.429527863860129
leaf_count=33 32 33 203 48 54 79 69 32 59
internal_value=0.00116506 0.00445464 0.00113669 0.0176159 -0.00420816 0.0134091 -0.00603336 -0.00958548 -0.0142726
internal_weight=155.683 108.806 89.5444 19.2617 62.4419 27.1026 46.8768 39.0652 31.2194
internal_count=642 450 369 81 257 112 192 160 128
is_linear=0
shrinkage=0.03


Tree=46
num_leaves=6
num_cat=0
split_feature=40 20 7 40 19
split_gain=5.73104 11.5666 5.45126 7.03487 1.66404
threshold=-0.059030606150052782 0.030115595567860486 -0.014057964820742784 0.025172892586526666 0.10321156170294733
decision_type=2 2 2 2 2
left_child=-1 2 4 -4 -2
right_child=1 -3 3 -5 -6
leaf_value=0.021889124499136194 0.024321344523402597 -0.026435090539177069 -0.007599217979727812 0.0068816022930284163 0.0029443569614072667
leaf_weight=9.1718923002481443 9.8382862806320208 11.93734699487686 57.18051977455616 59.551573574542999 7.8784330636262885
leaf_count=38 41 49 235 246 33
internal_value=0.0011549 -0.00032064 0.00224155 -9.39276e-05 0.0168389
internal_weight=155.558 146.386 134.449 116.732 17.7167
internal_count=642 604 555 481 74
is_linear=0
shrinkage=0.03


Tree=47
num_leaves=6
num_cat=0
split_feature=40 23 38 6 9
split_gain=5.46228 6.55499 5.81563 7.62986 7.1547
threshold=-0.059030606150052782 1.2407145337308323 0.011418544105874319 0.021203228672485835 0.020805270211630637
decision_type=2 2 2 2 2
left_child=-1 2 3 -2 -4
right_child=1 -3 4 -5 -6
leaf_value=0.021398494229021139 0.0015013731165488885 -0.018802696776206083 0.00070202753465542457 0.024533853193622758 -0.029573414211095144
leaf_weight=9.1469563245773298 93.131503090262413 13.587561070919035 17.388030618429188 13.469498336315153 8.7563517987728101
leaf_count=38 384 56 73 55 36
internal_value=0.00113223 -0.000304889 0.00172817 0.00494797 -0.0102859
internal_weight=155.48 146.333 132.745 106.601 26.1444
internal_count=642 604 548 439 109
is_linear=0
shrinkage=0.03


Tree=48
num_leaves=7
num_cat=0
split_feature=26 14 5 20 5 20
split_gain=6.9668 4.21144 7.64003 7.36546 5.14 6.07962
threshold=0.6123709237438032 24.635390259969544 0.057856542302499266 0.016543341045256 0.059981827486448987 0.020897821235760713
decision_type=2 2 2 2 2 2
left_child=1 2 3 -1 -3 -6
right_child=-2 4 -4 -5 5 -7
leaf_value=-0.021189813527197419 0.021724443752238715 -0.022404626629844913 0.022074502452231446 0.0032531936242249132 0.017603188971824595 -0.0078932049392216579
leaf_weight=11.256966784596441 11.528567552566527 12.982624456286429 13.888358384370802 64.781661882996559 9.0947709083557111 31.852026700973511
leaf_count=46 48 53 58 269 37 131
internal_value=0.0011017 -0.000723377 0.00312279 -0.000623524 -0.00728736 -0.00132484
internal_weight=155.385 143.856 89.927 76.0386 53.9294 40.9468
internal_count=642 594 373 315 221 168
is_linear=0
shrinkage=0.03


Tree=49
num_leaves=8
num_cat=0
split_feature=26 15 38 14 15 26 15
split_gain=6.63424 4.66807 8.74351 5.96141 5.21473 1.59439 0.732775
threshold=0.6123709237438032 -3.5869655614240572 0.011382375323703722 1.4463700534764714 -26.17017081809318 0.24339700685405494 9.183674724902982
decision_type=2 2 2 2 2 2 2
left_child=1 4 3 -3 -1 -6 -4
right_child=-2 2 6 -5 5 -7 -8
leaf_value=-0.0057388538272559924 0.021230963279175757 -0.017157627692237925 -0.0087124854307732112 0.0028967619077683638 0.0055585210526398997 0.029031632710284135 -0.030216139174240722
leaf_weight=8.9915383160114306 11.489712342619894 13.597238793969153 7.2407827824354163 90.201929420232773 7.6899209618568403 7.9998372346162796 8.0097136795520765
leaf_count=38 48 56 30 371 32 34 33
internal_value=0.00107495 -0.000702632 -0.00329195 0 0.0105353 0.020304 -0.0230698
internal_weight=155.221 143.731 119.05 103.799 24.6813 15.6898 15.2505
internal_count=642 594 490 427 104 66 63
is_linear=0
shrinkage=0.03


end of trees

feature_importances:
macro_usdjpy_vol_20=26
bb_bandwidth=24
macd_signal=23
atr_pct=22
vol_ratio=22
macro_topix_vol_20=22
macd=20
macro_usdjpy_ret_60=19
macro_nikkei_ret_20=17
macro_usdjpy_ret_20=15
price_position_20d=14
volatility=13
lower_shadow_pct=13
div_ma_5=11
div_ma_10=11
macd_hist_change=11
bb_pct_b=9
return_1d=8
return_3d=8
return_20d=8
div_ma_60=8
ma_20_60_cross=8
month=8
macro_topix_ret_20=8
rsi_change=7
gap=7
candle_body_pct=6
vol_change=5
return_10d=4
macd_hist=4
upper_shadow_pct=4
return_2d=3
rsi=3
div_ma_20=2
ma_5_20_cross=2
return_5d=1
is_month_start=1

parameters:
[boosting: gbdt]
[objective: binary]
[metric: binary_logloss]
[tree_learner: serial]
[device_type: cpu]
[data_sample_strategy: bagging]
[data: ]
[valid: ]
[num_iterations: 50]
[learning_rate: 0.03]
[num_leaves: 15]
[num_threads: 0]
[seed: 42]
[deterministic: 0]
[force_col_wise: 0]
[force_row_wise: 0]
[histogram_pool_size: -1]
[max_depth: 4]
[min_data_in_leaf: 30]
[min_sum_hessian_in_leaf: 0.001]
[bagging_fraction: 0.7]
[pos_bagging_fraction: 1]
[neg_bagging_fraction: 1]
[bagging_freq: 5]
[bagging_seed: 400]
[bagging_by_query: 0]
[feature_fraction: 0.6]
[feature_fraction_bynode: 1]
[feature_fraction_seed: 30056]
[extra_trees: 0]
[extra_seed: 12879]
[early_stopping_round: 0]
[early_stopping_min_delta: 0]
[first_metric_only: 0]
[max_delta_step: 0]
[lambda_l1: 0.5]
[lambda_l2: 2]
[linear_lambda: 0]
[min_gain_to_split: 0]
[drop_rate: 0.1]
[max_drop: 50]
[skip_drop: 0.5]
[xgboost_dart_mode: 0]
[uniform_drop: 0]
[drop_seed: 17869]
[top_rate: 0.2]
[other_rate: 0.1]
[min_data_per_group: 100]
[max_cat_threshold: 32]
[cat_l2: 10]
[cat_smooth: 10]
[max_cat_to_onehot: 4]
[top_k: 20]
[monotone_constraints: ]
[monotone_constraints_method: basic]
[monotone_penalty: 0]
[feature_contri: ]
[forcedsplits_filename: ]
[refit_decay_rate: 0.9]
[cegb_tradeoff: 1]
[cegb_penalty_split: 0]
[cegb_penalty_feature_lazy: ]
[cegb_penalty_feature_coupled: ]
[path_smooth: 0]
[interaction_constraints: ]
[verbosity: -1]
[saved_feature_importance_type: 0]
[use_quantized_grad: 0]
[num_grad_quant_bins: 4]
[quant_train_renew_leaf: 0]
[stochastic_rounding: 1]
[linear_tree: 0]
[max_bin: 255]
[max_bin_by_feature: ]
[min_data_in_bin: 5]
[bin_construct_sample_cnt: 200000]
[data_random_seed: 175]
[is_enable_sparse: 1]
[enable_bundle: 1]
[use_missing: 1]
[zero_as_missing: 0]
[feature_pre_filter: 1]
[pre_partition: 0]
[two_round: 0]
[header: 0]
[label_column: ]
[weight_column: ]
[group_column: ]
[ignore_column: ]
[categorical_feature: ]
[forcedbins_filename: ]
[precise_float_parser: 0]
[parser_config_file: ]
[objective_seed: 16083]
[num_class: 1]
[is_unbalance: 0]
[scale_pos_weight: 1]
[sigmoid: 1]
[boost_from_average: 1]
[reg_sqrt: 0]
[alpha: 0.9]
[fair_c: 1]
[poisson_max_delta_step: 0.7]
[tweedie_variance_power: 1.5]
[lambdarank_truncation_level: 30]
[lambdarank_norm: 1]
[label_gain: ]
[lambdarank_position_bias_regularization: 0]
[eval_at: ]
[multi_error_top_k: 1]
[auc_mu_weights: ]
[num_machines: 1]
[local_listen_port: 12400]
[time_out: 120]
[machine_list_filename: ]
[machines: ]
[gpu_platform_id: -1]
[gpu_device_id: -1]
[gpu_use_dp: 0]
[num_gpu: 1]

end of parameters

pandas_categorical:[]
