tree
version=v4
num_class=1
num_tree_per_iteration=1
label_index=0
max_feature_idx=44
objective=binary sigmoid:1
feature_names=return_1d return_2d return_3d return_5d return_10d return_20d div_ma_5 div_ma_10 div_ma_20 div_ma_60 ma_5_20_cross ma_20_60_cross rsi rsi_change macd macd_signal macd_hist macd_hist_change bb_pct_b bb_bandwidth atr_pct volatility vol_change vol_ratio candle_body_pct upper_shadow_pct lower_shadow_pct day_of_week month is_month_end is_month_start streak gap price_position_20d macro_usdjpy_ret_20 macro_usdjpy_ret_60 macro_usdjpy_vol_20 macro_topix_ret_20 macro_topix_vol_20 macro_topix_above_200dma macro_nikkei_ret_20 macro_nikkei_above_200dma macro_nikkei_vi macro_jgb10y macro_bias_score
feature_infos=[-0.13386363636363641:0.15879648976180527] [-0.19497253907900292:0.19097367321353942] [-0.2673971549404075:0.18898623279098881] [-0.25870453219218048:0.19580128871336511] [-0.29854592306276462:0.29176420515003199] [-0.29880404783808645:0.28443977958541056] [-0.18390509229517327:0.11611529642974119] [-0.2241607459131533:0.14364826313139792] [-0.27418510089227044:0.20249215012331975] [-0.28127111851514253:0.23601756020819975] [-0.169838902442638:0.12860256720755636] [-0.10044447101969223:0.11939769707705938] [12.985274431057562:92.494929006085187] [-35.624191629158261:32.446390818483849] [-156.76318191480641:257.04699434236682] [-122.36225828962142:239.40588210350842] [-84.201116591746825:86.310397622041251] [-29.420967648128908:33.229823556557932] [-0.29703732932783689:1.4375951958711242] [0.040982674515949731:0.48996084652269978] [0.012469012469012469:0.0778495071497987] [0.0067336130970970425:0.057266213584358475] [-0.89775573107301099:5.0607630711257654] [0.4517168917264941:1.9838606501035032] [-0.98620689655172411:0.98701298701298701] [0:0.95918367346938771] [0:0.96875] [0:4] [1:12] none [0:1] [-8:13] [-0.13437139561707034:0.15602094240837694] [0:1] [-0.10288784967882303:0.08505611680078462] [-0.13986255140503889:0.13160084488587853] [0.0024251968629527628:0.011841457708833433] [-0.22586490939044479:0.19897850606512013] [0.0040695656522785678:0.036437277456277402] [0:1] [-0.22859537662338159:0.23022297972565586] [0:1] none none none
tree_sizes=1302 1314 1093 1183 1403 1300 1210 1300 1095 1392 1627 1204 1103 1202 1315 1209 1186 1187 1284 1287 1492 1314 1087 1180 1524 1077 1055 926 762 757 1182 986 1272 1187 985 1376 990 1072 999 1186 1093 782 768 986 1088 1201 1388 1320 1043 1002 868 1503 1079 1311 1203 1308 1200 994 1309 881 1315 772 786

Tree=0
num_leaves=11
num_cat=0
split_feature=16 35 26 7 2 4 14 14 28 4
split_gain=11.9737 16.804 8.58474 10.0897 8.60539 5.91231 8.4944 3.36398 2.74186 1.72093
threshold=-2.4990357477771705 0.047014515513737039 0.075513196480938433 -0.026497081473488001 0.019303562779670939 0.039984070530691758 79.997717889197716 1.2521663841084776 7.5000000000000009 -0.059533786959599981
decision_type=2 2 2 2 2 2 2 2 2 2
left_child=2 5 -1 9 -5 8 -7 -3 -2 -4
right_child=1 7 3 4 -6 6 -8 -9 -10 -11
leaf_value=-0.017739422655735686 -0.0065288588824635556 -0.01515177278902682 -0.0034443551792249769 0.021573075160391853 -0.011111108822975266 0.0096222733945322617 -0.019055547206260771 -0.04500397393854727 -0.025359282787504087 -0.02058487283174941
leaf_weight=12.499866634607313 12.499866634607317 8.2499119788408297 8.2499119788408262 33.999637246131897 7.4999199807643881 28.999690592288971 10.999882638454435 12.74986396729946 12.999861299991606 7.4999199807643881
leaf_count=50 50 33 33 136 30 116 44 51 52 30
internal_value=-0.00633547 -0.0136256 0.00286025 0.00783776 0.0153824 -0.00611657 0.00115776 -0.0356981 -0.016711 -0.0114255
internal_weight=156.248 86.4991 69.7493 57.2494 41.4996 65.4993 39.9996 20.9998 25.4997 15.7498
internal_count=625 346 279 229 166 262 160 84 102 63
is_linear=0
shrinkage=1


Tree=1
num_leaves=11
num_cat=0
split_feature=16 35 20 38 36 4 40 38 17 16
split_gain=11.3228 15.9514 8.3883 8.92944 6.68929 5.58406 8.40503 3.83998 3.26603 2.71235
threshold=-2.4990357477771705 0.047014515513737039 0.034770816668706066 0.0092026063218191099 0.0050336948839173829 0.039984070530691758 0.0066428614026400332 0.0071404268679443892 2.3349083863891349 -5.1203622870421386
decision_type=2 2 2 2 2 2 2 2 2 2
left_child=2 5 3 4 -1 7 -7 -2 -3 -5
right_child=1 8 -4 9 -6 6 -8 -9 -10 -11
leaf_value=0.021098062843112511 0.0045924353469493284 -0.036865960853283704 -0.015601650005888767 0.031708089741026124 -0.0057232988804957526 -0.017347932111059644 0.014282164396945839 -0.017679512526283653 -0.0071370922710499623 0.0059984353251552203
leaf_weight=9.9991447925567609 8.4994965791702288 13.495410621166231 8.4995482861995679 18.748314946889881 24.74778901040554 7.4996405094861975 32.498690262436867 16.998280256986618 7.4976622611284247 7.7492131143808356
leaf_count=40 34 54 34 75 99 30 130 68 30 31
internal_value=0.000150715 -0.00693626 0.00909668 0.0131465 0.00231511 0.000374166 0.0074507 -0.00991579 -0.028445 0.0256643
internal_weight=156.233 86.4892 69.744 61.2445 34.7469 65.4961 39.9983 25.4978 20.9931 26.4975
internal_count=625 346 279 245 139 262 160 102 84 106
is_linear=0
shrinkage=0.03


Tree=2
num_leaves=9
num_cat=0
split_feature=35 12 32 14 22 35 14 12
split_gain=9.25897 21.8058 11.8687 7.53897 6.9437 4.60521 1.52091 0.115283
threshold=0.047014515513737039 54.998373929963243 -0.011552891497770499 79.997717889197716 0.017006160568833421 0.05536943604096279 2.9088789418492529 47.300958982104213
decision_type=2 2 2 2 2 2 2 2
left_child=2 5 7 4 -4 -2 -7 -1
right_child=1 -3 3 -5 -6 6 -8 -9
leaf_value=-0.023341810014886413 -0.0099661033927442889 -0.035133941385860845 0.020104923081684389 -0.010674249631990283 0.0023719195168184128 0.022309695036446982 0.0026840702493107667 -0.0076306124302647866
leaf_weight=7.4983807504177076 8.4980000257492083 17.733378335833549 44.491904854774475 12.998128920793532 39.49280858039856 8.7473162859678286 9.2454475760459882 7.4986760467290878
leaf_count=30 34 71 178 52 158 35 37 30
internal_value=0.000131901 -0.0110977 0.00481532 0.00882011 0.0121898 0.00580289 0.0142528 -0.0181908
internal_weight=156.204 44.2241 111.98 96.9828 83.9847 26.4908 17.9928 14.9971
internal_count=625 177 448 388 336 106 72 60
is_linear=0
shrinkage=0.03


Tree=3
num_leaves=10
num_cat=0
split_feature=5 14 9 36 38 14 14 0 38
split_gain=9.57541 19.0989 9.32884 12.0585 7.5653 7.22025 6.39126 5.812 4.62609
threshold=0.039258129889084843 34.401297207079672 0.039978704077135697 0.0072104431564550984 0.0082517514139185556 75.31477397410255 -38.131126470854262 0.0012006951498270137 0.0073522408624028821
decision_type=2 2 2 2 2 2 2 2 2
left_child=1 4 -2 5 8 -4 -6 -5 -1
right_child=2 -3 3 7 6 -7 -8 -9 -10
leaf_value=0.00013663722634582012 -0.035686849933573794 0.037164342965066197 -0.0016018573563653198 0.032938175867991332 0.028461898842775873 -0.026244322723706092 0.0011795943856238286 0 -0.025196381934810455
leaf_weight=10.245587497949602 7.4955066889524451 13.495150253176687 28.98406557738781 7.4981901347637203 7.9978345930576316 16.736930817365646 40.974231004714966 11.247034862637518 11.494772315025328
leaf_count=41 30 54 116 30 32 67 164 45 46
internal_value=0.000107327 0.00699208 -0.00771743 -0.00326376 0.000163704 -0.0116588 0.0068714 0.0156393 -0.0136201
internal_weight=156.169 84.2076 71.9617 64.4662 70.7124 45.721 48.9721 18.7452 21.7404
internal_count=625 337 288 258 283 183 196 75 87
is_linear=0
shrinkage=0.03


Tree=4
num_leaves=12
num_cat=0
split_feature=5 14 40 38 36 14 38 36 36 21 21
split_gain=9.09525 18.1125 9.05942 7.18292 6.6698 6.0872 4.40589 4.07123 6.564 3.58405 2.60617
threshold=0.039258129889084843 34.401297207079672 0.04808210368420008 0.0082517514139185556 0.0056694996618834063 -38.131126470854262 0.0073522408624028821 0.0071638962918784792 0.0048209453293320765 0.021552712383881158 0.015847268480897427
decision_type=2 2 2 2 2 2 2 2 2 2 2
left_child=1 3 7 6 10 -5 -1 8 -2 -6 -4
right_child=2 -3 4 5 9 -7 -8 -9 -10 -11 -12
leaf_value=0.00013320768434061517 -0.0015844515020241475 0.03621771965301495 -0.020095855123296424 0.027783983494784451 0.026772805245034496 0.001145850882347174 -0.024559722532215188 -0.00096249133391336701 -0.033306083412885712 0 0.0016260946679694133
leaf_weight=10.245591372251512 10.239179521799089 13.484845712780951 7.4908156991004962 7.9960071593523017 9.4940136224031466 40.974328249692917 11.490864083170889 12.494183301925657 17.231507539749146 7.4955814629793158 7.4964739978313446
leaf_count=41 41 54 30 32 38 164 46 50 69 30 30
internal_value=0.000110552 0.00682312 -0.00751421 0.000168766 0.00392193 0.00670922 -0.0132581 -0.0167728 -0.0229014 0.0162478 -0.00943552
internal_weight=156.133 84.1916 71.9418 70.7068 31.9769 48.9703 21.7365 39.9649 27.4707 16.9896 14.9873
internal_count=625 337 288 283 128 196 87 160 110 68 60
is_linear=0
shrinkage=0.03


Tree=5
num_leaves=11
num_cat=0
split_feature=40 23 14 20 28 16 15 28 8 34
split_gain=9.14571 12.4886 12.9774 12.3731 8.68849 7.81172 6.95893 5.76357 4.29311 4.00617
threshold=0.023709628993975777 0.79942876343014768 78.90187358607308 0.022756115961158178 8.5000000000000018 -7.3369836322305284 -22.337941034364825 6.5000000000000009 0.0027081142894532428 0.015885957688813627
decision_type=2 2 2 2 2 2 2 2 2 2
left_child=3 -2 7 5 6 -1 -5 -3 -6 -7
right_child=1 2 -4 4 8 9 -8 -9 -10 -11
leaf_value=0.0064615925207381596 -0.016677866204815549 0.031594148277746939 -0.0097166000322154705 0.016886514071614081 0.035905868126661925 -0.031594084245830351 -0.013416110499855582 0.0083399146242795087 0.0028638207080848147 -0.00806877100947943
leaf_weight=8.492160499095915 12.235630840063093 24.4771468937397 13.486064553260801 7.4942431747913387 7.4932979643344861 19.988712519407272 20.977050974965096 21.468861162662506 7.9839243441820145 14.728603616356848
leaf_count=34 49 98 54 30 30 80 84 86 32 59
internal_value=0.000646552 0.00854322 0.0143537 -0.00572441 0.00514748 -0.0168526 -0.00436273 0.0218423 0.0219976 -0.0230053
internal_weight=158.826 71.6677 59.4321 87.158 43.9485 43.2095 28.4713 45.946 15.4772 34.7173
internal_count=636 287 238 349 176 173 114 184 62 139
is_linear=0
shrinkage=0.03


Tree=6
num_leaves=10
num_cat=0
split_feature=38 21 17 17 10 9 34 38 3
split_gain=9.77026 11.1254 9.54149 9.37602 8.69559 8.71197 6.48005 6.37709 5.75235
threshold=0.0068827974673407897 0.015746906895354202 -1.1824229459188962 -0.68917746434712235 0.0079141817985801683 0.0013285848346964678 0.0093507739926536066 0.010501959373366945 0.015932628003469177
decision_type=2 2 2 2 2 2 2 2 2
left_child=3 4 7 -1 5 -2 -4 -3 -6
right_child=1 2 6 -5 8 -7 -8 -9 -10
leaf_value=0.037251646456868556 -0.014732733375235526 -0.017936682342422319 0.0010712503642803096 -0.00080000075756096842 -0.036523749355041678 0.01548175819671252 0.023656924753262067 0.0066200952088467293 -0.0069210787182491639
leaf_weight=9.9842956662178057 16.486476212739948 18.721828073263168 23.231692492961884 9.7390063256025297 13.716773748397829 13.984440580010412 24.215598225593567 14.97894650697708 13.724293529987333
leaf_count=40 66 75 93 39 55 56 97 60 55
internal_value=0.00063577 -0.00216094 0.00484595 0.0194281 -0.0120636 -0.000304552 0.0133922 -0.00684239 -0.0237038
internal_weight=158.783 139.06 81.1481 19.7233 57.912 30.4709 47.4473 33.7008 27.4411
internal_count=636 557 325 79 232 122 190 135 110
is_linear=0
shrinkage=0.03


Tree=7
num_leaves=11
num_cat=0
split_feature=40 23 14 20 28 16 15 17 9 9
split_gain=8.44647 11.7321 12.2657 11.5372 8.28158 7.29385 6.5999 5.93274 4.15787 3.78243
threshold=0.023709628993975777 0.79942876343014768 78.90187358607308 0.022756115961158178 8.5000000000000018 -7.3369836322305284 -22.337941034364825 1.3771157005190353 -0.030211039574731882 0.05707581001779518
decision_type=2 2 2 2 2 2 2 2 2 2
left_child=3 -2 7 5 6 -1 -5 -3 -7 -6
right_child=1 2 -4 4 9 8 -8 -9 -10 -11
leaf_value=0.0062338664996197729 -0.016221487883461588 0.011423187159777078 -0.0095271252314026549 0.016393169304262323 0.033761827476104504 -0.0039646894365301293 -0.013111369854805561 0.03589565497103419 -0.028878096975641268 0.0023600691707743194
leaf_weight=8.488233804702757 12.229464367032049 30.431022346019745 13.481462448835371 7.4915353506803539 7.9899825900793058 10.740597575902937 20.971940353512764 15.477873504161833 23.947519809007645 7.476834237575531
leaf_count=34 49 122 54 30 32 43 84 62 96 30
internal_value=0.000616774 0.00821149 0.0138515 -0.00550348 0.00498688 -0.0162573 -0.00428701 0.0211411 -0.0222096 0.021449
internal_weight=158.726 71.6198 59.3904 87.1066 43.9303 43.1764 28.4635 45.9089 34.6881 15.4668
internal_count=636 287 238 349 176 173 114 184 139 62
is_linear=0
shrinkage=0.03


Tree=8
num_leaves=9
num_cat=0
split_feature=38 17 17 4 4 17 26 22
split_gain=9.17938 9.14102 8.99753 8.51688 11.5855 5.60482 4.97161 2.11406
threshold=0.0068827974673407897 3.4367832113346299 -0.68917746434712235 -0.032809905400167476 0.054825930750167513 -4.1989969602231794 0.34296141814389997 0.071121511192109091
decision_type=2 2 2 2 2 2 2 2
left_child=2 3 -1 5 -5 -2 7 -3
right_child=1 6 -4 4 -6 -7 -8 -9
leaf_value=0.036324782540770643 -0.010635413132868409 0.0068007815640804947 -0.00092507475493913997 -0.017239204984210207 0.0063211714079609771 0.016895878565488413 -0.005170347912905336 0.030772817756896491
leaf_weight=9.9662363976240176 7.4872154146432903 9.7326946854591423 9.7344970852136594 62.346752375364304 24.188225343823433 18.726708576083183 7.4856810867786399 8.9872211366891843
leaf_count=40 30 39 39 250 97 75 30 36
internal_value=0.000611368 -0.0020971 0.0188388 -0.0059212 -0.0104902 0.00830425 0.0130774 0.0208929
internal_weight=158.655 138.954 19.7007 112.749 86.535 26.2139 26.2056 18.7199
internal_count=636 557 79 452 347 105 105 75
is_linear=0
shrinkage=0.03


Tree=9
num_leaves=12
num_cat=0
split_feature=40 23 15 20 20 21 16 17 21 34 34
split_gain=7.79983 10.9068 10.8656 10.7582 7.53984 11.5785 6.82388 5.33832 4.75332 3.93978 3.7765
threshold=0.023709628993975777 0.79942876343014768 71.492835259364583 0.022756115961158178 0.034770816668706066 0.038868730208954587 -7.3369836322305284 1.3771157005190353 0.01807229829231146 0.0029827539570029819 0.015885957688813627
decision_type=2 2 2 2 2 2 2 2 2 2 2
left_child=3 -2 7 6 8 -6 -1 -3 -5 -4 -8
right_child=1 2 9 4 5 -7 10 -9 -10 -11 -12
leaf_value=0.0060520020356245197 -0.015625942733632301 0.011005050811867725 0.0078991384983410351 0 -0.030081853386849877 0.013807684950084135 -0.029726232738289091 0.03496498856836925 0.024830845228452171 -0.017956187789424483 -0.0070562572740351598
leaf_weight=8.4869648218154889 12.221273422241209 27.164178043603897 7.4906774461269405 11.48434253036976 9.2243153899908084 8.2385312318801862 19.942476242780685 15.459499284625052 14.963353559374807 9.2232284396886808 14.698556095361708
leaf_count=34 49 109 30 46 37 33 80 62 60 37 59
internal_value=0.000616881 0.00792081 0.0133665 -0.00526262 0.00485844 -0.00931404 -0.0156583 0.021209 0.0147404 -0.00596125 -0.0214267
internal_weight=158.597 71.5589 59.3376 87.0385 43.9105 17.4628 43.128 42.6237 26.4477 16.7139 34.641
internal_count=636 287 238 349 176 70 173 171 106 67 139
is_linear=0
shrinkage=0.03


Tree=10
num_leaves=14
num_cat=0
split_feature=33 9 28 15 4 4 21 33 21 20 15 12 16
split_gain=10.1136 16.7625 9.68943 16.3352 8.85637 6.39018 6.3479 4.76105 4.50274 4.19617 3.95265 3.55899 0.573169
threshold=0.63181454082834676 0.012907028343715902 5.5000000000000009 68.436677983102683 0.042522810169100984 0.081743172819301338 0.016657381637221195 0.91565827118803067 0.014451505684478045 0.026900510933633427 -28.805776448021103 51.804237662823532 -0.26794498681025297
decision_type=2 2 2 2 2 2 2 2 2 2 2 2 2
left_child=1 6 3 5 12 -2 8 -6 -1 11 -8 -3 -4
right_child=2 9 4 -5 7 -7 10 -9 -10 -11 -12 -13 -14
leaf_value=-0.0032559411872294121 0.024785062757035254 0.039267879840466362 -0.014980817751321636 -0.026386783666086929 0.0047630033637329821 -0.0048557289944343726 0.021058705734982783 -0.021025119365415419 -0.030653051728391851 0.0044519115959356136 -0.0027593622901447312 0.0080618221346561939 -0.039545152932291112
leaf_weight=16.208826348185543 18.184984743595127 13.718770146369939 7.7284863889217403 9.7295865416526777 15.96133813261986 7.7200959324836722 8.2194683849811572 7.7211996018886557 7.9871438890695563 10.220367252826689 12.972433879971502 7.4747345447540274 10.447873115539549
leaf_count=65 73 55 31 39 64 31 33 31 32 41 52 30 42
internal_value=-0.000459066 0.00706205 -0.00809187 0.00301801 -0.0175981 0.0156992 -0.00435826 -0.00404319 -0.0145222 0.0232847 0.00685129 0.0305528 -0.0323643
internal_weight=154.295 76.8017 77.4936 35.6347 41.8589 25.9051 45.3879 23.6825 24.196 31.4139 21.1919 21.1935 18.1764
internal_count=619 308 311 143 168 104 182 95 97 126 85 85 73
is_linear=0
shrinkage=0.03


Tree=11
num_leaves=10
num_cat=0
split_feature=38 16 7 11 19 5 17 5 23
split_gain=10.2548 12.5241 11.159 12.334 8.96808 9.31454 8.14034 6.00108 4.17508
threshold=0.0068446202370730574 -3.3513244280631791 0.018487352940073799 0.056583122455608821 0.14765242146355431 -0.043235551006482402 -0.48739680070751484 -0.060635474961317652 1.1071099777880524
decision_type=2 2 2 2 2 2 2 2 2
left_child=6 4 8 -4 5 -2 -1 -6 -3
right_child=1 2 3 -5 7 -7 -8 -9 -10
leaf_value=0.035315058272128601 -0.0087991198739381452 -0.027393206384717421 0.010514471079424945 -0.022476822775861809 0.0065289670646732096 0.022654068976913716 -0.0010245772521442708 -0.025676117798775218 -0.0002734356864931221
leaf_weight=9.933037683367731 9.4800659120082837 29.840482458472252 28.911367118358612 13.208266586065291 7.9799060672521618 30.163273245096207 8.7294826507568342 8.4802039116621 7.4800934791564933
leaf_count=40 38 120 116 53 32 121 35 34 30
internal_value=-0.00046424 -0.00351118 -0.0111324 -4.11798e-05 0.0070337 0.014711 0.0191372 -0.0102346 -0.0226295
internal_weight=154.206 135.544 79.4402 42.1196 56.1034 39.6433 18.6625 16.4601 37.3206
internal_count=619 544 319 169 225 159 75 66 150
is_linear=0
shrinkage=0.03


Tree=12
num_leaves=9
num_cat=0
split_feature=38 33 40 4 38 17 0 4
split_gain=9.75088 12.6424 15.9309 13.1823 12.627 7.7818 6.806 3.84205
threshold=0.0068446202370730574 0.63181454082834676 0.024671143710632618 0.046132346689801158 0.0082517514139185556 -0.48739680070751484 0.0090584060369737224 0.092637269356207877
decision_type=2 2 2 2 2 2 2 2
left_child=5 2 4 6 -2 -1 -3 -5
right_child=1 3 -4 7 -6 -7 -8 -9
leaf_value=0.034516677441184584 -0.022979087221986019 -0.036065100833557517 0.032206782256163372 0.0076209730711095606 0.0067029875595083473 -0.00099955216385344222 -0.0013365169625496867 -0.011118969396010552
leaf_weight=9.9045897126197833 16.201770290732384 20.361220195889477 13.437648728489874 20.429957762360573 41.602709844708443 8.729667052626608 7.9666865915060034 15.445706516504286
leaf_count=40 65 82 54 82 167 35 32 62
internal_value=-0.00045767 -0.00343128 0.00506819 -0.0129573 -0.00185591 0.0186671 -0.0275252 -0.000212278
internal_weight=154.08 135.446 71.2421 64.2036 57.8045 18.6343 28.3279 35.8757
internal_count=619 544 286 258 232 75 114 144
is_linear=0
shrinkage=0.03


Tree=13
num_leaves=10
num_cat=0
split_feature=38 16 7 19 5 17 5 13 2
split_gain=9.26336 11.5524 10.4415 8.34686 8.7437 7.44427 5.70505 4.485 3.94747
threshold=0.0068446202370730574 -3.3513244280631791 0.018487352940073799 0.14765242146355431 -0.043235551006482402 -0.48739680070751484 -0.060635474961317652 1.0000000180025095e-35 -0.0082179733941734594
decision_type=2 2 2 2 2 2 2 2 2
left_child=5 3 8 4 -2 -1 -5 -4 -3
right_child=1 2 7 6 -6 -7 -8 -9 -10
leaf_value=0.033751833495333047 -0.0085475944181509448 -0.007721754523742329 -0.013136330185577139 0.0064367089711938807 0.021910073541566648 -0.00097513884770274509 -0.024950533126959551 0.0065334156407168085 -0.03010522300755257
leaf_weight=9.8709872514009493 9.4738221168518049 15.902198120951651 13.931192085146902 7.976446837186816 30.121080636978149 8.7298426181077939 8.4670947641134244 28.159320682287216 21.327380061149597
leaf_count=40 38 64 56 32 121 35 34 113 86
internal_value=-0.00044104 -0.00334154 -0.0106708 0.00678443 0.0142013 0.0182131 -0.00986492 0 -0.0218078
internal_weight=153.959 135.359 79.3201 56.0384 39.5949 18.6008 16.4435 42.0905 37.2296
internal_count=619 544 319 225 159 75 66 169 150
is_linear=0
shrinkage=0.03


Tree=14
num_leaves=11
num_cat=0
split_feature=33 11 38 7 11 5 21 10 21 4
split_gain=8.91729 11.7359 9.37527 13.3765 10.8174 8.67193 5.27142 4.35907 3.95115 2.54352
threshold=0.63181454082834676 0.018203975331960724 0.0068446202370730574 0.018487352940073799 0.056583122455608821 -0.015534900160442231 0.016838400118363753 0.0051131323429008954 0.014451505684478045 0.010777092172393645
decision_type=2 2 2 2 2 2 2 2 2 2
left_child=1 6 -2 9 -5 -3 8 -7 -1 -4
right_child=2 5 3 4 -6 7 -8 -9 -10 -11
leaf_value=-0.0027106027898540328 0.013555244976842584 -0.0014214472588437582 -0.0091839827250719611 0.010072734467535342 -0.021068193020378486 0.038642846328389692 0.008288830511850611 0.010042856563827701 -0.02858704936616633 -0.035731165055343399
leaf_weight=16.17319351434708 13.109717026352881 12.463791966438292 8.188044413924219 25.65971802175045 13.685233831405638 13.655896827578546 14.427657738327978 12.165861070156096 7.7185051292181006 16.56512251496315
leaf_count=65 53 50 33 103 55 55 58 49 31 67
internal_value=-0.000437563 0.00662525 -0.00762494 -0.0124628 -0.000891295 0.0180386 -0.00473514 0.0273978 -0.0132121 -0.0288534
internal_weight=153.813 76.6049 77.2078 64.0981 39.345 38.2855 38.3194 25.8218 23.8917 24.7532
internal_count=619 308 311 258 158 154 154 104 96 100
is_linear=0
shrinkage=0.03


Tree=15
num_leaves=10
num_cat=0
split_feature=35 26 36 10 11 0 20 2 11
split_gain=6.14683 10.2194 8.17035 6.49506 5.73202 12.0248 8.28921 6.20422 5.41292
threshold=0.039027212967684639 0.52056338028169025 0.0044065363670612746 0.0073902454545911054 0.01693964084525235 0.016277656523803866 0.032249598714119559 0.0044481311055374348 0.042846794081907065
decision_type=2 2 2 2 2 2 2 2 2
left_child=4 2 -2 -4 6 8 7 -1 -6
right_child=1 -3 3 -5 5 -7 -8 -9 -10
leaf_value=-0.026349092146225016 0.0049364366250723019 0.017131678022891863 -0.0069382787528065289 -0.033538335751509066 0.03595703601805994 -0.015342533541515813 0.016945251348957757 0.00062909586198080149 0.0097333162413839377
leaf_weight=14.146127641201021 13.163389906287192 9.4542357176542264 19.662555575370789 17.55555172264576 8.4317730814218503 12.19957287609577 8.4692275524139387 12.455106839537619 41.681606441736221
leaf_count=57 53 38 79 71 34 49 34 50 168
internal_value=-0.000920816 -0.00841064 -0.0139612 -0.0209383 0.00360691 0.0090558 -0.00563625 -0.0140323 0.015644
internal_weight=157.219 59.8357 50.3815 37.2181 97.3834 62.313 35.0705 26.6012 50.1134
internal_count=633 241 203 150 392 251 141 107 202
is_linear=0
shrinkage=0.03


Tree=16
num_leaves=10
num_cat=0
split_feature=35 26 36 10 25 15 38 33 15
split_gain=5.81756 9.71395 7.7713 6.17462 5.2236 6.58301 8.95189 4.30145 4.22492
threshold=0.039027212967684639 0.52056338028169025 0.0044065363670612746 0.0073902454545911054 0.099180327868852475 7.7111257681259167 0.0082517514139185556 0.63181454082834676 68.967634687645742
decision_type=2 2 2 2 2 2 2 2 2
left_child=4 2 -2 -4 7 6 -6 -1 -7
right_child=1 -3 3 -5 5 8 -8 -9 -10
leaf_value=0.0051424662072939243 0.0048082950165984802 0.016707968990663825 -0.0067494132354305554 -0.032731119091356044 -0.024813107214037143 0.019255683541200035 0.0097779327218082534 -0.018145981073657801 0
leaf_weight=10.431675136089327 13.162089258432387 9.4538937211036664 19.662347406148911 17.499021217226982 9.6751791685819644 34.231568649411201 13.44805210828781 13.66435658931732 15.874601334333418
leaf_count=42 53 38 79 71 39 138 54 55 64
internal_value=-0.000884319 -0.00817707 -0.0135987 -0.0204138 0.00351834 0.00757385 -0.00492164 -0.0078677 0.0135958
internal_weight=157.103 59.7774 50.3235 37.1614 97.3254 73.2294 23.1232 24.096 50.1062
internal_count=633 241 203 150 392 295 93 97 202
is_linear=0
shrinkage=0.03


Tree=17
num_leaves=10
num_cat=0
split_feature=4 33 11 40 15 3 25 1 6
split_gain=6.48782 10.5529 10.4142 8.87529 7.10481 6.78268 5.81453 4.93093 2.86165
threshold=0.057371200629248838 0.63181454082834676 0.057411921250222438 0.025287881130586446 70.736675996875974 0.047673848504050216 0.18038949833600396 0.0045562350840852037 -0.012095988867545626
decision_type=2 2 2 2 2 2 2 2 2
left_child=1 2 3 -1 5 -2 -3 -8 -4
right_child=4 6 8 -5 -6 -7 7 -9 -10
leaf_value=-0.010971676565957026 0.029437193181721739 -0.029830966660144915 0.0036046524388838055 0.016611291622332588 -0.0084264512339992312 0 -0.018534747126266606 0.0056319490054537631 0.028542406360023198
leaf_weight=43.729026287794113 15.372981876134874 15.81619583070278 9.1870041936635989 11.414824992418287 11.905929267406462 12.462867841124533 12.310478657484056 13.384907469153402 11.389429852366446
leaf_count=176 62 64 37 46 48 50 50 54 46
internal_value=-0.000861068 -0.00449933 0.00204072 -0.00461793 0.00921321 0.0173199 -0.0163191 -0.00590691 0.0193783
internal_weight=156.974 117.232 75.7203 55.1439 39.7418 27.8358 41.5116 25.6954 20.5764
internal_count=633 473 305 222 160 112 168 104 83
is_linear=0
shrinkage=0.03


Tree=18
num_leaves=11
num_cat=0
split_feature=9 5 15 4 13 15 40 16 35 35
split_gain=8.85648 11.2874 10.994 11.4048 9.27723 8.33503 9.68306 5.78618 4.72231 2.35416
threshold=0.021365103147877641 0.016112027402055976 70.736675996875974 0.00812588286617222 4.3841523189968479 -28.805776448021103 0.015380677895655228 14.888164024060931 0.045418121766629523 0.029204588446373528
decision_type=2 2 2 2 2 2 2 2 2 2
left_child=1 5 4 -4 8 -1 -7 -5 -2 -6
right_child=2 -3 3 7 9 6 -8 -9 -10 -11
leaf_value=0.016550833137895897 0.022508397409258824 -0.035789922812532564 0.011832669059435965 -0.036073254582060635 -0.015528742006997689 -0.01989569991107561 0.013586516192908103 -0.0029180766178494022 0 0.0037862498461825279
leaf_weight=11.922559365630148 38.850628450512886 10.378556922078131 12.118333891034125 10.592978790402414 9.4430020898580569 25.352385297417641 8.6977200955152494 9.9320027381181699 11.391710624098776 8.169274836778639
leaf_count=48 157 42 49 43 38 102 35 40 46 33
internal_value=-0.000823123 -0.0102217 0.00439712 -0.00929561 0.0112766 -0.0028854 -0.0106477 -0.0223791 0.0177427 -0.00633236
internal_weight=156.849 56.3512 100.498 32.6433 67.8546 45.9727 34.0501 20.525 50.2423 17.6123
internal_count=633 227 406 132 274 185 137 83 203 71
is_linear=0
shrinkage=0.03


Tree=19
num_leaves=11
num_cat=0
split_feature=4 33 11 11 6 26 5 20 25 12
split_gain=5.97935 9.98334 9.62084 7.53389 6.52581 5.73439 4.14373 2.82255 2.04192 1.97926
threshold=0.057371200629248838 0.63181454082834676 0.057411921250222438 -0.032897698008679803 0.018503946318245795 0.46195202646815553 0.024136202893355056 0.023537167739576526 0.20400238948626048 78.071873314952555
decision_type=2 2 2 2 2 2 2 2 2 2
left_child=1 2 3 -1 8 6 -3 -4 -2 -6
right_child=4 5 7 -5 9 -7 -8 -9 -10 -11
leaf_value=0.019184897151290341 0.029799970132005173 0 0.030909787500078161 -0.0092421822130684499 0.0039264511322108534 0.0047416943631856511 -0.026484140313068668 0.0060798669871831969 0.007993773087803328 -0.013881725952303546
leaf_weight=7.9516853392124167 8.9110563844442385 7.6362584680318824 8.3866089433431643 47.12327778339386 9.4627274572849291 7.9236138314008704 25.855888500809669 12.141466006636618 13.331790491938589 7.9659907072782508
leaf_count=32 36 31 34 190 38 32 105 49 54 32
internal_value=-0.000810991 -0.00431081 0.00204814 -0.00434664 0.00886385 -0.015824 -0.0211051 0.0187333 0.0190864 -0.00403204
internal_weight=156.69 117.019 75.603 55.075 39.6716 41.4158 33.4921 20.5281 22.2428 17.4287
internal_count=633 473 305 222 160 168 136 83 90 70
is_linear=0
shrinkage=0.03


Tree=20
num_leaves=13
num_cat=0
split_feature=9 33 15 23 21 12 15 12 12 2 15 24
split_gain=7.32786 9.57514 8.37475 8.37395 8.07348 7.70398 6.41515 5.63793 5.29821 4.9064 4.42628 0.552398
threshold=0.012907028343715902 0.63761305822498604 70.736675996875974 1.0474402144825607 0.015410966626826653 39.96709636219979 -11.287138454317791 27.40520751670314 35.252934673895886 -0.018947152981427181 39.103868813217609 -0.19639987142397938
decision_type=2 2 2 2 2 2 2 2 2 2 2 2
left_child=5 9 4 -4 -3 7 -7 -1 -9 -2 -11 -8
right_child=1 2 3 -5 -6 6 11 8 -10 10 -12 -13
leaf_value=-0.01614100285604585 0 -0.0053105342549849277 -0.02980102474721872 0.0048523369002723398 0.016971534539893779 -0.00044286097715766744 -0.014147567857291212 0.02520864702181724 -0.0034146224014241539 0.0088008175482701071 0.039336525879393097 -0.0394073262466531
leaf_weight=7.4626645594835308 9.4232183694839495 27.415616810321808 12.787046581506731 8.9335091114044172 26.298879876732826 11.408994615077974 7.3910702913999557 9.7098988294601458 9.1821772009134275 11.400811851024629 10.097670212388037 7.6494478434324247
leaf_count=30 38 111 52 36 106 46 30 39 37 46 41 31
internal_value=0.000453918 0.00505682 -0.00062702 -0.0157086 0.00554726 -0.00838963 -0.0192994 0.00261935 0.0115837 0.0185742 0.0259088 -0.030992
internal_weight=159.161 106.357 75.4351 21.7206 53.7145 52.8043 26.4495 26.3547 18.8921 30.9217 21.4985 15.0405
internal_count=643 430 305 88 217 213 107 106 76 125 87 61
is_linear=0
shrinkage=0.03


Tree=21
num_leaves=11
num_cat=0
split_feature=9 9 5 38 36 12 38 38 38 15
split_gain=7.00944 8.35402 7.71409 7.95116 7.0146 5.78657 5.31671 4.62707 6.73199 0.478781
threshold=0.012907028343715902 0.1122720155145903 0.021426712846124966 0.0082517514139185556 0.0069713536265523174 36.729928280389437 0.0088339553591261707 0.0068827974673407897 0.010352747980410254 -9.9744042064193881
decision_type=2 2 2 2 2 2 2 2 2 2
left_child=2 7 3 9 6 -5 -3 -2 -9 -1
right_child=1 4 -4 5 -6 -7 -8 8 -10 -11
leaf_value=-0.0068901396962071917 0.025840911746925356 0.002967563897041611 -0.031360893245223925 0.022965720505691355 0.013335111580652504 -0.0028795354637347645 -0.024940932885560801 -0.0010695906129786102 0.018596500599837432 -0.024543383950016973
leaf_weight=7.7121269553899765 12.976172015070913 7.4405337274074617 8.5890444666147214 10.201460734009745 8.2087528109550458 18.362518683075905 15.775977179408072 39.347774222493172 22.497242152690887 7.8944305181503278
leaf_count=31 53 30 35 41 33 74 64 159 91 32
internal_value=0.000427777 0.00493445 -0.00822252 -0.00223476 -0.00745541 0.00675896 -0.0158759 0.0103921 0.00620781 -0.0184454
internal_weight=159.006 106.246 52.7596 44.1705 31.4253 28.564 23.2165 74.8212 61.845 15.6066
internal_count=643 430 213 178 127 115 94 303 250 63
is_linear=0
shrinkage=0.03


Tree=22
num_leaves=9
num_cat=0
split_feature=27 25 36 28 37 25 26 11
split_gain=4.89936 6.19481 5.42534 11.1743 4.92424 4.38745 3.00173 1.46516
threshold=1.0000000180025095e-35 0.540762073548959 0.0065716592877551995 6.5000000000000009 0.028672997630696421 0.19350615344330979 0.24136904761904765 0.030420761421449342
decision_type=2 2 2 2 2 2 2 2
left_child=5 2 4 -4 -2 -1 -7 -3
right_child=1 7 3 -5 -6 6 -8 -9
leaf_value=-0.022404971713205751 0.0059734465954606646 -0.021664525986832519 0.026812290112104203 -0.0003951708287331326 -0.010507738541599159 0.012657849419614889 -0.010591272941847574 -0.0010774414598119233
leaf_weight=12.355535015463831 41.058352872729301 7.6473171710968 23.690264299511909 26.469707384705544 24.22506220638752 7.4301455616951015 8.6141836494207364 7.3712761849164963
leaf_count=50 166 31 96 107 98 30 35 30
internal_value=0.000406658 0.00298277 0.00548524 0.0127025 -4.9928e-05 -0.0103516 0 -0.0137556
internal_weight=158.862 130.462 115.443 50.16 65.2834 28.3999 16.0443 15.0186
internal_count=643 528 467 203 264 115 65 61
is_linear=0
shrinkage=0.03


Tree=23
num_leaves=10
num_cat=0
split_feature=27 14 36 14 23 23 0 17 17
split_gain=4.63304 4.46989 12.994 10.1388 5.30006 4.85245 4.08135 2.23148 3.2476
threshold=1.0000000180025095e-35 33.852744792629672 0.0071026271226287954 84.957504389951069 1.1863872704768494 0.95504234176503211 0.0044598819001488996 1.0307047066116664 -1.3248913876475095
decision_type=2 2 2 2 2 2 2 2 2
left_child=7 4 3 -3 5 -2 -6 8 -1
right_child=1 2 -4 -5 6 -7 -8 -9 -10
leaf_value=-0.00062269223065604493 0.000989504944095138 0.0093348213256101414 0.032148366424614619 -0.020874548213502667 0.023424227166920924 -0.016104696148984427 -0.002690920259647935 0 -0.027512891811119093
leaf_weight=8.6251362264156359 30.414623573422432 32.338795959949493 13.998990088701246 12.08067414164543 9.1670008748769778 24.44970566034317 7.9557352215051642 11.167174860835074 8.592627480626108
leaf_count=35 123 131 57 49 37 99 32 45 35
internal_value=0.000375572 0.00288401 0.00895356 0.0002503 -0.00194766 -0.00666305 0.0114936 -0.0100863 -0.0162896
internal_weight=158.79 130.406 58.4185 44.4195 71.9871 54.8643 17.1227 28.3849 17.2178
internal_count=643 528 237 180 291 222 69 115 70
is_linear=0
shrinkage=0.03


Tree=24
num_leaves=13
num_cat=0
split_feature=9 9 9 15 31 17 7 35 34 40 10 20
split_gain=6.47188 7.69235 5.21648 6.38778 4.87328 3.70906 4.06556 3.69594 6.02468 2.95636 2.6126 1.12249
threshold=0.012907028343715902 0.1122720155145903 -0.03281895799550618 -5.7957102537945451 1.5000000000000002 1.5293422560594629 -0.021985208798185798 0.055900136275615082 0.010798732777574817 0.052599684167536027 -0.010233124863161689 0.025692394405160274
decision_type=2 2 2 2 2 2 2 2 2 2 2 2
left_child=2 7 5 -4 9 6 -1 8 -2 -3 -5 -6
right_child=1 4 3 10 11 -7 -8 -9 -10 -11 -12 -13
leaf_value=-0.0036328534057067183 0.0038302343286536556 -0.0066834650976132122 7.515056677655639e-05 -0.0097418872084787857 -0.026228618320195067 -0.011941296204518373 0.022452599914280662 -0.0044483862473044386 0.023010305742589887 0.015924150854858488 -0.039977706154364787 -0.0051679148251869474
leaf_weight=8.4577743858099002 36.280753627419472 8.8556228280067497 10.62214605510235 8.1681645065546018 7.6753276586532575 9.4256787747144681 8.4369784146547335 11.090197861194609 27.29635101556778 7.423312932252883 7.5472228378057471 7.4063452780246735
leaf_count=34 147 36 43 33 31 38 34 45 111 30 31 30
internal_value=0.000359454 0.00469911 -0.00795632 -0.0169311 -0.00719041 0.00105607 0.00959768 0.00994573 0.0127444 0.00341951 -0.0279832 -0.0185802
internal_weight=158.686 106.028 52.658 26.3375 31.3606 26.3204 16.8948 74.6673 63.5771 16.2789 15.7154 15.0817
internal_count=643 430 213 107 127 106 68 303 258 66 64 61
is_linear=0
shrinkage=0.03


Tree=25
num_leaves=9
num_cat=0
split_feature=14 11 21 37 36 4 4 23
split_gain=6.24784 5.65386 7.65164 6.26684 6.16739 4.67831 2.98933 1.61022
threshold=102.29462836740915 0.070163672065382224 0.019455594622353755 0.032584265049729895 0.0049452748353441744 0.023048976965005855 0.075673759077726901 0.8348990558714714
decision_type=2 2 2 2 2 2 2 2
left_child=1 2 3 -1 -4 7 -2 -3
right_child=6 5 4 -5 -6 -7 -8 -9
leaf_value=-0.0092238391457200655 -0.026944306508208705 0.0080339484374596336 0.030081384095652208 0.0098396086921890818 0.0032207459191874572 -0.0010191710648584857 0 0.033258719167993125
leaf_weight=60.479261234402657 7.3061279058456403 7.4113675057888093 9.6579093188047391 18.189522638916969 29.151579037308693 7.8446822166442862 7.6842096596956253 8.8710494190454465
leaf_count=245 30 30 39 74 118 32 31 36
internal_value=0.00159323 0.00369422 0.00073968 -0.00449544 0.0114193 0.0163483 -0.0154694 0.0247324
internal_weight=156.596 141.605 117.478 78.6688 38.8095 24.1271 14.9903 16.2824
internal_count=635 574 476 319 157 98 61 66
is_linear=0
shrinkage=0.03


Tree=26
num_leaves=9
num_cat=0
split_feature=22 35 16 23 40 5 23 5
split_gain=5.31788 4.25899 6.72852 7.2878 5.89166 7.32774 4.67153 3.89038
threshold=-0.39533368647776107 0.047014515513737039 -1.6617934965896837 1.010327496895276 -0.0094849712317382467 0.043862295050796314 1.0430314023002885 -0.060635474961317652
decision_type=2 2 2 2 2 2 2 2
left_child=-1 4 3 -3 7 -6 -4 -2
right_child=1 2 6 -5 5 -7 -8 -9
leaf_value=0.017944957219557897 0.0070981355234789097 0.015063153227576277 -0.029737625893559421 -0.016656912331310218 0.019757047785039266 0 0 -0.015308640207481357
leaf_weight=14.05458480119705 7.9453600198030498 14.8628565967083 12.618609428405763 8.4502677768468839 26.114442557096481 45.993421122431755 7.4190626740455619 19.022754967212677
leaf_count=57 32 60 52 34 106 187 30 77
internal_value=0.00156505 -0.000173567 -0.00790533 0.00256541 0.00315056 0.0076872 -0.0198956 -0.00815504
internal_weight=156.481 142.427 43.3508 23.3131 99.076 72.1079 20.0377 26.9681
internal_count=635 578 176 94 402 293 82 109
is_linear=0
shrinkage=0.03


Tree=27
num_leaves=8
num_cat=0
split_feature=14 11 21 13 22 16 19
split_gain=5.9276 5.34474 7.21396 7.29398 4.44334 3.43033 3.02235
threshold=102.29462836740915 0.070163672065382224 0.019455594622353755 1.6414064062966924 0.091311742427305234 20.214861498486652 0.21305307194144157
decision_type=2 2 2 2 2 2 2
left_child=1 2 3 -1 -3 -2 -4
right_child=5 4 6 -5 -6 -7 -8
leaf_value=0.0026450588788274631 -0.027040123955735011 0.025732316661111081 0.016553193015726747 -0.015488155528315745 0 0 0
leaf_weight=48.198725864291191 7.5189334750175458 13.978348687291147 26.168801471590996 30.37001471221447 10.095078974962233 7.4381564259529114 12.59197051823139
leaf_count=196 31 57 106 123 41 30 51
internal_value=0.00152044 0.00357061 0.000693874 -0.00438847 0.0158873 -0.0151122 0.0110737
internal_weight=156.36 141.403 117.33 78.5687 24.0734 14.9571 38.7608
internal_count=635 574 476 319 98 61 157
is_linear=0
shrinkage=0.03


Tree=28
num_leaves=6
num_cat=0
split_feature=14 24 22 11 16
split_gain=5.65331 5.27641 6.00805 5.39656 3.28836
threshold=102.29462836740915 -0.69361147327249018 -0.43525076984018829 0.070163672065382224 20.214861498486652
decision_type=2 2 2 2 2
left_child=1 -1 -3 -4 -2
right_child=4 2 3 -5 -6
leaf_value=0.021197797897791065 -0.026491627968551878 0.022587582185080828 -0.0034453150827600792 0.012663193707998201 0
leaf_weight=11.811547040939329 7.4862737208604795 9.1080944538116437 99.533191367983818 20.876081824302673 7.4381564259529114
leaf_count=48 31 37 404 85 30
internal_value=0.0014747 0.00347836 0.00145057 -0.000368678 -0.0147818
internal_weight=156.253 141.329 129.517 120.409 14.9244
internal_count=635 574 526 489 61
is_linear=0
shrinkage=0.03


Tree=29
num_leaves=6
num_cat=0
split_feature=14 24 22 11 16
split_gain=5.39982 5.00538 5.71684 5.10338 3.15339
threshold=102.29462836740915 -0.69361147327249018 -0.43525076984018829 0.070163672065382224 20.214861498486652
decision_type=2 2 2 2 2
left_child=1 -1 -3 -4 -2
right_child=4 2 3 -5 -6
leaf_value=0.020667342272000594 -0.025959959595998325 0.022048483390752056 -0.0033440457949806138 0.01232481194116518 0
leaf_weight=11.80272753536701 7.4518883228301984 9.0998904109001142 99.531564548611641 20.86090475320816 7.4381564259529114
leaf_count=48 31 37 404 85 30
internal_value=0.00144132 0.0034002 0.00142188 -0.000349448 -0.0144604
internal_weight=156.185 141.295 129.492 120.392 14.89
internal_count=635 574 526 489 61
is_linear=0
shrinkage=0.03


Tree=30
num_leaves=10
num_cat=0
split_feature=5 16 26 3 0 2 19 15 36
split_gain=7.16986 6.27667 8.91046 8.4517 9.42398 4.65468 3.83774 3.6977 0.678093
threshold=0.10575399239197093 -3.4479744919705082 0.03792235801581597 0.01092560166718637 -0.0023018356946067349 0.019303562779670939 0.11671487898495864 68.436677983102683 0.0069045371770665182
decision_type=2 2 2 2 2 2 2 2 2
left_child=1 2 -1 6 -5 -4 -3 -2 -9
right_child=7 3 5 4 -6 -7 -8 8 -10
leaf_value=-0.015440946150353475 0 -0.02206462260682597 0.019739052957398213 0.025844331488917748 -0.0034519038339882774 -0.0032847135686424229 0.00019216188749598446 -0.027194215651387549 -0.0074320133570032849
leaf_weight=7.4300239235162726 13.549183011054994 17.346052497625355 43.628724679350853 12.974697545170782 25.964834704995155 7.6352788507938376 8.8056582510471326 8.2795225381851179 7.4005386382341376
leaf_count=30 55 71 177 53 105 31 36 34 30
internal_value=0.00117842 0.0044449 0.0114247 -0.00177829 0.00672893 0.0160337 -0.0145564 -0.0115734 -0.0206113
internal_weight=153.015 123.785 58.694 65.0912 38.9395 51.264 26.1517 29.2292 15.6801
internal_count=622 503 238 265 158 208 107 119 64
is_linear=0
shrinkage=0.03


Tree=31
num_leaves=8
num_cat=0
split_feature=14 15 0 24 15 8 36
split_gain=7.2736 4.55793 8.52135 8.63058 5.81306 4.10229 3.77243
threshold=102.29462836740915 40.378970453956427 0.0012006951498270137 -0.28213443396226406 31.69394762045231 0.018469067196962865 0.0049900352998058324
decision_type=2 2 2 2 2 2 2
left_child=1 4 3 -3 6 -4 -1
right_child=-2 2 5 -5 -6 -7 -8
leaf_value=0.014562981940789832 -0.018343855626607553 0.0033747432674775392 0.012890639953322978 0.038983329560536302 -0.020819468805387892 -0.010613067068638307 -0.0010455219309268961
leaf_weight=15.250823795795439 13.379893645644186 13.69710583984852 8.317165821790697 11.695415988564489 9.3712189346551877 16.257992997765541 64.905259281396866
leaf_count=62 55 56 34 48 38 66 263
internal_value=0.0011202 0.00332604 0.010412 0.0219719 -0.000606051 -0.0017226 0.00202386
internal_weight=152.875 139.495 49.9677 25.3925 89.5273 24.5752 80.1561
internal_count=622 567 204 104 363 100 325
is_linear=0
shrinkage=0.03


Tree=32
num_leaves=11
num_cat=0
split_feature=33 15 15 28 9 2 26 23 11 2
split_gain=6.19553 8.42178 7.1676 10.6776 6.21686 4.13278 4.29154 3.00613 2.91023 2.07997
threshold=0.63181454082834676 70.736675996875974 56.894081233375239 5.5000000000000009 0.018850562576820846 -0.02218011314864032 0.15470085470085473 1.010327496895276 0.077717132393900448 0.0082141299735423185
decision_type=2 2 2 2 2 2 2 2 2 2
left_child=4 2 3 -2 5 -1 -7 -3 9 -6
right_child=1 7 -4 -5 8 6 -8 -9 -10 -11
leaf_value=-0.013029912389252244 0.010798722785789507 -0.028219377654700947 0.02271455960078439 -0.016806423951301264 0.027473859634739788 -0.0073039812101170463 0.013739393213423764 -0.0018627430555698645 0 0.0044743270455152662
leaf_weight=13.360588297247885 21.602658703923225 13.034972667694094 9.3984229862689954 24.572876214981079 16.356370821595199 11.613043382763861 20.502187803387642 7.4013872742652884 7.3144786506891242 7.6145091205835334
leaf_count=54 88 54 38 100 67 47 83 30 30 31
internal_value=0.00109195 -0.00480188 0.00116709 -0.00366818 0.00709231 0 0.00570821 -0.0203594 0.0169446 0.0216527
internal_weight=152.771 76.0103 55.574 46.1755 76.7612 45.4758 32.1152 20.4364 31.2854 23.9709
internal_count=622 310 226 188 312 184 130 84 128 98
is_linear=0
shrinkage=0.03


Tree=33
num_leaves=10
num_cat=0
split_feature=5 21 21 26 36 37 28 36 28
split_gain=6.48119 6.70633 6.16916 6.97252 6.12976 6.81705 6.72688 3.88758 0.81529
threshold=0.10575399239197093 0.017086855325708323 0.015716977239599302 0.042436974789915975 0.0061402356477331943 0.0086983543653903501 5.5000000000000009 0.0070624294123895282 7.5000000000000009
decision_type=2 2 2 2 2 2 2 2 2
left_child=2 -2 4 -4 6 -6 -1 -5 -3
right_child=1 8 3 7 5 -7 -8 -9 -10
leaf_value=-0.027744371338104989 0.0084120718459140924 -0.010065808164209631 -0.009031308059098837 0.022080696768000844 -0.0036728390399969734 0.023471579945073231 0 0.0038551601606479804 -0.028538192887536239
leaf_weight=11.545661404728891 8.7915157228708285 12.003827631473543 10.804745256900786 30.400478795170784 19.190410748124126 11.311125203967093 19.801913186907768 20.427886456251144 8.3218532502651197
leaf_count=47 36 49 44 124 78 46 81 83 34
internal_value=0.00106238 -0.011079 0.00417582 0.0107844 -0.00230627 0.00675673 -0.0114508 0.0154631 -0.0201798
internal_weight=152.599 29.1172 123.482 61.6331 61.8491 30.5015 31.3476 50.8284 20.3257
internal_count=622 119 503 251 252 124 128 207 83
is_linear=0
shrinkage=0.03


Tree=34
num_leaves=8
num_cat=0
split_feature=14 15 0 40 15 23 40
split_gain=6.60014 4.28158 8.0359 6.16565 5.43104 3.68947 3.48444
threshold=102.29462836740915 40.378970453956427 0.0012006951498270137 0.016764781094801843 31.69394762045231 1.1941219226459392 0.038657667377616008
decision_type=2 2 2 2 2 2 2
left_child=1 4 3 -3 5 -1 -4
right_child=-2 2 6 -5 -6 -7 -8
leaf_value=-0.00155303878593041 -0.017570008132609134 0.001710087288311176 0.0090295393654846665 0.032869888553963958 -0.020218229783854343 0.012962009602046199 -0.011835164001338518
leaf_weight=61.534713938832283 13.300561681389807 10.726614609360697 11.205963596701624 14.520366519689558 9.3675330877304059 18.539104953408241 13.289567828178404
leaf_count=250 55 44 46 60 38 75 54
internal_value=0.00101608 0.00312217 0.0100126 0.0212789 -0.00068104 0.00185877 -0.00176297
internal_weight=152.484 139.184 49.7425 25.247 89.4414 80.0738 24.4955
internal_count=622 567 204 104 363 325 100
is_linear=0
shrinkage=0.03


Tree=35
num_leaves=12
num_cat=0
split_feature=16 4 38 31 38 2 32 38 19 4 4
split_gain=5.87832 6.37456 8.01314 7.74045 5.74983 5.66278 4.71326 4.05624 3.92474 6.83662 2.17882
threshold=-4.479423466482543 0.044443042073296975 0.0068827974673407897 1.5000000000000002 0.0091083170291591693 -0.02420874850742832 0.0097811772168676665 0.010633767101371278 0.12587192742090703 -0.010893175095701311 -0.05416467803915586
decision_type=2 2 2 2 2 2 2 2 2 2 2
left_child=5 2 -2 7 -5 10 -4 -3 9 -7 -1
right_child=1 3 6 4 -6 8 -8 -9 -10 -11 -12
leaf_value=0.0021421954884573739 0.011061773448786871 0.0006041590904429416 -0.021630374981234681 0.0040333922846377433 -0.02573430942585412 0.028849952209362959 0.002303755782381478 0.024617170983537912 0 0 -0.017316018376451688
leaf_weight=7.9179388433694839 9.005380302667616 13.934578344225885 36.134596094489098 9.8945202678442019 9.0655345320701581 18.022930696606636 7.3842163234949103 12.327691882848738 13.779006913304327 11.283554941415789 7.6149341613054258
leaf_count=32 37 57 148 40 37 74 30 50 56 46 31
internal_value=-0.000411831 -0.00497222 -0.011949 0.00297625 -0.0105815 0.00685836 -0.0173169 0.0133512 0.0124428 0.0183247 -0.00742869
internal_weight=156.365 97.7465 52.5242 45.2223 18.9601 58.6184 43.5188 26.2623 43.0855 29.3065 15.5329
internal_count=638 399 215 184 77 239 178 107 176 120 63
is_linear=0
shrinkage=0.03


Tree=36
num_leaves=8
num_cat=0
split_feature=12 9 20 4 5 21 12
split_gain=6.0041 8.3825 7.01004 8.35753 6.59765 7.3301 6.07702
threshold=35.252934673895886 0.012907028343715902 0.033483067347985312 0.01151906011141335 0.021426712846124966 0.016657381637221195 27.40520751670314
decision_type=2 2 2 2 2 2 2
left_child=6 4 3 -3 5 -2 -1
right_child=1 2 -4 -5 -6 -7 -8
leaf_value=-0.0036497604970492765 -0.018682726062434089 0.017842007083626162 -0.01798154605905029 -0.0013062885101397049 -0.035269462615056632 0.0092663773722666872 0.027544546053098407
leaf_weight=7.9294515252113369 16.457461968064312 28.187348991632462 11.734148845076559 59.444962918758392 8.4842078387737256 13.104057163000105 10.834912702441214
leaf_count=32 67 116 48 243 35 53 44
internal_value=-0.000385516 -0.00271333 0.00178932 0.00494619 -0.0143498 -0.00601605 0.0145582
internal_weight=156.177 137.412 99.3665 87.6323 38.0457 29.5615 18.7644
internal_count=638 562 407 359 155 120 76
is_linear=0
shrinkage=0.03


Tree=37
num_leaves=9
num_cat=0
split_feature=12 9 13 20 38 16 9 20
split_gain=5.7048 7.96647 8.80008 11.2166 7.59154 7.02106 3.01464 2.8468
threshold=35.252934673895886 0.012907028343715902 4.3259804379965709 0.033483067347985312 0.008274027163682569 -6.7447647470604304 -0.031438984987337944 0.020436842027025909
decision_type=2 2 2 2 2 2 2 2
left_child=4 5 3 -3 -1 -2 -7 -4
right_child=1 2 7 -5 -6 6 -8 -9
leaf_value=-0.0069954391556876667 0.0066440441321762821 0.011540797817154176 0 -0.019490824124979995 0.02812263966008886 -0.0063884617473780421 -0.029064494159547757 -0.020240094898660667
leaf_weight=7.4043912440538433 9.1476609706878644 65.94447173178196 7.5964432209730175 10.234145015478132 11.334610790014265 12.087417244911192 16.723585262894634 15.531725794076918
leaf_count=30 37 271 31 42 46 49 69 63
internal_value=-0.000385733 -0.00265798 0.00172702 0.00678804 0.0141866 -0.0140176 -0.02107 -0.0135593
internal_weight=156.004 137.265 99.3068 76.1786 18.739 37.9587 28.811 23.1282
internal_count=638 562 407 313 76 155 118 94
is_linear=0
shrinkage=0.03


Tree=38
num_leaves=8
num_cat=0
split_feature=12 38 35 36 26 32 35
split_gain=5.41871 7.24528 5.1108 7.82501 5.19616 7.22657 4.31491
threshold=35.252934673895886 0.008274027163682569 0.04196337677817575 0.0041796336832660066 0.047947454844006573 0.0050549520502423126 0.080946512603987122
decision_type=2 2 2 2 2 2 2
left_child=1 -1 4 -4 -2 -6 -5
right_child=2 -3 3 6 5 -7 -8
leaf_value=-0.0068310978529949971 -0.013757348612415834 0.02746704092484762 0.0096966723788541754 -0.022427039694013925 0.011564886201832145 -0.0069346622744991147 0.0011505433070207844
leaf_weight=7.4031820148229626 14.420294627547262 11.30517530441284 10.765961214900015 27.973080590367317 49.096597969532013 27.543035209178925 7.3270779699087134
leaf_count=30 59 46 44 115 202 112 30
internal_value=-0.000388467 0.0138215 -0.00260579 -0.0105623 0.00139862 0.00471843 -0.0173317
internal_weight=155.834 18.7084 137.126 46.0661 91.0599 76.6396 35.3002
internal_count=638 76 562 189 373 314 145
is_linear=0
shrinkage=0.03


Tree=39
num_leaves=10
num_cat=0
split_feature=12 38 40 16 23 21 16 2 38
split_gain=5.13471 6.91722 6.07486 6.27293 11.7276 4.61295 4.67519 4.54929 4.15515
threshold=35.252934673895886 0.008274027163682569 0.0016464917232389411 -1.5102603709158042 0.94526947288264151 0.01646972647882337 -4.9569285668368055 -0.018501681936509026 0.010633767101371278
decision_type=2 2 2 2 2 2 2 2 2
left_child=1 -1 5 7 -5 6 -2 -4 -7
right_child=2 -3 3 4 -6 8 -8 -9 -10
leaf_value=-0.0066707245712302491 0 0.026834142358514227 -0.0052749963275691659 -0.020405436332003531 0.0060730856150816998 -0.014218800803206574 -0.028828557554326034 0.01849181130186596 0.0097996136909433013
leaf_weight=7.4018329977989223 8.1220782101154345 11.272324994206427 7.8077658712863949 21.902351379394531 37.794687211513519 9.7315406203269976 15.338453605771063 24.046396628022194 12.302148684859274
leaf_count=30 33 46 32 90 155 40 63 99 50
internal_value=-0.000374257 0.0134678 -0.00253487 0.00180487 -0.0037451 -0.0112921 -0.0200175 0.0122558 -0.000484857
internal_weight=155.72 18.6742 137.045 91.5512 59.697 45.4942 23.4605 31.8542 22.0337
internal_count=638 76 562 376 245 186 96 131 90
is_linear=0
shrinkage=0.03


Tree=40
num_leaves=9
num_cat=0
split_feature=5 35 12 32 18 36 18 4
split_gain=6.99045 5.65224 7.4652 6.27603 5.74345 4.93295 3.4588 1.13575
threshold=0.17667809619033994 0.047014515513737039 53.351210131849605 -0.0098395900334571889 0.99397165672797938 0.0065992573228417662 0.16814266195753783 0.038905515532207675
decision_type=2 2 2 2 2 2 2 2
left_child=1 3 6 5 -5 -1 -3 -4
right_child=-2 2 7 4 -6 -7 -8 -9
leaf_value=-0.02650399607206429 -0.026677557547220541 -0.012004824991449047 -0.030702793791171589 0.009336870471928339 -0.015093288645242326 0.0022457027539553951 0.010305745566442552 -0.0092753419286620651
leaf_weight=8.1004819571971911 7.4977895319461814 7.6542277485132244 9.067048132419588 81.851596742868423 7.4263568520545951 9.052808001637457 14.940109387040136 9.2369643896818143
leaf_count=33 31 31 38 336 30 37 61 38
internal_value=-0.00172773 -1.7263e-05 -0.00933213 0.00352993 0.00685419 -0.0118978 0.00177615 -0.0226072
internal_weight=154.827 147.33 40.8983 106.431 89.278 17.1533 22.5943 18.304
internal_count=635 604 168 436 366 70 92 76
is_linear=0
shrinkage=0.03


Tree=41
num_leaves=6
num_cat=0
split_feature=5 18 4 19 21
split_gain=6.65997 4.41903 7.27129 7.00267 3.63718
threshold=0.17667809619033994 0.99397165672797938 0.044443042073296975 0.14765242146355431 0.024487365147458307
decision_type=2 2 2 2 2
left_child=1 2 3 -1 -4
right_child=-2 -3 4 -5 -6
leaf_value=0.001744793358043424 -0.02610347910021402 -0.016944549080797337 0.0044700440996628026 -0.016192200633506126 0.026334006423306973
leaf_weight=80.714014008641243 7.4770993888378134 10.885366544127463 21.260971575975418 23.344040289521217 11.030522733926771
leaf_count=332 31 44 87 96 45
internal_value=-0.00172071 -4.87166e-05 0.00141718 -0.00236717 0.0134763
internal_weight=154.712 147.235 136.35 104.058 32.2915
internal_count=635 604 560 428 132
is_linear=0
shrinkage=0.03


Tree=42
num_leaves=6
num_cat=0
split_feature=5 38 32 10 10
split_gain=6.367 4.89708 4.92684 4.27947 7.10801
threshold=0.17667809619033994 0.0068446202370730574 -0.0004030749124323551 0.057473354996005595 0.0079141817985801683
decision_type=2 2 2 2 2
left_child=1 2 -1 4 -3
right_child=-2 3 -4 -5 -6
leaf_value=0.029189910400023795 -0.02554736179452782 0.0019664694113516634 0 0.011975134216023741 -0.01274988254484573
leaf_weight=7.5871385782957104 7.4545418024063101 65.358411386609077 10.749562889337538 14.232449442148207 49.264405578374863
leaf_count=32 31 267 44 58 203
internal_value=-0.00167716 -4.14427e-05 0.0135513 -0.00226793 -0.00434012
internal_weight=154.647 147.192 18.3367 128.855 114.623
internal_count=635 604 76 528 470
is_linear=0
shrinkage=0.03


Tree=43
num_leaves=8
num_cat=0
split_feature=14 35 12 10 14 23 36
split_gain=5.36882 4.84285 6.78921 4.96717 4.38387 3.32649 0.50448
threshold=102.29462836740915 0.047014515513737039 53.351210131849605 -0.035782949616681485 -17.654208925071313 1.010327496895276 0.0051944971243863798
decision_type=2 2 2 2 2 2 2
left_child=1 3 5 -1 -5 -3 -4
right_child=-2 2 6 4 -6 -7 -8
leaf_value=-0.015145865799661118 -0.018931022206212421 0.01086991453225717 -0.0091573003367161326 0.02558559992950701 0.0034207220291308004 -0.010531038486984248 -0.028689609361472607
leaf_weight=9.136707127094267 12.6292787194252 13.698755651712419 7.7621294707059887 7.4162725061178199 86.437454491853714 8.8863610476255399 8.5682123601436597
leaf_count=37 53 56 32 30 355 36 36
internal_value=-0.0016212 5.67918e-05 -0.00859316 0.00356952 0.00582597 0.00166765 -0.022236
internal_weight=154.535 141.906 38.9155 102.99 93.8537 22.5851 16.3303
internal_count=635 582 160 422 385 92 68
is_linear=0
shrinkage=0.03


Tree=44
num_leaves=9
num_cat=0
split_feature=38 13 10 4 37 35 0 36
split_gain=4.63781 6.51716 4.64421 9.15428 8.2779 4.81575 4.70322 4.15381
threshold=0.0068446202370730574 -1.175896482396716 0.0079141817985801683 0.049709299334549158 0.03159189211310743 0.042782929003027832 -0.00098443647883167374 0.0049296490505929573
decision_type=2 2 2 2 2 2 2 2
left_child=1 -1 4 7 6 -5 -2 -4
right_child=2 -3 3 5 -6 -7 -8 -9
leaf_value=0.030709820925367278 0.0050989489417542682 -0.0016159025422301514 0 0.00731246041642729 0.025508855718286143 -0.016183129302530932 -0.011598248065989148 -0.025922012420208643
leaf_weight=7.0594594329595592 30.096385806798935 12.199430733919142 8.4721090495586378 28.472110003232956 9.2473675906658155 8.4719884842634183 25.990919172763824 24.399737432599068
leaf_count=30 123 50 35 116 38 35 106 102
internal_value=-0.00159321 0.0113021 -0.00367817 -0.00898663 0.00187006 0.000984913 -0.00251325 -0.0200374
internal_weight=154.41 19.2589 135.151 69.8159 65.3347 36.9441 56.0873 32.8718
internal_count=635 80 555 288 267 151 229 137
is_linear=0
shrinkage=0.03


Tree=45
num_leaves=10
num_cat=0
split_feature=36 35 13 21 21 37 15 16 11
split_gain=5.31006 8.43489 7.77393 6.20888 4.92966 4.80661 4.44166 2.65543 1.97474
threshold=0.0064025124615287952 0.01656523596983606 5.3793613955454882 0.022113739835750434 0.028057614366405352 -0.018875526727317012 -10.451733343518471 1.7424723201056513 0.055343150371446666
decision_type=2 2 2 2 2 2 2 2 2
left_child=1 7 4 6 5 -2 -3 -1 -5
right_child=2 3 -4 8 -6 -7 -8 -9 -10
leaf_value=-0.031657732928785209 -0.0027677556292396923 0.0097096447904258549 -0.013530615891570553 0.025162874953757606 -0.0055364834354090725 0.018959760988772723 -0.010328048212343096 -0.0056149952847811867 0.0013330241215636373
leaf_weight=10.297949671745302 9.7702857851982099 10.817293152213095 13.489249035716055 7.2988871335983259 12.089844286441801 38.397272616624832 37.844536289572716 8.6945237517356855 7.2471711337566376
leaf_count=42 40 44 55 30 50 159 157 36 30
internal_value=-0.000375875 -0.00564281 0.00529077 0 0.0100444 0.0143189 -0.00537022 -0.022121 0.0157931
internal_weight=155.947 82.2004 73.7467 63.2079 60.2574 48.1676 48.6618 18.9925 14.5461
internal_count=643 339 304 261 249 199 201 78 60
is_linear=0
shrinkage=0.03


Tree=46
num_leaves=12
num_cat=0
split_feature=40 4 4 33 39 12 28 38 20 4 16
split_gain=5.5719 6.3429 7.23608 8.72629 5.84045 6.70556 4.56579 7.79535 6.55962 4.46123 3.4218
threshold=0.023709628993975777 -0.0084994463092576394 0.046132346689801158 0.95486035308329342 1.0000000180025095e-35 35.252934673895886 10.500000000000002 0.00974901266386838 0.019867266842227421 -0.0055756211742763453 0.25422289993336139
decision_type=2 2 2 2 2 2 2 2 2 2 2
left_child=4 -2 10 -4 5 -1 8 -8 -6 -7 -3
right_child=1 2 3 -5 6 9 7 -9 -10 -11 -12
leaf_value=0.026844889049689291 0.023512904803167572 0.00087038687137811041 0.019223607306316535 -0.012401442302942055 0 -0.016465298014080382 -0.015080024145143332 0.022963616960310251 -0.022824627021857787 0.010385292850437444 -0.02006708854669436
leaf_weight=7.34812764823437 12.532002627849577 10.331003025174143 24.110532879829407 9.0244688093662244 15.782837048172949 9.763690665364269 7.9769856333732587 7.2431962192058563 30.307533785700798 8.1543064564466441 13.255032747983931
leaf_count=30 52 43 99 37 65 40 33 30 124 34 56
internal_value=-0.00037307 0.00577544 0.000933702 0.00996782 -0.00547999 0.00596756 -0.0104739 0.00271798 -0.015074 -0.00367694 -0.0109588
internal_weight=155.83 69.253 56.721 33.135 86.5767 25.2661 61.3106 15.2202 46.0904 17.918 23.586
internal_count=643 287 235 136 356 104 252 63 189 74 99
is_linear=0
shrinkage=0.03


Tree=47
num_leaves=11
num_cat=0
split_feature=40 10 21 21 39 23 12 37 18 6
split_gain=5.24423 7.68667 5.97191 6.77009 5.54125 6.83559 6.39781 5.70321 4.06433 2.55072
threshold=0.023709628993975777 -0.0033929371193927023 0.024994198867876672 0.017086855325708323 1.0000000180025095e-35 0.9806335967484876 35.252934673895886 -0.021188857684780734 0.61160021452520263 -0.0043397791701032832
decision_type=2 2 2 2 2 2 2 2 2 2
left_child=4 -2 3 -3 6 7 -1 -6 -7 -8
right_child=1 2 -4 -5 5 8 9 -9 -10 -11
leaf_value=0.026256652812717312 0.02925544852032683 0.0036511964645053628 0.018778189261603496 -0.019428689260217038 -0.020759459325728907 -0.028173857629679618 0.0072390275000925146 0.0062670216754023012 -0.0023238168150019585 -0.01296121211956852
leaf_weight=7.3324088752269772 8.6039676517248136 34.309272646903992 11.864201471209524 14.382539346814154 7.4077306836843482 18.528598129749302 7.8085290193557784 25.507420748472214 9.8186229318380338 10.110185831785198
leaf_count=30 36 142 49 60 30 76 32 106 40 42
internal_value=-0.00034765 0.00561902 0.00119294 -0.00336778 -0.00530614 -0.0101758 0.00583753 -0.000226543 -0.0204577 -0.0035624
internal_weight=155.673 69.16 60.556 48.6918 86.5135 61.2624 25.2511 32.9152 28.3472 17.9187
internal_count=643 287 251 202 356 252 104 136 116 74
is_linear=0
shrinkage=0.03


Tree=48
num_leaves=9
num_cat=0
split_feature=26 34 20 36 36 33 21 0
split_gain=5.11122 4.66409 8.40104 7.30323 6.2094 6.19764 6.18034 2.58206
threshold=0.57780707536805109 0.012092291015881386 0.029167964991032486 0.0065992573228417662 0.0045390298556665471 0.45148418491484188 0.014979448268536746 0.0036081365061680919
decision_type=2 2 2 2 2 2 2 2
left_child=1 3 6 4 -1 -5 -3 -2
right_child=7 2 -4 5 -6 -7 -8 -9
leaf_value=0 0.02344846063181719 0 -0.016998168290331357 0.013546660306388706 -0.02531859043450704 -0.0084273773717300719 0.020478972849902827 0
leaf_weight=11.809370473027228 9.1746416538953799 27.229361116886139 11.699909016489981 18.381273657083511 23.422533169388771 24.353966370224953 21.82053342461586 7.6330657601356497
leaf_count=49 38 113 49 76 97 100 90 31
internal_value=-0.000328854 -0.00237962 0.00362645 -0.00722062 -0.016959 0.000871871 0.00931309 0.0142522
internal_weight=155.525 138.717 60.7498 77.9671 35.2319 42.7352 49.0499 16.8077
internal_count=643 574 252 322 146 176 203 69
is_linear=0
shrinkage=0.03


Tree=49
num_leaves=8
num_cat=0
split_feature=26 33 4 37 36 24 34
split_gain=4.91697 5.92373 5.71911 5.00443 5.07912 4.67495 4.66361
threshold=0.10031446540880505 0.95486035308329342 0.049185713206891808 0.032584265049729895 0.0048604677153680298 -0.54110360360360354 0.012701846089947845
decision_type=2 2 2 2 2 2 2
left_child=2 3 5 6 -5 -1 -2
right_child=1 -3 -4 4 -6 -7 -8
leaf_value=0.00039168151595962258 -0.0049511258655607392 -0.016918630965875259 0.0062469891782354816 -0.0040389105692798955 0.021226200323807398 -0.025665547034500701 0.0097941608862310899
leaf_weight=7.4664259105920818 49.205170229077339 10.43443977832794 11.160623744130133 7.9140421152114895 23.405080229043961 16.984890595078468 28.814145013689995
leaf_count=31 203 43 46 33 98 70 119
internal_value=-0.000312752 0.00252202 -0.00987281 0.0047826 0.0145325 -0.0177137 0.000415843
internal_weight=155.385 119.773 35.6119 109.338 31.3191 24.4513 78.0193
internal_count=643 496 147 453 131 101 322
is_linear=0
shrinkage=0.03


Tree=50
num_leaves=7
num_cat=0
split_feature=17 38 38 3 38 6
split_gain=6.16536 5.33639 6.94828 11.4051 9.24478 4.2599
threshold=7.8017882681487079 0.0068199106301578523 0.010409905551859637 0.023378290614935019 0.011579435837130612 0.006781483963178252
decision_type=2 2 2 2 2 2
left_child=1 5 3 -3 -4 -1
right_child=-2 2 4 -5 -6 -7
leaf_value=0.028697844882804916 -0.020218909552804091 -0.011733325077618487 0.02414315705932623 0.011351967627858516 -0.0014982485233990765 0
leaf_weight=10.159270569682123 8.8384750932455045 57.380964323878288 20.405287876725197 26.131973147392273 26.279433980584145 7.2846273481845847
leaf_count=43 36 238 84 107 108 30
internal_value=0.00147455 0.00312633 0.000803205 -0.00423776 0.00993258 0.0178281
internal_weight=156.48 147.642 130.198 83.5129 46.6847 17.4439
internal_count=646 610 537 345 192 73
is_linear=0
shrinkage=0.03


Tree=51
num_leaves=13
num_cat=0
split_feature=40 38 5 38 2 34 36 11 11 26 35 40
split_gain=5.70619 11.8824 10.2878 7.31524 6.40712 5.33096 4.86568 4.41669 6.19879 2.67783 3.96905 2.49719
threshold=0.023709628993975777 0.010260058749434611 0.055844041617138636 0.011608288433260254 -0.0049723278101295168 0.020664005876146922 0.0070236337398084372 -0.018581184647485146 0.061541496752500098 0.34296141814389997 0.033399540715166161 -0.02243007388382123
decision_type=2 2 2 2 2 2 2 2 2 2 2 2
left_child=1 7 9 11 -5 6 -4 -1 -9 10 -2 -3
right_child=2 3 5 4 -6 -7 -8 8 -10 -11 -12 -13
leaf_value=0.004092220669070167 0.021566365632541957 0.0044512050195769795 -0.017754697349551284 0.011241133347828938 -0.019445076173374629 0.013018104893593476 0.0054127890934292594 -0.024670326041299082 0 0.033349783515839268 -0.0041743461773545319 0.031240511392887665
leaf_weight=8.7788265347480756 10.125696882605558 7.3396617621183422 18.07968103885651 10.737671360373499 9.5040172189474088 13.002523764967917 11.171099931001661 27.93617370724678 12.402040556073187 10.314490973949431 7.2582952082157126 9.7089615017175657
leaf_count=36 42 30 75 44 39 54 46 116 51 43 30 40
internal_value=0.00143994 -0.00356991 0.007764 0.00870077 -0.0029454 -0.00135384 -0.0086467 -0.0131553 -0.0172792 0.0213326 0.0107233 0.0221731
internal_weight=156.359 86.4074 69.9518 37.2903 20.2417 42.2533 29.2508 49.117 40.3382 27.6985 17.384 17.0486
internal_count=646 356 290 153 83 175 121 203 167 115 72 70
is_linear=0
shrinkage=0.03


Tree=52
num_leaves=9
num_cat=0
split_feature=17 40 11 5 7 34 34 2
split_gain=5.77983 5.98074 7.43618 7.38027 6.56054 5.42657 3.65018 2.3492
threshold=7.8017882681487079 0.023709628993975777 0.061067238165056444 0.055844041617138636 0.025027783510387556 0.020664005876146922 -0.00039914322828238363 -0.0071523630517227313
decision_type=2 2 2 2 2 2 2 2
left_child=1 2 4 7 -1 -5 -4 -3
right_child=-2 3 6 5 -6 -7 -8 -9
leaf_value=-0.011835254118569057 -0.01957389785585878 0.0042043516747472271 0.024928099632972246 -0.0064073346129312316 0.012641863167376224 0.016435426262113979 0 0.026903306890290454
leaf_weight=52.26152391731739 8.8304402828216535 8.3147890269756335 8.9660277068614977 26.777284026145935 9.7630725651979429 11.773157730698584 10.849632039666174 18.589220494031906
leaf_count=216 36 35 37 111 40 49 45 77
internal_value=0.00143087 0.00303595 -0.0022187 0.00969939 -0.00747356 0.000665394 0.0127191 0.0211834
internal_weight=156.125 147.295 81.8403 65.4545 62.0246 38.5504 19.8157 26.904
internal_count=646 610 338 272 256 160 82 112
is_linear=0
shrinkage=0.03


Tree=53
num_leaves=11
num_cat=0
split_feature=40 33 15 34 2 11 39 15 7 1
split_gain=5.10755 8.03343 8.94654 7.12543 4.54579 4.51435 7.82776 6.56279 6.37149 4.73732
threshold=0.023709628993975777 0.63181454082834676 71.492835259364583 0.017992917989389071 -0.015896322802861903 0.061067238165056444 1.0000000180025095e-35 -13.539737790966372 0.025027783510387556 0.0076250082897241231
decision_type=2 2 2 2 2 2 2 2 2 2
left_child=5 4 3 -3 -2 6 7 -1 -8 -7
right_child=1 2 -4 -5 -6 9 8 -9 -10 -11
leaf_value=0.025986739891442671 0.0018742269577407748 -0.002672852282970364 -0.018418746279865415 0.022587289104269305 0.032937192228817316 0.018012107161378764 -0.020424783402163523 -0.0050055647972354223 0.0055696356798032856 -0.008288062349165683
leaf_weight=7.6179982423782375 7.9926051795482662 20.422626376152039 13.641697734594343 15.653238058090208 12.023406058549879 13.488393053412439 34.067071303725243 14.194309830665587 9.0591228008270246 7.7984272986650458
leaf_count=31 33 84 57 65 51 56 141 59 37 32
internal_value=0.00141117 0.00740694 0.000400366 0.00850424 0.0225118 -0.0033258 -0.0073379 0.00646215 -0.0146271 0.00784859
internal_weight=155.959 69.7336 49.7176 36.0759 20.016 86.2253 64.9385 21.8123 43.1262 21.2868
internal_count=646 290 206 149 84 356 268 90 178 88
is_linear=0
shrinkage=0.03


Tree=54
num_leaves=10
num_cat=0
split_feature=38 13 38 40 5 38 21 25 25
split_gain=5.38639 6.87255 5.92328 9.67503 12.681 9.53229 7.38178 5.33641 1.4735
threshold=0.0068199106301578523 -0.19718935160440762 0.010409905551859637 0.023709628993975777 0.057351103668062516 0.011579435837130612 0.024994198867876672 0.24303008070432872 0.3047162859248343
decision_type=2 2 2 2 2 2 2 2 2
left_child=1 -1 3 7 -5 8 -7 -2 -4
right_child=2 -3 5 4 -6 6 -8 -9 -10
leaf_value=0.031543434157173374 -0.0029328876222037906 -0.002439218526684361 0.010175697656828459 0.021836689356674138 -0.009772205532023643 -0.018259688831736134 0.0093463695678294573 -0.024461596641819437 0.031474279133370281
leaf_weight=9.2861951887607592 21.757396459579468 8.2676857709884626 12.086415827274324 18.944517567753792 22.66381174325943 14.041412442922594 16.613580912351608 23.063949674367905 8.9759248644113523
leaf_count=40 90 34 50 79 94 58 68 96 37
internal_value=0.00139108 0.0161584 -0.000582148 -0.00544436 0.00461699 0.00716448 -0.00318303 -0.0149031 0.0218451
internal_weight=155.701 17.5539 138.147 86.4297 41.6083 51.7173 30.655 44.8213 21.0623
internal_count=646 74 572 359 173 213 126 186 87
is_linear=0
shrinkage=0.03


Tree=55
num_leaves=11
num_cat=0
split_feature=15 16 36 5 16 36 5 37 21 38
split_gain=9.3901 4.9927 12.4328 9.64186 6.51509 7.41327 4.62432 4.19201 3.79827 2.754
threshold=68.967634687645742 -3.1149207710443565 0.0064712341951762295 -0.023094613643490521 2.4513708650341308 0.0050722237368389655 0.069593352669387279 0.026214240685226046 0.016376951176653737 0.0099088576295996086
decision_type=2 2 2 2 2 2 2 2 2 2
left_child=1 2 3 -1 7 -6 -2 -3 -4 -8
right_child=6 4 8 -5 5 -7 9 -9 -10 -11
leaf_value=-0.01867788436832472 0.0016269592067916904 -0.020673782273172476 0.036768823889125758 0.014784576806267198 0.022604187442391958 -0.0026943812238318285 -0.030473649466950147 0.0034040576162907722 0.010381214762188154 -0.0058623462693394518
leaf_weight=15.37651075422764 9.3358325511217135 18.185989901423458 11.367246165871622 11.743645906448362 12.77758966386318 31.656275168061256 12.303493335843088 7.4268900454044333 14.778651520609854 9.8442373573780042
leaf_count=63 39 76 47 49 53 131 53 31 61 41
internal_value=-0.000347151 0.00333118 0.0101205 -0.00365254 -0.00176106 0.0049178 -0.0145406 -0.0134079 0.024184 -0.0215471
internal_weight=154.796 123.313 53.2661 27.1202 70.0467 44.4339 31.4836 25.6129 26.1459 22.1477
internal_count=644 511 220 112 291 184 133 107 108 94
is_linear=0
shrinkage=0.03


Tree=56
num_leaves=10
num_cat=0
split_feature=15 9 9 24 17 9 20 33 37
split_gain=8.96017 4.90119 7.19991 5.56427 5.35776 5.35432 3.70506 6.46587 2.59045
threshold=70.736675996875974 0.026342578210678768 -0.026175234417415785 0.16185031185031187 0.66131677536332678 0.1122720155145903 0.033483067347985312 0.73404267917199573 0.0057720177908081602
decision_type=2 2 2 2 2 2 2 2 2
left_child=1 2 3 -1 -4 8 7 -2 -3
right_child=6 5 4 -5 -6 -7 -8 -9 -10
leaf_value=0.01576176652066219 0.010059382301866173 0.0024064613456359369 -0.023722391053685777 -0.0080270219163711722 0.0017137218759662551 -0.0070409818972458939 -0.031561636448701726 -0.01962960535966524 0.01762467590418066
leaf_weight=19.724669516086578 9.5092955678701454 18.256135642528534 16.607005089521412 12.389237076044081 10.292090162634848 13.02149313688278 7.1548316031694403 12.809314146637915 34.770296454429626
leaf_count=81 40 76 70 51 42 53 31 54 146
internal_value=-0.000327359 0.00312939 -0.00292431 0.00621203 -0.014026 0.0086857 -0.0147383 -0.00657622 0.0129358
internal_weight=154.534 125.061 59.013 32.1139 26.8991 66.0479 29.4734 22.3186 53.0264
internal_count=644 519 244 132 112 275 125 94 222
is_linear=0
shrinkage=0.03


Tree=57
num_leaves=8
num_cat=0
split_feature=14 38 2 17 16 0 26
split_gain=8.80543 7.07683 3.62166 4.63115 4.51482 4.11691 2.87846
threshold=78.90187358607308 0.010848561211670419 -0.026381300829866113 -0.68917746434712235 -3.1149207710443565 -0.017303032466502884 0.34735078199808495
decision_type=2 2 2 2 2 2 2
left_child=2 -2 5 6 -5 -1 -4
right_child=1 -3 3 4 -6 -7 -8
leaf_value=0.0069541137481021389 -0.028231385366260704 0.0027438865608361233 0.0068865509155519025 0.0090749303712831485 -0.0048725628532645853 -0.01759489142827575 0.029171501481875736
leaf_weight=7.8352173715829876 14.641251221299173 9.1481337100267393 21.088270604610447 34.376099735498428 46.236444517970085 13.140284284949301 7.814700558781623
leaf_count=32 63 38 89 143 191 55 33
internal_value=-0.000331643 -0.0164493 0.00269744 0.00498033 0.000969289 -0.00796485 0.0148953
internal_weight=154.28 23.7894 130.491 109.516 80.6125 20.9755 28.903
internal_count=644 101 543 456 334 87 122
is_linear=0
shrinkage=0.03


Tree=58
num_leaves=11
num_cat=0
split_feature=15 23 16 36 5 4 36 23 21 5
split_gain=8.26541 15.0734 4.60243 11.8053 9.08041 8.22072 7.47683 4.67841 3.57611 0.0490718
threshold=68.967634687645742 1.0430314023002885 -3.1149207710443565 0.0064712341951762295 -0.023094613643490521 0.039984070530691758 0.0054101259058263402 1.090363046986695 0.016376951176653737 0.10383159861727666
decision_type=2 2 2 2 2 2 2 2 2 2
left_child=2 9 3 4 -1 7 -7 -4 -5 -2
right_child=1 -3 5 8 -6 6 -8 -9 -10 -11
leaf_value=-0.018317288536257467 -0.014248055888723871 0.010780408635693571 -0.018519110558691272 0.035667258722578768 0.014186037516117935 0.024051211197334381 -0.0023465327676812395 0.0049535032793800969 0.0099787012695897615 -0.034830840776609653
leaf_weight=15.362791955471041 7.8488680869340959 12.00139734148979 25.135611906647682 11.295664578676226 11.688174128532408 13.318531379103659 22.978336945176125 8.395749554038046 14.736771568655966 11.363764673471449
leaf_count=63 33 50 106 47 49 55 95 35 61 50
internal_value=-0.000311928 -0.0136947 0.00313147 0.00966485 -0.00374715 -0.00175718 0.00769819 -0.0122718 0.0234097 -0.0292655
internal_weight=154.126 31.214 122.912 53.0834 27.051 69.8282 36.2969 33.5314 26.0324 19.2126
internal_count=644 133 511 220 112 291 150 141 108 83
is_linear=0
shrinkage=0.03


Tree=59
num_leaves=7
num_cat=0
split_feature=15 23 15 9 38 5
split_gain=7.89597 14.4261 4.37772 5.46048 7.05002 0.0561778
threshold=68.967634687645742 1.0430314023002885 58.794803318441126 0.11382422363477966 0.0068446202370730574 0.10383159861727666
decision_type=2 2 2 2 2 2
left_child=2 5 3 4 -1 -2
right_child=1 -3 -4 -5 -6 -7
leaf_value=0.02393531332640118 -0.013910462861397639 0.010505047109785519 0.021076029782118304 -0.02000937897593481 0.00019694062987123478 -0.034229008208724265
leaf_weight=11.001110479235647 7.846740707755095 11.998962938785551 9.1746617108583433 7.8882382959127417 94.650506407022476 11.253496915102003
leaf_count=47 33 50 39 32 393 50
internal_value=-0.000293215 -0.0134011 0.00307005 0.0011456 0.00320683 -0.0287024
internal_weight=153.814 31.0992 122.715 113.54 105.652 19.1002
internal_count=644 133 511 472 440 83
is_linear=0
shrinkage=0.03


Tree=60
num_leaves=11
num_cat=0
split_feature=34 36 36 14 14 19 10 34 20 37
split_gain=4.82902 6.35729 14.6216 4.51135 7.32369 4.14007 5.15206 2.89833 2.34426 0.119745
threshold=0.012701846089947845 0.0060685481839526491 0.0047909640408616673 78.90187358607308 46.690738592116197 0.21063969039708877 0.0051131323429008954 0.029096168512459778 0.023825647056599817 0.0062929723144858904
decision_type=2 2 2 2 2 2 2 2 2 2
left_child=1 2 8 4 7 6 -3 -2 -1 -4
right_child=3 5 9 -5 -6 -7 -8 -9 -10 -11
leaf_value=-0.0020880158986550162 0.011059429226457905 0.0057240696960158023 -0.013232914735493576 -0.012369115665648854 0.027629303575791447 0.017111394673525644 -0.014230388157777683 -0.0037717450055427229 0.01787760448463695 -0.033697827131874643
leaf_weight=8.9778099656105059 19.147378891706467 27.6334538012743 7.3135645240545299 7.4326882213354102 13.319550916552542 11.164250224828718 16.844418227672577 23.414738550782204 7.2219558209180823 13.606151476502417
leaf_count=38 80 115 30 32 56 46 71 97 30 57
internal_value=0.000215968 -0.00401508 -0.0133487 0.00657764 0.00969717 0.00219838 -0.0017974 0.00276064 0.00697507 -0.0289768
internal_weight=156.076 92.7616 37.1195 63.3144 55.8817 55.6421 44.4779 42.5621 16.1998 20.9197
internal_count=652 387 155 265 233 232 186 177 68 87
is_linear=0
shrinkage=0.03


Tree=61
num_leaves=6
num_cat=0
split_feature=17 13 28 40 16
split_gain=4.53954 4.70361 4.6674 10.0205 7.3742
threshold=-7.3262626634937424 -8.3360805035581915 6.5000000000000009 0.02762581564899769 -5.1203622870421386
decision_type=2 2 2 2 2
left_child=-1 -2 3 -3 -4
right_child=1 2 4 -5 -6
leaf_value=-0.017173808370713754 0.018304632148849614 -0.005421363115915922 0.0092197246405919375 0.017800832659454906 -0.011208755847457393
leaf_weight=10.333066686987875 11.991240829229353 31.646248519420624 20.178906559944153 30.469108536839485 51.274680122733116
leaf_count=44 50 131 84 129 214
internal_value=0.000203986 0.00175531 0 0.00593569 -0.00514147
internal_weight=155.893 145.56 133.569 62.1154 71.4536
internal_count=652 608 558 260 298
is_linear=0
shrinkage=0.03


Tree=62
num_leaves=6
num_cat=0
split_feature=21 21 21 14 20
split_gain=6.1725 5.79531 8.75641 7.07847 1.05482
threshold=0.010577572186141805 0.035358879663143078 0.029783660826578708 27.312719584139248 0.035865516302491997
decision_type=2 2 2 2 2
left_child=-1 2 3 -2 -3
right_child=1 4 -4 -5 -6
leaf_value=0.022937083609014669 -0.0075824596668749925 0.0030839765362615074 -0.030646075841686334 0.0064779938618315857 0.022686812060394038
leaf_weight=8.1319801211357099 68.421470478177071 7.1817832887172681 7.862522527575492 56.872634619474411 7.2834843546152115
leaf_count=34 284 30 34 240 30
internal_value=0.000199603 -0.00124253 -0.00336527 -0.00108089 0.0154221
internal_weight=155.754 147.622 133.157 125.294 14.4653
internal_count=652 618 558 524 60
is_linear=0
shrinkage=0.03


end of trees

feature_importances:
macro_topix_vol_20=40
macd_signal=30
macro_usdjpy_vol_20=30
volatility=28
return_10d=27
return_20d=26
macd_hist=26
macd=25
macro_nikkei_ret_20=21
div_ma_60=20
ma_20_60_cross=19
macd_hist_change=19
vol_ratio=18
rsi=17
atr_pct=17
macro_usdjpy_ret_60=17
lower_shadow_pct=14
price_position_20d=14
return_3d=13
macro_usdjpy_ret_20=13
ma_5_20_cross=11
month=11
return_1d=10
macro_topix_ret_20=10
rsi_change=8
div_ma_10=7
bb_bandwidth=7
upper_shadow_pct=7
vol_change=6
candle_body_pct=6
gap=5
return_5d=4
div_ma_5=4
bb_pct_b=4
macro_topix_above_200dma=3
return_2d=2
div_ma_20=2
day_of_week=2
streak=2

parameters:
[boosting: gbdt]
[objective: binary]
[metric: binary_logloss]
[tree_learner: serial]
[device_type: cpu]
[data_sample_strategy: bagging]
[data: ]
[valid: ]
[num_iterations: 500]
[learning_rate: 0.03]
[num_leaves: 15]
[num_threads: 0]
[seed: 42]
[deterministic: 0]
[force_col_wise: 0]
[force_row_wise: 0]
[histogram_pool_size: -1]
[max_depth: 4]
[min_data_in_leaf: 30]
[min_sum_hessian_in_leaf: 0.001]
[bagging_fraction: 0.7]
[pos_bagging_fraction: 1]
[neg_bagging_fraction: 1]
[bagging_freq: 5]
[bagging_seed: 400]
[bagging_by_query: 0]
[feature_fraction: 0.6]
[feature_fraction_bynode: 1]
[feature_fraction_seed: 30056]
[extra_trees: 0]
[extra_seed: 12879]
[early_stopping_round: 0]
[early_stopping_min_delta: 0]
[first_metric_only: 0]
[max_delta_step: 0]
[lambda_l1: 0.5]
[lambda_l2: 2]
[linear_lambda: 0]
[min_gain_to_split: 0]
[drop_rate: 0.1]
[max_drop: 50]
[skip_drop: 0.5]
[xgboost_dart_mode: 0]
[uniform_drop: 0]
[drop_seed: 17869]
[top_rate: 0.2]
[other_rate: 0.1]
[min_data_per_group: 100]
[max_cat_threshold: 32]
[cat_l2: 10]
[cat_smooth: 10]
[max_cat_to_onehot: 4]
[top_k: 20]
[monotone_constraints: ]
[monotone_constraints_method: basic]
[monotone_penalty: 0]
[feature_contri: ]
[forcedsplits_filename: ]
[refit_decay_rate: 0.9]
[cegb_tradeoff: 1]
[cegb_penalty_split: 0]
[cegb_penalty_feature_lazy: ]
[cegb_penalty_feature_coupled: ]
[path_smooth: 0]
[interaction_constraints: ]
[verbosity: -1]
[saved_feature_importance_type: 0]
[use_quantized_grad: 0]
[num_grad_quant_bins: 4]
[quant_train_renew_leaf: 0]
[stochastic_rounding: 1]
[linear_tree: 0]
[max_bin: 255]
[max_bin_by_feature: ]
[min_data_in_bin: 5]
[bin_construct_sample_cnt: 200000]
[data_random_seed: 175]
[is_enable_sparse: 1]
[enable_bundle: 1]
[use_missing: 1]
[zero_as_missing: 0]
[feature_pre_filter: 1]
[pre_partition: 0]
[two_round: 0]
[header: 0]
[label_column: ]
[weight_column: ]
[group_column: ]
[ignore_column: ]
[categorical_feature: ]
[forcedbins_filename: ]
[precise_float_parser: 0]
[parser_config_file: ]
[objective_seed: 16083]
[num_class: 1]
[is_unbalance: 0]
[scale_pos_weight: 1]
[sigmoid: 1]
[boost_from_average: 1]
[reg_sqrt: 0]
[alpha: 0.9]
[fair_c: 1]
[poisson_max_delta_step: 0.7]
[tweedie_variance_power: 1.5]
[lambdarank_truncation_level: 30]
[lambdarank_norm: 1]
[label_gain: ]
[lambdarank_position_bias_regularization: 0]
[eval_at: ]
[multi_error_top_k: 1]
[auc_mu_weights: ]
[num_machines: 1]
[local_listen_port: 12400]
[time_out: 120]
[machine_list_filename: ]
[machines: ]
[gpu_platform_id: -1]
[gpu_device_id: -1]
[gpu_use_dp: 0]
[num_gpu: 1]

end of parameters

pandas_categorical:[]
