tree
version=v4
num_class=1
num_tree_per_iteration=1
label_index=0
max_feature_idx=44
objective=binary sigmoid:1
feature_names=return_1d return_2d return_3d return_5d return_10d return_20d div_ma_5 div_ma_10 div_ma_20 div_ma_60 ma_5_20_cross ma_20_60_cross rsi rsi_change macd macd_signal macd_hist macd_hist_change bb_pct_b bb_bandwidth atr_pct volatility vol_change vol_ratio candle_body_pct upper_shadow_pct lower_shadow_pct day_of_week month is_month_end is_month_start streak gap price_position_20d macro_usdjpy_ret_20 macro_usdjpy_ret_60 macro_usdjpy_vol_20 macro_topix_ret_20 macro_topix_vol_20 macro_topix_above_200dma macro_nikkei_ret_20 macro_nikkei_above_200dma macro_nikkei_vi macro_jgb10y macro_bias_score
feature_infos=[-0.13602141542579893:0.11910260640052783] [-0.19084926355374487:0.14911564625850349] [-0.22948373619814977:0.16367305751765904] [-0.27185561195713481:0.23210478221139197] [-0.27897235409103605:0.29183236463750384] [-0.281129900076864:0.32840515885498589] [-0.17383931142610315:0.098652375253655181] [-0.2215975038060928:0.17684762010924085] [-0.25927519705087104:0.24085446478417999] [-0.25928134191907154:0.29289555512627974] [-0.16919303999819457:0.16020741201237709] [-0.14077527705902459:0.11890007745933384] [11.190631099544561:89.226666666666659] [-33.288961590754582:22.005845816587495] [-173.03235148619524:219.77424281061303] [-130.42719694861708:157.32280114675325] [-115.28490471976941:94.404593903501407] [-34.089738133384486:23.746330313493928] [-0.30004999808834848:1.3153261460694361] [0.037094812146728419:0.47510270347168093] [0.013938000942951438:0.070407424641952321] [0.0089391460912640903:0.058749993868785572] [-0.89797218908805698:12.284913516976298] [0.49763425975292824:2.1160472859538753] [-1:1] [0:0.91666666666666663] [0:0.953125] [0:4] [1:12] none [0:1] [-9:10] [-0.17344173441734423:0.13900026730820647] [0:1] [-0.10288784967882303:0.08505611680078462] [-0.13986255140503889:0.13160084488587853] [0.0024251968629527628:0.011841457708833433] [-0.22586490939044479:0.19897850606512013] [0.0040695656522785678:0.036437277456277402] [0:1] [-0.22859537662338159:0.23022297972565586] [0:1] none none none
tree_sizes=1170 1409 1213 1093 1103 982 1100 968 1070 986 1207 1210 972 869 1109 1309 998 851 789 1210 871 1081 893 1075 1077 1375 1106 681 1107 671 1100 1094 1178 1098 675 779 1210 1104 894 972 985 985 1201 1097 984 1397 1197 1383 1403 1312

Tree=0
num_leaves=10
num_cat=0
split_feature=7 16 37 36 15 2 2 5 9
split_gain=18.063 14.0985 8.23779 6.70897 7.28266 5.82364 5.45475 3.35819 2.3064
threshold=0.013363435877531605 7.6058580156200648 0.02732427284891115 0.0071026271226287954 45.998672103491195 0.032049991223622072 0.011166337743909628 0.016732131837501 -0.051397127081446399
decision_type=2 2 2 2 2 2 2 2 2
left_child=1 2 6 4 -2 -5 -1 -4 -3
right_child=3 8 7 5 -6 -7 -8 -9 -10
leaf_value=-0.18738067645912146 -0.22388165059629164 -0.14816958199381644 -0.18990490983847605 -0.17296157731100187 -0.19369701463435551 -0.20606125777343129 -0.16370824432011491 -0.21037976665065397 -0.17807808320365548
leaf_weight=53.020531117916107 19.820759296417236 7.6805442273616817 12.63573405146599 7.6805442273616773 13.379012525081633 7.4327847361564636 9.16710117459297 15.608847945928572 8.4238227009773237
leaf_count=214 80 31 51 31 54 30 37 63 34
internal_value=-0.190941 -0.184141 -0.189166 -0.205867 -0.21305 -0.189905 -0.18295 -0.201911 -0.159951
internal_weight=154.85 106.537 90.4322 48.3131 33.1998 15.1133 62.1876 28.2446 16.1044
internal_count=625 430 365 195 134 61 251 114 65
is_linear=0
shrinkage=1


Tree=1
num_leaves=12
num_cat=0
split_feature=7 9 12 12 40 28 25 23 17 8 36
split_gain=17.1684 13.5645 10.5231 10.7469 9.41673 9.05264 6.63703 5.33305 5.28942 4.56954 1.6096
threshold=0.013363435877531605 -0.051397127081446399 50.039619651347074 39.131857483360101 0.062314557228926544 10.500000000000002 0.26453684922244763 1.0105737827183188 5.7007612584228591 -0.032087662340788137 0.0061508225952353109
decision_type=2 2 2 2 2 2 2 2 2 2 2
left_child=1 5 3 -3 -4 9 8 -8 10 -1 -2
right_child=6 2 4 -5 -6 -7 7 -9 -10 -11 -12
leaf_value=0.012764268144675024 -0.040787348045829779 0.006677682588147325 0.018471930609912673 -0.023536128360164082 -0.013008428523024113 -0.0035574548414615921 -0.016188856185374634 0.011077438847312184 -0.0012659144819440746 0.045869817987456131 -0.012951051962539499
leaf_weight=10.909357413649563 11.617960020899778 15.61441810429096 28.744377240538597 24.033520296216011 9.6523120254278165 7.4362743496894828 10.638527676463129 10.883401691913603 7.6677192300558081 10.18448244035244 7.4312892556190482
leaf_count=44 47 63 116 97 39 30 43 44 31 41 30
internal_value=-0.000990845 0.00563054 -0.000796744 -0.0115277 0.00993472 0.0226042 -0.0155599 -0.00199338 -0.0250662 0.031986 -0.0329031
internal_weight=154.814 106.575 78.0446 39.6479 38.3967 28.5301 48.2389 21.5219 26.717 21.0938 19.0492
internal_count=625 430 315 160 155 115 195 87 108 85 77
is_linear=0
shrinkage=0.03


Tree=2
num_leaves=10
num_cat=0
split_feature=3 2 11 3 25 36 3 24 3
split_gain=9.59585 11.5076 10.4418 6.95245 6.72164 5.85778 5.42685 4.12127 3.88053
threshold=0.0082307651567498103 0.0058154631291568179 -0.032579456622543461 0.0017264860693602115 0.20080645161290325 0.006190981103895544 0.067763612075135607 -0.13976744186046511 -0.013083391378078233
decision_type=2 2 2 2 2 2 2 2 2
left_child=2 5 8 4 -4 -2 7 -3 -1
right_child=1 6 3 -5 -6 -7 -8 -9 -10
leaf_value=0.031820175954359327 -0.0061226867677935939 -0.0038868643688777706 0.0068791729211268287 0.023137610899109162 -0.012428755667251948 0.024831242918772752 0.0023142959866322413 -0.027892011111213831 0.0022675926781491355
leaf_weight=13.164234966039659 8.6511462628841418 11.127907335758207 25.769209668040276 7.6791679859161368 35.665713801980019 8.9308720082044584 8.6533988863229734 27.682096615433693 7.4474529176950446
leaf_count=53 35 45 104 31 144 36 35 112 30
internal_value=-0.000971195 -0.00966585 0.00524166 -0.000325617 -0.00413193 0.00976475 -0.0172706 -0.0219044 0.0229506
internal_weight=154.771 65.0454 89.7258 69.1141 61.4349 17.582 47.4634 38.81 20.6117
internal_count=625 263 362 279 248 71 192 157 83
is_linear=0
shrinkage=0.03


Tree=3
num_leaves=9
num_cat=0
split_feature=9 17 11 35 23 19 8 18
split_gain=12.0937 8.99833 7.98362 11.3238 12.2005 9.52186 6.91725 4.73772
threshold=-0.051397127081446399 1.8165314362652085 0.071983042379688347 0.041347002822479835 1.078143044649438 0.17548692378111047 -0.021655791000047924 0.2432540916699
decision_type=2 2 2 2 2 2 2 2
left_child=1 7 3 4 -2 -4 -5 -1
right_child=2 -3 5 6 -6 -7 -8 -9
leaf_value=0.0076014148876555748 -0.010143342044884368 -0.0064497764413535014 0.032213895910851074 0.0015272318860223052 0.015390874899914109 -0.0087100715383650901 -0.028253419947273817 0.038158884569258436
leaf_weight=11.419949725270273 46.232543140649796 10.415040001273153 8.4150477051734942 7.6772456616163245 23.759752124547958 7.9159516692161551 28.163399875164032 10.714759916067122
leaf_count=46 187 42 34 31 96 32 114 43
internal_value=-0.000918591 0.0146779 -0.00536447 -0.00848733 -0.00108031 0.0127729 -0.0217343 0.0249513
internal_weight=154.714 32.5497 122.164 105.833 69.9923 16.331 35.8406 22.1347
internal_count=625 131 494 428 283 66 145 89
is_linear=0
shrinkage=0.03


Tree=4
num_leaves=9
num_cat=0
split_feature=9 11 35 21 19 14 8 9
split_gain=11.4521 7.56234 10.7288 11.6194 9.05314 6.90548 6.59491 4.7007
threshold=-0.051397127081446399 0.071983042379688347 0.041347002822479835 0.014244602407847048 0.17548692378111047 -38.887362342563613 -0.020571965527316067 -0.085142881412562335
decision_type=2 2 2 2 2 2 2 2
left_child=5 2 3 -2 -3 7 -4 -1
right_child=1 4 6 -5 -6 -7 -8 -9
leaf_value=0.015368479353934145 0.017156997989786104 0.03135748253584119 0.00044140778822655596 -0.0088849093977764661 -0.0085076812773035738 0.036086240438605928 -0.027905551455819012 -0.0088061459220451516
leaf_weight=14.427635177969933 19.795188188552856 8.4397580921649951 8.4182800203561765 50.181910678744316 7.9088242501020423 7.7291349917650214 27.333104431629181 10.412445515394211
leaf_count=58 80 34 34 203 32 31 111 42
internal_value=-0.000870343 -0.0052031 -0.00824897 -0.00103771 0.0124295 0.0142974 -0.0211637 0.00477502
internal_weight=154.646 122.077 105.728 69.9771 16.3486 32.5692 35.7514 24.8401
internal_count=625 494 428 283 66 131 145 100
is_linear=0
shrinkage=0.03


Tree=5
num_leaves=8
num_cat=0
split_feature=16 15 28 22 36 28 23
split_gain=12.6228 11.4906 10.06 9.79835 6.11596 4.38166 1.75352
threshold=14.791590011633245 -44.959193943147717 4.5000000000000009 -0.10004907255021588 0.0066637042847446154 8.5000000000000018 0.94635842415696414
decision_type=2 2 2 2 2 2 2
left_child=1 6 4 -4 -3 -2 -1
right_child=5 2 3 -5 -6 -7 -8
leaf_value=0.0097364726958936061 -0.0045607653888111921 -0.018754158262014275 -0.0060032784822574084 0.015090273627665792 0.0072227718144687201 -0.032449403421724761 0.033553161060290576
leaf_weight=9.4533131867647189 13.301991328597071 26.695089384913445 29.6626186221838 49.225922420620918 9.1688586473464948 9.3580282032489759 10.44391894340515
leaf_count=38 54 108 120 199 37 38 42
internal_value=0.00126263 0.00489938 0.000946032 0.00702119 -0.0116861 -0.018384 0.0248455
internal_weight=157.31 134.65 114.752 78.8885 35.8639 22.66 19.8972
internal_count=636 544 464 319 145 92 80
is_linear=0
shrinkage=0.03


Tree=6
num_leaves=9
num_cat=0
split_feature=9 11 21 38 20 20 11 34
split_gain=16.9624 12.8516 9.30686 8.16223 7.48501 7.14405 3.79342 6.92973
threshold=-0.051397127081446399 0.069584365448027832 0.012921869070500721 0.0088339553591261707 0.027210667282684071 0.018485245882961684 -0.032579456622543461 0.0055645920638930377
decision_type=2 2 2 2 2 2 2 2
left_child=6 2 5 -4 -3 -2 7 -1
right_child=1 4 3 -5 -6 -7 -8 -9
leaf_value=0.0080858257975997255 -0.0052178069050884315 0.031652828546494809 -0.0020566759040417807 -0.020677732817998753 -0.0030423502426080323 0.028480245330621556 0.001045948112658396 0.043278329771391275
leaf_weight=12.940715253353124 10.354373157024385 11.159405052661898 42.969158798456192 45.11530664563179 7.9254232943058005 8.1595814675092679 8.6940926760435087 9.9769438803195936
leaf_count=52 42 45 174 183 32 33 35 40
internal_value=0.00122308 -0.00368493 -0.00788999 -0.0120079 0.0176115 0.0102313 0.020241 0.0262525
internal_weight=157.295 125.683 106.598 88.0845 19.0848 18.514 31.6118 22.9177
internal_count=636 509 432 357 77 75 127 92
is_linear=0
shrinkage=0.03


Tree=7
num_leaves=8
num_cat=0
split_feature=9 15 19 36 23 20 20
split_gain=16.1067 12.0434 10.4019 9.66706 3.92548 2.1903 1.34874
threshold=-0.051397127081446399 -13.593939938210619 0.20738202978711642 0.0083377806787460953 0.85280035274733079 0.027410549463779767 0.021400355184021756
decision_type=2 2 2 2 2 2 2
left_child=4 6 3 -3 -1 -6 -2
right_child=1 2 -4 -5 5 -7 -8
leaf_value=0 -0.00832353432673456 0.0063605705204138607 -0.028966090601789667 -0.024325433236478414 0.035074748131826289 0.011259974003426092 -0.031889311069258575
leaf_weight=8.2069103419780749 7.3733167797327068 91.400315538048744 7.8738054782152167 8.15290619432926 11.71668726205826 11.706908494234083 10.801444828510283
leaf_count=33 30 370 32 33 47 47 44
internal_value=0.00121717 -0.00356694 0.000284207 0.00327026 0.0197428 0.0255845 -0.0248453
internal_weight=157.232 125.602 107.427 99.5532 31.6305 23.4236 18.1748
internal_count=636 509 435 403 127 94 74
is_linear=0
shrinkage=0.03


Tree=8
num_leaves=9
num_cat=0
split_feature=9 11 38 9 14 18 28 1
split_gain=15.3573 12.1354 8.65394 9.62349 7.07006 5.52574 5.35335 4.49498
threshold=-0.051397127081446399 0.069584365448027832 0.010674946576874482 0.02191226419966523 95.385589702087387 0.098584673985328011 8.5000000000000018 0.012171913555850457
decision_type=2 2 2 2 2 2 2 2
left_child=5 2 3 -2 -3 -1 -4 -7
right_child=1 4 6 -5 -6 7 -8 -9
leaf_value=0 0.0067678237171335618 0.03078558380002213 -0.00709171256451494 -0.013150375085849726 -0.0028983274827592215 0.036245034855960825 -0.037790515939097755 0.0041823812301954874
leaf_weight=9.9602084904909152 43.418572887778282 11.187285184860231 13.336724609136583 39.424188762903214 7.9142893999814978 14.227797880768778 10.272748827934263 7.4630627930164328
leaf_count=40 176 45 54 160 32 57 42 30
internal_value=0.001162 -0.00350968 -0.00760626 -0.00262083 0.0171667 0.0192466 -0.022943 0.0271309
internal_weight=157.205 125.554 106.452 82.8428 19.1016 31.6511 23.6095 21.6909
internal_count=636 509 432 336 77 127 96 87
is_linear=0
shrinkage=0.03


Tree=9
num_leaves=8
num_cat=0
split_feature=16 15 21 19 27 40 23
split_gain=11.2561 9.65309 7.64838 6.9607 5.96248 2.31633 1.78977
threshold=14.791590011633245 -44.959193943147717 0.012921869070500721 0.072056033113996207 1.5000000000000002 0.04808210368420008 0.94635842415696414
decision_type=2 2 2 2 2 2 2
left_child=1 6 4 -4 -3 -2 -1
right_child=5 2 3 -5 -6 -7 -8
leaf_value=0.0082704120540666049 -0.024957947853345434 -0.00098108031197894729 -0.016640070428955156 0.0018003229422891779 0.028966142900021849 -0.0030158733868718159 0.03135269073035437
leaf_weight=9.4729614257812518 13.200952768325807 8.6560598760843295 22.195223942399025 71.901114642620087 11.902302220463751 9.3290758877992612 10.473893120884894
leaf_count=38 54 35 90 291 48 38 42
internal_value=0.00113178 0.00456549 0.000923043 -0.00264905 0.0167229 -0.0174705 0.0228268
internal_weight=157.132 134.602 114.655 94.0963 20.5584 22.53 19.9469
internal_count=636 544 464 381 83 92 80
is_linear=0
shrinkage=0.03


Tree=10
num_leaves=10
num_cat=0
split_feature=11 8 41 19 12 21 17 41 11
split_gain=11.044 11.4882 10.3876 10.9325 12.5695 7.73934 2.53607 0.325135 0.0345712
threshold=-0.032579456622543461 0.017527460045503599 1.0000000180025095e-35 0.073561425778944353 63.679071085108383 0.012921869070500721 2.5015770693850556 1.0000000180025095e-35 0.012380408166212666
decision_type=2 2 2 2 2 2 2 2 2
left_child=1 6 8 5 -5 -4 7 -1 -2
right_child=2 -3 3 4 -6 -7 -8 -9 -10
leaf_value=0.035310416065693184 -0.032869158041298328 -0.013919681566629392 0.0054757821629312928 0.01405498421634991 -0.010765598153033067 -0.025995549096165322 0.0043401495420052599 0.013861043815423312 -0.013044317061489131
leaf_weight=10.730186581611633 7.6766556650400153 8.0664839595556241 8.43172535300255 47.448787972331047 26.805714011192322 19.930356398224831 7.4569727629423133 8.2001195400953328 8.1679472476243955
leaf_count=43 31 33 34 192 109 81 30 33 33
internal_value=-0.00046452 0.013903 -0.00492919 -0.00108089 0.00485075 -0.016401 0.0233181 0.0289481 -0.0260974
internal_weight=152.915 34.4538 118.461 102.617 74.2545 28.3621 26.3873 18.9303 15.8446
internal_count=619 139 480 416 301 115 106 76 64
is_linear=0
shrinkage=0.03


Tree=11
num_leaves=10
num_cat=0
split_feature=11 5 35 19 19 21 38 34 15
split_gain=10.5255 11.9408 10.224 9.70751 10.4469 5.57298 5.20995 4.09058 0.669147
threshold=-0.032579456622543461 1.0000000180025095e-35 -0.027705565093941006 0.073561425778944353 0.18168924433446099 0.029633280064860532 0.0074589959269974601 -0.025440079092487352 -50.70482707878999
decision_type=2 2 2 2 2 2 2 2 2
left_child=1 5 7 6 -5 8 -4 -2 -1
right_child=2 -3 3 4 -6 -7 -8 -9 -10
leaf_value=0.017117149520827199 -0.0038584316884066284 -0.01178902745834323 0.0021739416769246712 0.00914542212883423 -0.020266622506479606 0.00023028110888419106 -0.024963194253017667 -0.036104712654709423 0.04272963403357008
leaf_weight=9.2165172547101992 7.4383078664541271 9.8205698281526548 7.6486466675996807 65.454412460327148 10.80306665599346 7.4660083055496207 17.180528730154037 9.8664926737546903 7.9371616691350964
leaf_count=37 30 40 31 265 44 30 70 40 32
internal_value=-0.000457451 0.0135683 -0.00481978 -0.000828502 0.00437561 0.0243724 -0.0165056 -0.0248567 0.0329757
internal_weight=152.832 34.4403 118.391 101.087 76.2575 24.6197 24.8292 17.3048 17.1537
internal_count=619 139 480 410 309 99 101 70 69
is_linear=0
shrinkage=0.03


Tree=12
num_leaves=8
num_cat=0
split_feature=9 19 9 23 23 16 3
split_gain=6.08171 5.93138 10.0042 7.47003 5.35492 3.70349 5.10402
threshold=-0.064042756188571207 0.18168924433446099 0.066326632642331421 1.0737335020388634 1.0841277547140888 -10.261035598761566 -0.0070302343851139084
decision_type=2 2 2 2 2 2 2
left_child=5 2 3 -2 -4 -1 -7
right_child=1 -3 4 -5 -6 6 -8
leaf_value=-0.00142838813259641 -0.010702318097069582 -0.022492584959674933 0.028568512669476888 0.0066443374054542034 -0.00029196761457613436 0.034331248283427755 0
leaf_weight=8.9548179954290408 66.681893408298492 11.00342810153961 11.908510118722917 30.381777316331863 8.1237122714519483 8.237715080380438 7.4709851592779151
leaf_count=36 271 45 48 123 33 33 30
internal_value=-0.000451396 -0.00321286 -0.000927911 -0.00509672 0.0172198 0.0124939 0.0205424
internal_weight=152.763 128.099 117.096 97.0637 20.0322 24.6635 15.7087
internal_count=619 520 475 394 81 99 63
is_linear=0
shrinkage=0.03


Tree=13
num_leaves=7
num_cat=0
split_feature=10 9 7 16 17 0
split_gain=7.04677 10.5754 7.20046 8.75493 3.43332 1.46334
threshold=0.046559058706744934 0.076315504101729256 0.017961149703597867 4.8535472641546198 5.2129325390765757 0.00040324122097501475
decision_type=2 2 2 2 2 2
left_child=1 2 3 -1 -4 -2
right_child=5 -3 4 -5 -6 -7
leaf_value=-0.0023906957022978652 -0.0045052355012709794 0.025841568133004783 -0.024747145623751288 0.017714061706717708 0 -0.027229376046226203
leaf_weight=80.243694692850113 7.3373861014842969 12.666614338755606 12.967510655522348 23.302913382649422 8.590007618069647 7.5684722065925598
leaf_count=325 30 51 53 94 35 31
internal_value=-0.000422499 0.00169749 -0.000997201 0.00224164 -0.0160605 -0.018787
internal_weight=152.677 137.771 125.104 103.547 21.5575 14.9059
internal_count=619 558 507 419 88 61
is_linear=0
shrinkage=0.03


Tree=14
num_leaves=9
num_cat=0
split_feature=11 5 41 36 10 21 23 11
split_gain=9.70137 11.2703 9.75563 10.1026 6.70653 5.34552 0.155315 0.0488769
threshold=-0.032579456622543461 1.0000000180025095e-35 1.0000000180025095e-35 0.0084297479004498983 0.046559058706744934 0.027055906586741934 0.97584443047830793 0.012380408166212666
decision_type=2 2 2 2 2 2 2 2
left_child=1 5 7 4 -4 6 -1 -2
right_child=2 -3 3 -5 -6 -7 -8 -9
leaf_value=0.016079709990729212 -0.031789322683827843 -0.011591287186238638 0.0051812320436861381 -0.030706898160355083 -0.016855081130226768 0.0011421196117560129 0.040054746462923001 -0.012438910445625295
leaf_weight=7.7028491497039857 7.6333451718091956 9.7935095727443677 82.624503389000893 7.3747350871562949 12.428208738565443 8.2031575292348844 8.7102966457605344 8.143455892801283
leaf_count=31 31 40 335 30 51 33 35 33
internal_value=-0.000420667 0.0130451 -0.00461722 -0.000886725 0.00185745 0.0235446 0.0325864 -0.0251683
internal_weight=152.614 34.4098 118.204 102.427 95.0527 24.6163 16.4131 15.7768
internal_count=619 139 480 416 386 99 66 64
is_linear=0
shrinkage=0.03


Tree=15
num_leaves=11
num_cat=0
split_feature=20 10 2 8 0 0 20 40 11 11
split_gain=7.9279 8.85813 8.10113 10.5872 7.71702 6.41369 7.23303 4.03752 3.82451 11.4793
threshold=0.021977085801084564 0.01487441266101819 0.024226535263580543 0.0060558955398654461 -0.0019315790932210029 0.011292172407581182 0.026734894707909643 0.030145665505596279 0.024447852192655332 -0.029723935133675491
decision_type=2 2 2 2 2 2 2 2 2 2
left_child=2 8 3 4 -1 6 -3 -5 9 -2
right_child=1 5 -4 7 -6 -7 -8 -9 -10 -11
leaf_value=-0.02266310745308828 0.023356916394662419 0.0017661881961903566 -0.027383053026703127 0.029407606231448107 0.0032510548959325705 0.012850228232281156 -0.02849498909783799 0.001807885064729508 0.028616147796781777 -0.0070192493499335248
leaf_weight=20.727806970477104 20.391160085797306 12.529689550399782 12.22305406630039 7.6628547012805965 16.549287423491478 10.071814522147177 11.714263468980787 12.540796190500258 11.636462852358816 19.919297888875011
leaf_count=84 82 51 50 31 67 41 48 51 47 81
internal_value=0.000288386 0.00639403 -0.00702611 -0.00166993 -0.0111968 -0.00495653 -0.0133412 0.0146575 0.014076 0.00836983
internal_weight=155.966 86.2627 69.7038 57.4807 37.2771 34.3158 24.244 20.2037 51.9469 40.3105
internal_count=633 350 283 233 151 140 99 82 210 163
is_linear=0
shrinkage=0.03


Tree=16
num_leaves=8
num_cat=0
split_feature=7 33 21 7 15 36 35
split_gain=7.20605 8.02727 8.59393 7.34369 7.54837 6.98379 6.60451
threshold=0.0088710734568450429 0.66867270935654377 0.033420507106772225 0.051203481490899656 40.806850696432271 0.0066637042847446154 -0.036433885771237344
decision_type=2 2 2 2 2 2 2
left_child=1 2 6 4 5 -2 -1
right_child=3 -3 -4 -5 -6 -7 -8
leaf_value=-0.019322145119750854 -0.029213585625717926 0.026350989060231426 0.025120768689764855 0.015314128344086507 0.0076346886408013544 -0.0024657012448896509 0.0022188767902106029
leaf_weight=13.815556332468985 21.631227880716324 12.088974103331564 10.185144349932669 8.0797024816274625 10.870629221200941 16.720871418714523 62.472257196903229
leaf_count=56 89 49 41 33 44 68 253
internal_value=0.000290986 0.00526864 0.00162271 -0.00790672 -0.0124603 -0.0186239 -0.00188451
internal_weight=155.864 98.5619 86.473 57.3024 49.2227 38.3521 76.2878
internal_count=633 399 350 234 201 157 309
is_linear=0
shrinkage=0.03


Tree=17
num_leaves=7
num_cat=0
split_feature=11 11 12 12 36 8
split_gain=6.26994 7.33424 6.45737 7.25457 5.17649 2.99877
threshold=0.071983042379688347 -0.074512720996301504 33.533988647376439 46.425396661655888 0.0044808237239120086 -0.048185814261038067
decision_type=2 2 2 2 2 2
left_child=1 -1 5 -4 -2 -3
right_child=4 2 3 -5 -6 -7
leaf_value=0.019335024922807028 0.030332309104387081 0 -0.017767042140599276 -0.0012560792363681011 0 0.023917244780018467
leaf_weight=11.186006486415861 8.7066080123186129 7.6767283976078033 34.461945042014122 77.431529611349106 8.6480766981840116 7.6858532726764661
leaf_count=45 35 31 140 316 35 31
internal_value=0.000294546 -0.00181936 -0.00406532 -0.00669567 0.0163781 0.0127934
internal_weight=155.797 138.442 127.256 111.893 17.3547 15.3626
internal_count=633 563 518 456 70 62
is_linear=0
shrinkage=0.03


Tree=18
num_leaves=6
num_cat=0
split_feature=9 36 40 9 0
split_gain=8.72572 9.65763 7.879 7.87012 0.0747012
threshold=-0.085142881412562335 0.0087959143494123811 0.0861992711441565 -0.0014583260418276395 -0.0019315790932210029
decision_type=2 2 2 2 2
left_child=4 2 3 -2 -1
right_child=1 -3 -4 -5 -6
leaf_value=0.0095705775814524247 -0.0067602382950278234 -0.028716377232256521 -0.025645351632716015 0.0084274109140639372 0.02590932566882025
leaf_weight=8.4522933661937696 48.93214362859726 9.2955469936132413 7.8335911631584159 73.755446717143059 7.4647664576768866
leaf_count=34 199 38 32 300 30
internal_value=0.000303143 -0.00209738 8.99701e-05 0.00223847 0.0201071
internal_weight=155.734 139.817 130.521 122.688 15.9171
internal_count=633 569 531 499 64
is_linear=0
shrinkage=0.03


Tree=19
num_leaves=10
num_cat=0
split_feature=19 10 23 3 11 34 12 24 24
split_gain=8.47289 10.0195 5.84962 7.15189 5.7298 4.77064 4.52264 2.28341 2.12875
threshold=0.12696708403841758 0.052396481754884323 0.84397688183999042 0.021235819405791893 -0.0060679042020605469 -0.041979334958647967 46.425396661655888 0.088932806324110686 0.59206492130063604
decision_type=2 2 2 2 2 2 2 2 2
left_child=2 5 4 6 -1 -2 -4 -7 -5
right_child=1 -3 3 8 -6 7 -8 -9 -10
leaf_value=-0.0081808816352644739 -0.0030135556533931723 -0.013307743286487929 -0.011346010341838934 -0.028752383064772326 0.021665094223576993 0.027643721184993617 0.0046540652023469254 0.0089282153079131669 -0.0053129523933649146
leaf_weight=7.8459936231374767 7.669812560081481 11.168009951710699 26.330485075712204 14.388979360461237 11.359252095222471 20.037676125764847 33.024525210261345 15.827902942895888 8.0438972115516645
leaf_count=32 31 46 107 59 46 81 134 64 33
internal_value=0.000284482 0.00968192 -0.00474921 -0.00833076 0.00914305 0.0162343 -0.00233773 0.0206883 -0.0220844
internal_weight=155.697 54.7034 100.993 81.7879 19.2052 43.5354 59.355 35.8656 22.4329
internal_count=633 222 411 333 78 176 241 145 92
is_linear=0
shrinkage=0.03


Tree=20
num_leaves=7
num_cat=0
split_feature=20 1 37 35 21 9
split_gain=9.50387 9.41342 10.2393 7.20898 4.81671 1.48152
threshold=0.038485651382454349 0.025886090853564307 0.053073017408123764 -0.0048633063187535344 0.01992760044267591 -0.098009792140077809
decision_type=2 2 2 2 2 2
left_child=1 2 3 -1 -3 -2
right_child=5 4 -4 -5 -6 -7
leaf_value=-0.0086615705042172447 0.029671934253119737 -0.029581782639343614 -0.021409593876743325 0.0087411126792892382 0 0.006064368285376846
leaf_weight=26.304280325770378 7.9499386847019196 13.417164966464044 13.972152590751646 81.200482308864594 7.8629923462867728 7.4030952304601652
leaf_count=107 32 55 57 330 32 30
internal_value=9.81477e-05 -0.00232488 0.000892053 0.00426562 -0.019832 0.0211639
internal_weight=158.11 142.757 121.477 107.505 21.2802 15.353
internal_count=643 581 494 437 87 62
is_linear=0
shrinkage=0.03


Tree=21
num_leaves=9
num_cat=0
split_feature=2 21 20 20 36 5 37 1
split_gain=9.13941 10.0901 6.69835 9.91737 8.27459 4.67776 4.16773 3.60279
threshold=0.016936563394646335 0.018563003329311024 0.038485651382454349 0.028240209580535216 0.0086915059876981407 0.050697102978476856 0.025600783074988035 -0.010408863176234682
decision_type=2 2 2 2 2 2 2 2
left_child=2 6 3 4 -1 -3 -2 -5
right_child=1 5 -4 7 -6 -7 -8 -9
leaf_value=0.0093577050055437695 -0.0060948514661296714 -0.0092420056096520799 0.025643349313776844 -0.028282717168321529 -0.020265660806936859 0.016052016967144592 -0.035014872104284805 0
leaf_weight=79.139515861868858 10.033702388405802 11.06396494805813 10.405584186315535 9.3739796727895754 7.3221114277839652 10.798452347517012 12.569049298763273 7.3407114595174781
leaf_count=321 41 45 42 38 30 44 52 30
internal_value=8.54058e-05 -0.0110572 0.00469314 0.0019902 0.00627799 0.00292107 -0.0243256 -0.0176887
internal_weight=158.047 44.4652 113.582 103.176 86.4616 21.8624 22.6028 16.7147
internal_count=643 182 461 419 351 89 93 68
is_linear=0
shrinkage=0.03


Tree=22
num_leaves=7
num_cat=0
split_feature=20 1 37 36 36 18
split_gain=8.72788 8.78564 9.64021 7.2699 2.70118 2.26526
threshold=0.038485651382454349 0.025886090853564307 0.053073017408123764 0.0087959143494123811 0.0049597557690506501 0.41395581526377129
decision_type=2 2 2 2 2 2
left_child=1 2 3 -1 -3 -2
right_child=5 4 -4 -5 -6 -7
leaf_value=0.0064940947277548865 0.030087269336119691 -0.0014120330613524999 -0.020838462582423514 -0.020709361395203376 -0.026289922300970287 0.0039271844159717252
leaf_weight=99.987800985574722 7.9502556473016721 7.3110148608684566 13.923149183392523 7.5352325290441504 13.879897847771643 7.3961296826601028
leaf_count=406 32 30 57 31 57 30
internal_value=5.42777e-05 -0.00226493 0.000834663 0.00410735 -0.0192157 0.0202507
internal_weight=157.983 142.637 121.446 107.523 21.1909 15.3464
internal_count=643 581 494 437 87 62
is_linear=0
shrinkage=0.03


Tree=23
num_leaves=9
num_cat=0
split_feature=6 21 28 15 34 4 36 5
split_gain=6.23939 11.518 4.99794 5.76971 5.94496 2.66728 2.64026 0.58445
threshold=0.01572546284537191 0.01992760044267591 10.500000000000002 -35.275105413103255 0.0078169247852096797 -0.036420547442696898 0.0066063857072216113 -0.071147205711640057
decision_type=2 2 2 2 2 2 2 2
left_child=2 -2 3 7 -5 -4 -7 -1
right_child=1 -3 5 4 -6 6 -8 -9
leaf_value=0.028199667320589913 -0.026260472012340417 0.0079218529096177943 0.0036391337983196679 0.011355123595392046 -0.003964837768515128 -0.02588148858145117 0 0.0083499751728463127
leaf_weight=8.434764012694357 17.899723514914516 13.775779157876967 7.6424583643674877 37.939179748296738 49.617621585726738 7.8076332658529264 7.3793808966875076 7.4150363802909842
leaf_count=34 74 56 31 154 202 32 30 30
internal_value=3.59908e-05 -0.0113615 0.00314543 0.00604071 0.00261129 -0.00879491 -0.0156201 0.0217298
internal_weight=157.912 31.6755 126.236 103.407 87.5568 22.8295 15.187 15.8498
internal_count=643 130 513 420 356 93 62 64
is_linear=0
shrinkage=0.03


Tree=24
num_leaves=9
num_cat=0
split_feature=2 20 20 20 11 11 1 6
split_gain=8.07496 8.19044 5.96559 9.48775 7.89886 4.34977 3.47258 2.78078
threshold=0.016936563394646335 0.027480391141485108 0.038485651382454349 0.028240209580535216 0.052352981110413983 0.025040505172551856 -0.010408863176234682 0.0159201960573515
decision_type=2 2 2 2 2 2 2 2
left_child=2 5 3 4 -1 7 -5 -2
right_child=1 -3 -4 6 -6 -7 -8 -9
leaf_value=0.0023653287401615838 -0.0088046381224808797 0.0072803655029645836 0.02415474544404117 -0.027868604422179609 0.030012619748873117 -0.0012606094047496444 0 -0.036375317475846151
leaf_weight=77.535403534770012 8.9818619340658241 13.776022896170614 10.389383330941198 9.3505796939134616 8.9437864124774915 10.547483429312704 7.3394033610820761 10.957269653677939
leaf_count=315 37 56 42 38 36 43 30 46
internal_value=3.59755e-05 -0.0104615 0.00436773 0.00181104 0.00600796 -0.018895 -0.0174486 -0.0265743
internal_weight=157.821 44.2626 113.559 103.169 86.4792 30.4866 16.69 19.9391
internal_count=643 182 461 419 351 126 68 83
is_linear=0
shrinkage=0.03


Tree=25
num_leaves=12
num_cat=0
split_feature=5 12 12 38 11 14 21 23 21 11 14
split_gain=8.79012 10.9268 9.47371 10.4797 7.30838 10.0297 5.79354 6.41672 4.29818 7.16916 3.86708
threshold=0.028862240649647156 47.599306838054133 39.131857483360101 0.008907906550449084 0.071983042379688347 102.87666516697938 0.018948350123463381 1.064571063921637 0.01475481881637975 -0.01010652217060015 -65.356231152874201
decision_type=2 2 2 2 2 2 2 2 2 2 2
left_child=1 2 10 -4 8 -6 7 -3 -2 -10 -1
right_child=4 6 3 -5 5 -7 -8 -9 9 -11 -12
leaf_value=0.023190245371488553 0 -0.0041657932554214723 0.0030107672171299019 -0.033320424590684822 0.027940102507827264 -0.015059246379707769 0.033609403734619778 0.025732801581775131 0 -0.029334923014524089 0.00048581601309589917
leaf_weight=7.6953118443489066 12.458091288805006 14.921048179268839 11.815626323223116 12.922667458653448 7.9652461111545545 7.3405544310808182 11.823832899332045 8.1260606050491315 9.9819926470518059 23.286536455154422 27.406125098466873
leaf_count=31 51 61 48 53 32 30 48 33 41 96 111
internal_value=-0.000747698 0.00484106 -0.00277348 -0.0164795 -0.00953677 0.00709405 0.0177563 0.00699012 -0.0154818 -0.0208335 0.0068494
internal_weight=155.743 94.7107 59.8397 24.7383 61.0324 15.3058 34.8709 23.0471 45.7266 33.2685 35.1014
internal_count=635 385 243 101 250 62 142 94 188 137 142
is_linear=0
shrinkage=0.03


Tree=26
num_leaves=9
num_cat=0
split_feature=9 22 25 20 26 21 26 22
split_gain=10.2756 6.54797 5.97847 5.15093 7.06376 4.8203 4.01723 2.9791
threshold=-0.085142881412562335 -0.10004907255021588 0.23919711923179518 0.022863355047042032 0.33668955014844099 0.015916010719517943 0.42340123767139021 0.30572624144956123
decision_type=2 2 2 2 2 2 2 2
left_child=-1 3 5 6 -5 -3 -2 -4
right_child=1 2 7 4 -6 -7 -8 -9
leaf_value=0.022532114445724963 -0.026922282707669692 0.017549883723745132 -0.012216219163665144 0.0081070817434147329 -0.022288412279939322 -0.00024887570598273372 -0.00075590258409113172 0.0048488594769286134
leaf_weight=13.33282522857189 19.204784169793133 24.380941241979599 26.451350450515747 19.584527179598812 8.0169439911842328 25.011540129780769 8.8027884513139707 10.788848742842672
leaf_count=54 79 99 108 80 33 102 36 44
internal_value=-0.000705298 -0.00326964 0.00175673 -0.0111497 -0.00112407 0.00858608 -0.0197966 -0.00689488
internal_weight=155.575 142.242 86.6327 55.609 27.6015 49.3925 28.0076 37.2402
internal_count=635 581 353 228 113 201 115 152
is_linear=0
shrinkage=0.03


Tree=27
num_leaves=5
num_cat=0
split_feature=9 19 11 13
split_gain=9.7642 10.8911 12.7431 7.2515
threshold=-0.085142881412562335 0.18168924433446099 0.071983042379688347 -8.0781007260326252
decision_type=2 2 2 2
left_child=-1 2 3 -2
right_child=1 -3 -4 -5
leaf_value=0.021978448694505621 0.017923382019426084 -0.025719833035948592 0.028695295618415068 -0.0057897921624124387
leaf_weight=13.309370547533034 10.836574316024778 15.035012513399122 10.456918105483053 105.82549902796745
leaf_count=54 44 62 42 433
internal_value=-0.000688534 -0.0031903 -5.23351e-05 -0.00319573
internal_weight=155.463 142.154 127.119 116.662
internal_count=635 581 519 477
is_linear=0
shrinkage=0.03


Tree=28
num_leaves=9
num_cat=0
split_feature=9 22 21 11 20 37 21 14
split_gain=9.26016 6.15505 5.35532 5.41246 4.94035 3.77319 3.3765 3.1102
threshold=-0.085142881412562335 -0.10004907255021588 0.01631369270751706 -0.0053214197255381781 0.022863355047042032 0.0259310074210547 0.013829061700647743 35.164030072229487
decision_type=2 2 2 2 2 2 2 2
left_child=-1 4 5 -4 6 -3 -2 -6
right_child=1 2 3 -5 7 -7 -8 -9
leaf_value=0.021442193011728297 -0.0053858670022335683 0.016056223263700976 0.0078427312825355196 -0.013030592391116728 0.006425540232088349 -0.00089898246572438819 -0.028538930953680666 -0.012634976925983834
leaf_weight=13.28337326645851 13.144968852400782 25.863674744963646 15.192789405584334 28.099031910300255 16.691742658615116 17.407810658216476 14.763372719287871 10.858623012900351
leaf_count=54 54 105 62 115 68 71 61 45
internal_value=-0.000648827 -0.00308823 0.00177916 -0.00535129 -0.0107441 0.00916555 -0.0192247 -0.000926008
internal_weight=155.305 142.022 86.5633 43.2918 55.4587 43.2715 27.9083 27.5504
internal_count=635 581 353 177 228 176 115 113
is_linear=0
shrinkage=0.03


Tree=29
num_leaves=5
num_cat=0
split_feature=9 19 11 13
split_gain=8.80214 10.2206 12.197 6.89103
threshold=-0.085142881412562335 0.18168924433446099 0.071983042379688347 -8.0781007260326252
decision_type=2 2 2 2
left_child=-1 2 3 -2
right_child=1 -3 -4 -5
leaf_value=0.02092244429061263 0.017513713147856144 -0.024901475053309585 0.028159887136688863 -0.0055930367576590163
leaf_weight=13.255065023899077 10.847008496522902 14.942341327667235 10.446369081735609 105.69516107439995
leaf_count=54 44 62 42 433
internal_value=-0.000633465 -0.00301357 0 -0.00305667
internal_weight=155.186 141.931 126.989 116.542
internal_count=635 581 519 477
is_linear=0
shrinkage=0.03


Tree=30
num_leaves=9
num_cat=0
split_feature=11 10 11 16 20 3 40 15
split_gain=11.5947 7.9645 9.43931 7.91422 5.69996 2.37007 0.699766 0.29678
threshold=-0.032579456622543461 0.044519906372190284 0.048066160748912796 13.229337733614711 0.030110576491378226 -0.0042598272059788935 0.049130561826799209 -50.70482707878999
decision_type=2 2 2 2 2 2 2 2
left_child=3 2 4 7 -2 -4 -3 -1
right_child=1 6 5 -5 -6 -7 -8 -9
leaf_value=0.014338667676693203 -0.0078531166763834669 -0.030176394113218392 0.0031279682993956789 -0.0050748106075194574 0.015735217975971733 0.029561107781878735 -0.0093777010532327901 0.032208323697689945
leaf_weight=12.772986978292463 80.299303963780403 8.3349844217300433 7.4202499091625214 10.177849695086477 8.1503998190164548 7.4362211972475034 7.9453877657651892 9.4001993983984011
leaf_count=52 329 35 30 42 33 30 33 38
internal_value=-0.000234558 -0.00467415 -0.00126465 0.0150565 -0.00521381 0.0191862 -0.022983 0.0245729
internal_weight=151.938 119.587 103.306 32.351 88.4497 14.8565 16.2804 22.1732
internal_count=622 490 422 132 362 60 68 90
is_linear=0
shrinkage=0.03


Tree=31
num_leaves=9
num_cat=0
split_feature=9 40 21 15 28 28 17 33
split_gain=7.76756 8.75986 7.21707 8.41344 7.32941 3.46777 1.64799 4.10127
threshold=-0.046076782729507708 0.0861992711441565 0.013829061700647743 6.2045390166816476 2.5000000000000004 10.500000000000002 1.7470881018310538 0.21285154230571504
decision_type=2 2 2 2 2 2 2 2
left_child=5 2 3 -2 -4 6 7 -1
right_child=1 -3 4 -5 -6 -7 -8 -9
leaf_value=0.0032534594422089719 -0.011170760382168684 -0.031808128243509176 0.0097295817038478925 0.020511592172441553 -0.011024626463968328 -0.0037841914739024951 0.0023669718639151181 0.033695597871196373
leaf_weight=8.6400052607059532 8.9752355664968508 7.4134092330932608 17.594920098781586 21.180114015936852 63.090550482273102 7.4180616438388816 7.8887347280979148 9.5600811094045621
leaf_count=35 37 31 72 86 260 30 32 39
internal_value=-0.000205546 -0.00393759 -0.00140986 0.0105071 -0.00619152 0.0120232 0.0170013 0.0217395
internal_weight=151.761 118.254 110.841 30.1553 80.6855 33.5069 26.0888 18.2001
internal_count=622 486 455 123 332 136 106 74
is_linear=0
shrinkage=0.03


Tree=32
num_leaves=10
num_cat=0
split_feature=11 8 21 17 21 13 15 2 28
split_gain=10.6746 9.75865 7.18895 8.24407 9.43368 6.17225 6.06685 3.99799 1.26999
threshold=-0.032579456622543461 0.017527460045503599 0.013829061700647743 2.5015770693850556 0.022256078860207865 -3.0443576264353882 10.608961794133371 0.0063894502427385156 8.5000000000000018
decision_type=2 2 2 2 2 2 2 2 2
left_child=1 8 6 5 -5 -4 -2 -8 -1
right_child=2 -3 3 4 -6 -7 7 -9 -10
leaf_value=0.031550244978430328 -0.006757669292471815 -0.01074469850368223 -0.0016999422083846308 -0.010031233267471669 0.026880357313733335 -0.021397464262639936 0.026781755244940395 0 0.011384672974148044
leaf_weight=12.219340786337854 14.35724878311157 8.197129011154173 24.958461314439774 11.755080983042719 9.1255725473165494 39.947874307632446 11.873257324099542 7.3255312889814368 11.856140300631521
leaf_count=50 59 34 102 49 37 165 48 30 48
internal_value=-0.000189354 0.0144957 -0.00445756 -0.00908252 0.00638439 -0.0143246 0.00679021 0.0173109 0.0238297
internal_weight=151.616 32.2726 119.343 85.787 20.8807 64.9063 33.556 19.1988 24.0755
internal_count=622 132 490 353 86 267 137 78 98
is_linear=0
shrinkage=0.03


Tree=33
num_leaves=9
num_cat=0
split_feature=11 7 10 11 35 3 28 3
split_gain=10.1214 7.9333 7.44731 8.88816 6.60841 2.18508 1.77801 0.63192
threshold=-0.032579456622543461 0.01516821917547949 0.044519906372190284 0.048066160748912796 0.057377036620360873 -0.0042598272059788935 7.5000000000000009 0.043952157067606919
decision_type=2 2 2 2 2 2 2 2
left_child=1 6 3 4 -2 -5 -1 -4
right_child=2 -3 7 5 -6 -7 -8 -9
leaf_value=0.033147787809836189 -0.00068585489878687301 -0.0078682217730375453 -0.029235526807804599 0.0032010891413797623 -0.021556528781792515 0.028831214806135392 0.011354079392416793 -0.0091364665544186006
leaf_weight=9.7281116992235201 72.861899703741074 8.6946939378976804 8.0456208884716052 7.4083870351314545 15.348415240645407 7.4226448982954008 13.78628897666931 8.0983955264091474
leaf_count=40 299 36 34 30 63 30 56 34
internal_value=-0.00016711 0.0141439 -0.00432796 -0.00103324 -0.00488099 0.0188214 0.0228498 -0.0220983
internal_weight=151.394 32.2091 119.185 103.041 88.2103 14.831 23.5144 16.144
internal_count=622 132 490 422 362 60 96 68
is_linear=0
shrinkage=0.03


Tree=34
num_leaves=5
num_cat=0
split_feature=40 35 36 21
split_gain=7.36697 4.86689 4.1616 4.19002
threshold=0.087799878180499738 -0.088583591891673683 0.0087959143494123811 0.013829061700647743
decision_type=2 2 2 2
left_child=1 -1 3 -3
right_child=-2 2 -4 -5
leaf_value=0.022172782452793714 -0.024807637174191176 0.010536351437415386 -0.016260660232260284 -0.0015394811361308497
leaf_weight=7.5591234117746344 8.2609588205814344 33.166218876838684 10.825391829013823 91.391443654894829
leaf_count=31 35 135 45 376
internal_value=-0.000159252 0.0014844 0 0.00167314
internal_weight=151.203 142.942 135.383 124.558
internal_count=622 587 556 511
is_linear=0
shrinkage=0.03


Tree=35
num_leaves=6
num_cat=0
split_feature=34 14 11 20 11
split_gain=5.81319 4.40119 8.88576 5.11975 1.71276
threshold=0.041110437125884254 102.87666516697938 0.072983541642794317 0.037740186355664083 -0.0063556129185090562
decision_type=2 2 2 2 2
left_child=1 2 3 -1 -2
right_child=4 -3 -4 -5 -6
leaf_value=-0.0021382853664958542 -0.026502737257910067 -0.019020022857015349 0.027129813807010357 0.017443944116735728 -0.0043309614327241338
leaf_weight=110.17364959418774 7.4454334974288967 7.1835605055093756 9.8910117298364622 11.457134157419203 9.0692310482263547
leaf_count=453 31 30 40 47 37
internal_value=-0.00108418 0.000908392 0.00237779 0 -0.0169201
internal_weight=155.22 138.705 131.522 121.631 16.5147
internal_count=638 570 540 500 68
is_linear=0
shrinkage=0.03


Tree=36
num_leaves=10
num_cat=0
split_feature=34 36 36 37 28 2 36 34 21
split_gain=5.5661 4.74581 9.19716 9.30662 6.1603 6.57461 4.9543 2.75255 1.17435
threshold=0.041110437125884254 0.006190981103895544 0.0053352491639303426 0.046902554699084227 5.5000000000000009 0.019230118700236502 0.0090503095185719678 0.020147679143185052 0.01631369270751706
decision_type=2 2 2 2 2 2 2 2 2
left_child=1 2 3 -1 5 -3 -6 -4 -2
right_child=8 4 7 -5 6 -7 -8 -9 -10
leaf_value=0.0083368981113652822 -0.0048259501716675047 0.028081150992491175 -0.026796436888854254 -0.023910674007372811 0.0051736691433726624 -0.0010175093802866199 -0.018007087832162247 -0.0019370281981661913 -0.024567074858134513
leaf_weight=44.258460089564323 8.7301377058029193 16.412434026598934 14.236037984490396 7.6597546935081473 29.802132800221443 9.4999215900897962 9.1604813784360868 7.5931517630815497 7.7448707371950141
leaf_count=182 36 67 59 32 122 39 38 31 32
internal_value=-0.00105825 0.000888462 -0.00414495 0.00259061 0.0067874 0.0175672 -0.000523259 -0.0196671 -0.016573
internal_weight=155.097 138.622 73.7474 51.9182 64.875 25.9124 38.9626 21.8292 16.475
internal_count=638 570 304 214 266 106 160 90 68
is_linear=0
shrinkage=0.03


Tree=37
num_leaves=9
num_cat=0
split_feature=34 36 36 18 7 19 34 38
split_gain=5.31016 4.50686 8.73482 6.11579 7.17132 4.90996 2.61171 1.26599
threshold=0.041110437125884254 0.006190981103895544 0.0053352491639303426 0.11290595195201382 0.0088710734568450429 0.11684026154104095 0.020147679143185052 0.010479745936924247
decision_type=2 2 2 2 2 2 2 2
left_child=1 2 5 -3 -5 -1 -4 -2
right_child=7 3 6 4 -6 -7 -8 -9
leaf_value=-0.0040245349340069791 -0.0043740785235452558 -0.014811787483235951 -0.026189116512718158 0.018805823385834562 -0.0019342678494806203 0.014304910897037271 -0.0018912893704050404 -0.024392066178188086
leaf_weight=33.512525871396065 8.7050558924675006 8.0338882356882078 14.176465928554537 33.533752530813217 23.298290327191353 18.413317516446114 7.5918681025505057 7.7327142506837836
leaf_count=138 36 33 59 137 96 76 31 32
internal_value=-0.00105885 0.00083942 -0.00406503 0.00659062 0.0102717 0.00248655 -0.0192184 -0.016229
internal_weight=154.998 138.56 73.6942 64.8659 56.832 51.9258 21.7683 16.4378
internal_count=638 570 304 266 233 214 90 68
is_linear=0
shrinkage=0.03


Tree=38
num_leaves=7
num_cat=0
split_feature=35 11 2 25 11 8
split_gain=5.02997 4.49692 5.19193 5.14608 4.88184 3.3133
threshold=-0.088583591891673683 0.072983541642794317 0.00052341209279793699 0.22503348017396479 0.10278164033262262 0.064104370329005803
decision_type=2 2 2 2 2 2
left_child=-1 2 3 -2 -3 -4
right_child=1 4 5 -5 -6 -7
leaf_value=0.020171686496973078 0.0094648914180119961 0.026309164788783115 -0.013008250923357024 -0.0064351026051761738 -0.0035203135109800965 0.0058560312106976653
leaf_weight=7.321288749575614 33.521183162927628 7.6180806308984739 55.969909489154816 35.261135905981064 7.7716177701950073 7.4306686967611304
leaf_count=30 137 31 232 145 32 31
internal_value=-0.00105654 -0.00246563 -0.00437787 0.00115036 0.0117106 -0.0104565
internal_weight=154.894 147.573 132.183 68.7823 15.3897 63.4006
internal_count=638 608 545 282 63 263
is_linear=0
shrinkage=0.03


Tree=39
num_leaves=8
num_cat=0
split_feature=35 14 19 21 2 13 26
split_gain=4.78636 4.41361 8.41558 7.56297 7.39037 6.40605 5.80005
threshold=-0.088583591891673683 1.9248034785380244 0.18168924433446099 0.015947646465099854 0.00052341209279793699 4.5567812789934203 0.32050911202221927
decision_type=2 2 2 2 2 2 2
left_child=-1 3 5 6 -5 -3 -2
right_child=1 2 -4 4 -6 -7 -8
leaf_value=0.019702375012025 -0.028743340422239406 0.011245443823962156 -0.019773286960014399 0.010910033059857892 -0.013955144533928595 -0.0093364859219116983 0
leaf_weight=7.3184909075498572 17.916334599256519 54.187941834330559 11.04589784145355 23.354146286845207 16.657624647021294 15.511904045939444 8.7833497673273069
leaf_count=30 74 222 47 96 69 64 36
internal_value=-0.00100516 -0.00238317 0.00218015 -0.00802748 2.9628e-05 0.00632301 -0.019785
internal_weight=154.776 147.457 80.7457 66.7115 40.0118 69.6998 26.6997
internal_count=638 608 333 275 165 286 110
is_linear=0
shrinkage=0.03


Tree=40
num_leaves=8
num_cat=0
split_feature=34 3 13 10 12 18 15
split_gain=9.46595 7.64236 4.74551 4.54462 5.70987 4.19513 1.90384
threshold=0.041110437125884254 0.015888111878773929 -3.215520483461169 0.041417356133558243 46.425396661655888 1.0116330000493361 -15.878193456155799
decision_type=2 2 2 2 2 2 2
left_child=1 3 -3 4 -1 -4 -2
right_child=6 2 5 -5 -6 -7 -8
leaf_value=0.0038477189427716394 -0.02849234090716701 0.010337257163577184 -0.015696710848374849 -0.009750677953904531 0.020130747734670856 0.0058891645388292396 -0.0038053179368558497
leaf_weight=45.134227365255356 7.5603331476449966 11.386525630950926 27.981200337409973 7.5585909187793723 38.2105553150177 8.7083142548799497 7.2881385535001737
leaf_count=185 32 47 117 32 156 36 30
internal_value=0.00196192 0.00456423 -0.004776 0.00966192 0.0117855 -0.010146 -0.0191555
internal_weight=153.828 138.979 48.076 90.9034 83.3448 36.6895 14.8485
internal_count=635 573 200 373 341 153 62
is_linear=0
shrinkage=0.03


Tree=41
num_leaves=8
num_cat=0
split_feature=34 3 13 17 10 12 15
split_gain=9.04555 7.1834 4.49516 7.03147 4.3163 5.36841 1.82042
threshold=0.041110437125884254 0.015888111878773929 -3.215520483461169 3.5211619010361841 0.041417356133558243 46.425396661655888 -15.878193456155799
decision_type=2 2 2 2 2 2 2
left_child=1 4 -3 -4 5 -1 -2
right_child=6 2 3 -5 -6 -7 -8
leaf_value=0.0037364422107175298 -0.027954832208722389 0.010063959790919237 -0.021566135786139425 0.003217262527682029 -0.009535053580469393 0.01953681727294623 -0.0037174788044851172
leaf_weight=45.143458500504494 7.5136924386024475 11.398985758423803 19.250188946723938 17.384145900607109 7.5430992096662512 38.251167103648186 7.2838605195283872
leaf_count=185 32 47 81 72 32 156 30
internal_value=0.0018938 0.0044368 -0.0046184 -0.00985964 0.00937762 0.0114472 -0.0187805
internal_weight=153.769 138.971 48.0333 36.6343 90.9377 83.3946 14.7976
internal_count=635 573 200 153 373 341 62
is_linear=0
shrinkage=0.03


Tree=42
num_leaves=10
num_cat=0
split_feature=34 7 17 13 11 9 9 28 20
split_gain=8.64277 7.25963 6.33959 8.81907 5.14595 6.80804 4.61167 3.47162 2.53923
threshold=0.041110437125884254 0.013363435877531605 3.5211619010361841 -2.2428633377019263 -0.011398272993350276 -0.0092154194633100733 0.037334573798307076 7.5000000000000009 0.022863355047042032
decision_type=2 2 2 2 2 2 2 2 2
left_child=1 4 3 -3 8 -6 -4 -2 -1
right_child=7 2 6 -5 5 -7 -8 -9 -10
leaf_value=0.002696784690056602 -0.00048875505512685686 0.0090587533503398345 -0.0073979187829179413 -0.025859125144611923 -0.012278856992056162 0.0094372818381659885 0.018475665117931694 -0.0304701732596354 0.023729650773106264
leaf_weight=9.395638093352316 7.2655556499958021 7.7078278511762646 9.1418458670377749 17.665424957871437 15.564622595906256 45.481910035014153 11.164162307977675 7.4795743376016617 22.824588909745216
leaf_count=38 30 32 38 75 64 186 46 32 94
internal_value=0.00182454 0.00430972 -0.0051343 -0.014817 0.00910325 0.00344867 0.00653592 -0.0184157 0.0185507
internal_weight=153.691 138.946 45.6793 25.3733 93.2668 61.0465 20.306 14.7451 32.2202
internal_count=635 573 191 107 382 250 84 62 132
is_linear=0
shrinkage=0.03


Tree=43
num_leaves=9
num_cat=0
split_feature=34 3 13 38 36 10 32 15
split_gain=8.26579 6.5799 4.12385 4.03783 7.59325 5.09529 3.81059 1.71366
threshold=0.041110437125884254 0.015888111878773929 -3.215520483461169 0.0099088576295996086 0.0049900352998058324 0.018571638757577173 0.0088416240006258268 -15.878193456155799
decision_type=2 2 2 2 2 2 2 2
left_child=1 3 -3 4 -1 -5 -4 -2
right_child=7 2 6 5 -6 -7 -8 -9
leaf_value=0.02018830146836726 -0.027017929688624598 0.0095449564230272524 -0.0164512162109611 0.022898876714130663 -0.0029607142176966213 -0.003065356928856254 0.0022537356495946708 -0.0034412409346438614
leaf_weight=15.665311500430105 7.4221121668815613 11.418803766369818 23.277806997299194 26.191356480121613 41.932925909757614 7.1226211041212073 13.227161273360251 7.26659247279167
leaf_count=64 32 47 98 107 172 30 55 30
internal_value=0.00176333 0.00419421 -0.00447584 0.00892397 0.00354977 0.0170637 -0.0095191 -0.0180634
internal_weight=153.525 138.836 47.9238 90.9122 57.5982 33.314 36.505 14.6887
internal_count=635 573 200 373 236 137 153 62
is_linear=0
shrinkage=0.03


Tree=44
num_leaves=8
num_cat=0
split_feature=35 35 4 34 37 21 4
split_gain=7.98341 8.59076 7.73529 10.7602 4.37982 4.36891 4.59057
threshold=-0.088583591891673683 -0.026878640861689115 -0.0099182578988659658 0.039592618592715463 0.06489332890271006 0.03359450997251464 -0.02055400910400856
decision_type=2 2 2 2 2 2 2
left_child=-1 5 3 -3 -4 6 -2
right_child=1 2 4 -5 -6 -7 -8
leaf_value=0.0279928704616756 -0.035726327047886926 0.02080903392133554 0.0003503511810237903 -0.015489322339367796 -0.021356484476621803 0.00096657004037448613 -0.0034810358486417467
leaf_weight=7.7467178255319586 9.1392300128936785 33.943005055189133 70.567860022187233 7.1924323588609687 7.3120754063129416 8.8236732035875303 8.701867029070856
leaf_count=32 38 138 293 30 31 37 36
internal_value=0.0017062 0 0.00344672 0.0136907 -0.00198359 -0.014818 -0.0226912
internal_weight=153.427 145.68 119.015 41.1354 77.8799 26.6648 17.8411
internal_count=635 603 492 168 324 111 74
is_linear=0
shrinkage=0.03


Tree=45
num_leaves=12
num_cat=0
split_feature=2 22 19 19 19 36 3 4 21 13 9
split_gain=8.11821 9.02349 8.33329 7.54571 5.05091 4.64444 5.76915 3.75962 2.36125 2.25097 0.439155
threshold=0.0054444247200323712 0.30572624144956123 0.11315127420077743 0.070093602055517804 0.17738081810601899 0.0048815766993560369 0.0067310722488700412 0.027328332179137441 0.017437375806993404 -1.1692260177418559 -0.012095594966375082
decision_type=2 2 2 2 2 2 2 2 2 2 2
left_child=1 5 3 -2 7 9 -7 -4 -5 -1 -3
right_child=2 10 4 8 -6 6 -8 -9 -10 -11 -12
leaf_value=0 0.0029729574823706391 0.011735445258703042 -0.0030610997557321273 -0.032318807488783644 -0.012561777613243723 -0.0084337751815069233 0.012616107808545772 0.020482805954256438 -0.0063466631294694905 0.022359768162922369 0.031590108919638107
leaf_weight=8.0169298648834246 9.868364214897154 9.0260880440473574 7.7365147173404756 16.360035225749019 9.3142064511775953 42.616865694522858 13.601664572954176 13.361530587077139 7.1250517368316642 9.7249089777469617 8.6289452165365201
leaf_count=33 41 37 32 69 39 176 56 55 30 40 35
internal_value=0.000556709 0.00631203 -0.00742466 -0.0174242 0.00347758 0.00126036 -0.00282481 0.0116825 -0.0261442 0.0139396 0.0244297
internal_weight=155.381 91.6154 63.7657 33.3535 30.4123 73.9604 56.2185 21.098 23.4851 17.7418 17.655
internal_count=643 377 266 140 126 305 232 87 99 73 72
is_linear=0
shrinkage=0.03


Tree=46
num_leaves=10
num_cat=0
split_feature=7 6 37 28 12 38 19 19 16
split_gain=7.25544 8.2105 7.63616 6.57537 6.49062 5.58147 2.11019 4.64783 0.624259
threshold=0.017961149703597867 0.033112224349531934 0.058640122891176157 10.500000000000002 53.215733311274725 0.0087014496060890938 0.1181598398805057 0.16891825671914559 8.6784135951080206
decision_type=2 2 2 2 2 2 2 2 2
left_child=2 6 3 4 -1 -5 8 -8 -2
right_child=1 -3 -4 5 -6 -7 7 -9 -10
leaf_value=0.0045295321079059188 -0.01010836237556265 0.01276703264917927 -0.016891616994538249 -0.022096776848361293 0.022777672763179282 0.005739793851821706 0.0071342557224941478 -0.02198211611697572 -0.031490931952060756
leaf_weight=55.250255718827248 7.5288279056549134 8.7615112364292127 11.128341957926748 9.4683927297592181 26.961544319987297 12.174468308687208 8.2331254482269269 7.0547393262386313 8.7197627723216993
leaf_count=227 32 36 47 39 110 50 34 30 38
internal_value=0.000557209 -0.00998961 0.00448936 0.00719796 0.011091 -0.00664285 -0.0171435 -0.00642281 -0.0245989
internal_weight=155.281 40.298 114.983 103.855 82.2118 21.6429 31.5365 15.2879 16.2486
internal_count=643 170 473 426 337 89 134 64 70
is_linear=0
shrinkage=0.03


Tree=47
num_leaves=12
num_cat=0
split_feature=2 28 22 21 37 12 12 38 9 2 25
split_gain=7.55433 10.1543 10.4464 7.05803 7.65914 6.42967 11.054 5.30167 5.05912 4.66108 4.1212
threshold=0.0054444247200323712 10.500000000000002 -0.015860179580044539 0.018563003329311024 0.014867367559046831 53.643243955930885 40.191393004255715 0.0094380725626372532 1.0000000180025095e-35 -0.02051143918345116 0.20923835412779854
decision_type=2 2 2 2 2 2 2 2 2 2 2
left_child=1 5 -3 4 7 6 -1 -2 -5 -7 -10
right_child=3 2 -4 8 -6 9 -8 -9 10 -11 -12
leaf_value=0.019250624503302796 0.016420118427793656 -0.030287140661087685 0.0096364497726668316 -0.0096753100316615808 -0.02766266345292295 0.0012445810819878623 -0.0085977533022037755 -0.014757966917582533 0.027602127336345813 0.031258265987883692 0
leaf_weight=21.534768328070641 7.3020687252283087 10.477576971054079 9.0161098688840848 12.246576219797136 19.289556473493576 7.805405959486964 25.643781632184982 8.3925770223140699 7.5486925989389446 17.10886088013649 8.7962272018194181
leaf_count=88 30 44 37 51 82 32 106 35 31 70 37
internal_value=0.000518637 0.00607079 -0.0119456 -0.00719221 -0.0159408 0.0113358 0.00407463 0 0.00336447 0.0232038 0.013942
internal_weight=155.162 91.5865 19.4937 63.5757 34.9842 72.0928 47.1785 15.6946 28.5915 24.9143 16.3449
internal_count=643 377 81 266 147 296 194 65 119 102 68
is_linear=0
shrinkage=0.03


Tree=48
num_leaves=12
num_cat=0
split_feature=2 20 5 14 38 11 2 35 36 35 34
split_gain=7.15156 8.52551 6.36981 6.49535 4.74766 4.83674 4.54778 4.15884 3.84494 2.67939 1.74584
threshold=0.0054444247200323712 0.027480391141485108 0.020013294625649939 52.002202585639687 0.0071143805668462496 -0.034517760492735854 -0.013816034706187251 -0.015640751806109018 0.0065757204069472877 -0.015640751806109018 0.0078169247852096797
decision_type=2 2 2 2 2 2 2 2 2 2 2
left_child=4 2 8 -4 7 10 -7 -1 -2 -3 -6
right_child=1 9 3 -5 5 6 -8 -9 -10 -11 -12
leaf_value=0.00074635069508289305 -0.010134788780096432 -0.0017429740066246776 -0.031692857661577582 0 0.0027454317611924086 -0.0085304434109047776 0.0072759557142401208 0.033011326892898381 0.014107877077422157 0.01966225088389675 0.025965958498176771
leaf_weight=7.3390165120363235 13.05010560154915 7.1963951885700252 18.426577672362331 7.9694901555776587 7.4458947479724866 34.027053788304329 27.564488068223 7.9360124766826612 7.6202381253242484 9.1903597116470319 7.2113172262907028
leaf_count=30 55 30 79 33 31 140 114 32 31 38 30
internal_value=0.000507112 -0.00700139 -0.0134973 -0.0227304 0.00591152 0.00240128 -0.00121426 0.0202588 -7.9774e-05 0.0102791 0.0168164
internal_weight=154.977 63.4532 47.0664 26.3961 91.5238 76.2488 61.5915 15.275 20.6703 16.3868 14.6572
internal_count=643 266 198 112 377 315 254 62 86 68 61
is_linear=0
shrinkage=0.03


Tree=49
num_leaves=11
num_cat=0
split_feature=2 28 20 12 12 37 14 2 35 38
split_gain=6.80615 9.63965 8.09574 6.05471 10.5254 4.95212 4.47029 4.28209 2.55287 2.21019
threshold=0.0054444247200323712 10.500000000000002 0.027480391141485108 53.643243955930885 40.191393004255715 -0.011633926972009654 52.002202585639687 -0.02051143918345116 -0.015640751806109018 0.0087014496060890938
decision_type=2 2 2 2 2 2 2 2 2 2
left_child=1 3 5 4 -1 -2 -7 -5 -4 -3
right_child=2 9 8 7 -6 6 -8 -9 -10 -11
leaf_value=0.018688371917648799 0.0064842866727299314 -0.021574161593979381 -0.0017020493905609952 0.0012683520518683589 -0.0084929594217634935 -0.022246959244637533 0.00085164856513834366 0.030166466711679763 0.019150093720981646 -0.0006000160381965401
leaf_weight=21.523007020354271 7.4951207786798468 8.6551388502120989 7.1964342445135143 7.8018094897270229 25.619559928774834 31.448638677597046 7.9692164510488501 17.106756940484047 9.2063047140836698 10.784850090742109
leaf_count=88 31 36 30 32 106 134 33 70 38 45
internal_value=0.000517716 0.00578989 -0.00681493 0.0109229 0.00386701 -0.0131677 -0.0173993 0.0224395 0.00999574 -0.0117792
internal_weight=154.807 91.4911 63.3157 72.0511 47.1426 46.913 39.4179 24.9086 16.4027 19.44
internal_count=643 377 266 296 194 198 167 102 68 81
is_linear=0
shrinkage=0.03


end of trees

feature_importances:
ma_20_60_cross=34
div_ma_60=24
volatility=24
macro_usdjpy_vol_20=22
atr_pct=20
bb_bandwidth=18
return_3d=17
rsi=15
macro_usdjpy_ret_20=15
month=14
macro_usdjpy_ret_60=14
return_5d=13
macd_signal=13
vol_ratio=10
macro_topix_ret_20=10
macro_topix_vol_20=10
div_ma_10=9
ma_5_20_cross=9
rsi_change=9
macd=9
div_ma_20=8
macd_hist_change=8
return_20d=7
macd_hist=7
macro_nikkei_ret_20=7
vol_change=6
return_2d=5
bb_pct_b=5
upper_shadow_pct=5
return_1d=4
return_10d=4
div_ma_5=3
candle_body_pct=3
lower_shadow_pct=3
macro_nikkei_above_200dma=3
price_position_20d=2
day_of_week=1
gap=1

parameters:
[boosting: gbdt]
[objective: binary]
[metric: binary_logloss]
[tree_learner: serial]
[device_type: cpu]
[data_sample_strategy: bagging]
[data: ]
[valid: ]
[num_iterations: 50]
[learning_rate: 0.03]
[num_leaves: 15]
[num_threads: 0]
[seed: 42]
[deterministic: 0]
[force_col_wise: 0]
[force_row_wise: 0]
[histogram_pool_size: -1]
[max_depth: 4]
[min_data_in_leaf: 30]
[min_sum_hessian_in_leaf: 0.001]
[bagging_fraction: 0.7]
[pos_bagging_fraction: 1]
[neg_bagging_fraction: 1]
[bagging_freq: 5]
[bagging_seed: 400]
[bagging_by_query: 0]
[feature_fraction: 0.6]
[feature_fraction_bynode: 1]
[feature_fraction_seed: 30056]
[extra_trees: 0]
[extra_seed: 12879]
[early_stopping_round: 0]
[early_stopping_min_delta: 0]
[first_metric_only: 0]
[max_delta_step: 0]
[lambda_l1: 0.5]
[lambda_l2: 2]
[linear_lambda: 0]
[min_gain_to_split: 0]
[drop_rate: 0.1]
[max_drop: 50]
[skip_drop: 0.5]
[xgboost_dart_mode: 0]
[uniform_drop: 0]
[drop_seed: 17869]
[top_rate: 0.2]
[other_rate: 0.1]
[min_data_per_group: 100]
[max_cat_threshold: 32]
[cat_l2: 10]
[cat_smooth: 10]
[max_cat_to_onehot: 4]
[top_k: 20]
[monotone_constraints: ]
[monotone_constraints_method: basic]
[monotone_penalty: 0]
[feature_contri: ]
[forcedsplits_filename: ]
[refit_decay_rate: 0.9]
[cegb_tradeoff: 1]
[cegb_penalty_split: 0]
[cegb_penalty_feature_lazy: ]
[cegb_penalty_feature_coupled: ]
[path_smooth: 0]
[interaction_constraints: ]
[verbosity: -1]
[saved_feature_importance_type: 0]
[use_quantized_grad: 0]
[num_grad_quant_bins: 4]
[quant_train_renew_leaf: 0]
[stochastic_rounding: 1]
[linear_tree: 0]
[max_bin: 255]
[max_bin_by_feature: ]
[min_data_in_bin: 5]
[bin_construct_sample_cnt: 200000]
[data_random_seed: 175]
[is_enable_sparse: 1]
[enable_bundle: 1]
[use_missing: 1]
[zero_as_missing: 0]
[feature_pre_filter: 1]
[pre_partition: 0]
[two_round: 0]
[header: 0]
[label_column: ]
[weight_column: ]
[group_column: ]
[ignore_column: ]
[categorical_feature: ]
[forcedbins_filename: ]
[precise_float_parser: 0]
[parser_config_file: ]
[objective_seed: 16083]
[num_class: 1]
[is_unbalance: 0]
[scale_pos_weight: 1]
[sigmoid: 1]
[boost_from_average: 1]
[reg_sqrt: 0]
[alpha: 0.9]
[fair_c: 1]
[poisson_max_delta_step: 0.7]
[tweedie_variance_power: 1.5]
[lambdarank_truncation_level: 30]
[lambdarank_norm: 1]
[label_gain: ]
[lambdarank_position_bias_regularization: 0]
[eval_at: ]
[multi_error_top_k: 1]
[auc_mu_weights: ]
[num_machines: 1]
[local_listen_port: 12400]
[time_out: 120]
[machine_list_filename: ]
[machines: ]
[gpu_platform_id: -1]
[gpu_device_id: -1]
[gpu_use_dp: 0]
[num_gpu: 1]

end of parameters

pandas_categorical:[]
