tree
version=v4
num_class=1
num_tree_per_iteration=1
label_index=0
max_feature_idx=44
objective=binary sigmoid:1
feature_names=return_1d return_2d return_3d return_5d return_10d return_20d div_ma_5 div_ma_10 div_ma_20 div_ma_60 ma_5_20_cross ma_20_60_cross rsi rsi_change macd macd_signal macd_hist macd_hist_change bb_pct_b bb_bandwidth atr_pct volatility vol_change vol_ratio candle_body_pct upper_shadow_pct lower_shadow_pct day_of_week month is_month_end is_month_start streak gap price_position_20d macro_usdjpy_ret_20 macro_usdjpy_ret_60 macro_usdjpy_vol_20 macro_topix_ret_20 macro_topix_vol_20 macro_topix_above_200dma macro_nikkei_ret_20 macro_nikkei_above_200dma macro_nikkei_vi macro_jgb10y macro_bias_score
feature_infos=[-0.16525584333543908:0.1362191614953836] [-0.18482418260333122:0.15756016346299373] [-0.21232713400095371:0.17940971415291651] [-0.20798369695516661:0.18339745831875942] [-0.22562119081106424:0.23338883002875743] [-0.25739013150500167:0.30737437459212535] [-0.16076010466681914:0.10564399421128799] [-0.18644026055583607:0.12662611552635075] [-0.21901226979361207:0.16947444613179291] [-0.25685718939239421:0.23125460237246845] [-0.11296579525772565:0.1250526315789473] [-0.1392687205514056:0.11961466817816357] [6.4756671899529152:89.55441928414902] [-28.445641726673244:28.952384927923411] [-683.09678753764456:555.5459146568428] [-594.05693281196818:500.39781344575488] [-212.93807373737738:251.60390240625563] [-87.399851545568055:74.745952273201794] [-0.36959400064286346:1.3871048139156559] [0.028236758894667806:0.35014520763152224] [0.011717953943346239:0.05918564527260179] [0.0067352900940509299:0.052218712647538371] [-0.83720217909729366:5.4311060509025353] [0.48328276891446031:2.219189922490532] [-0.99203187250996017:1] [0:0.86956521739130432] [0:0.92753623188405798] [0:4] [1:12] none [0:1] [-6:9] [-0.099929838628846301:0.084529505582137121] [0:1] [-0.10288784967882303:0.08505611680078462] [-0.13986255140503889:0.13160084488587853] [0.0024251968629527628:0.011841457708833433] [-0.22586490939044479:0.19897850606512013] [0.0040695656522785678:0.036437277456277402] [0:1] [-0.22859537662338159:0.23022297972565586] [0:1] none none none
tree_sizes=1077 1495 1190 1413 1301 1201 1293 1099 1204 774 1207 1410 1201 1420 1186 1203 1299 1309 1091 1210 991 888 1299 990 982 1197 1309 1087 1309 1194 766 868 973 1202 1092 765 681 984 1191 1197 875 1214 1209 1000 986 887 1096 1200 1097 1175

Tree=0
num_leaves=9
num_cat=0
split_feature=37 7 14 28 22 28 1 1
split_gain=19.5138 7.50626 8.97595 6.95078 6.59844 6.80322 4.86691 2.72696
threshold=0.017944696263563768 0.037970514511502927 -58.640622716869068 6.5000000000000009 -0.34166746207381393 3.5000000000000004 0.0061040026712063664 -0.0038590428891301927
decision_type=2 2 2 2 2 2 2 2
left_child=4 2 7 -4 -1 -6 -7 -2
right_child=1 -3 3 -5 5 6 -8 -9
leaf_value=-0.087587058879364424 -0.12748776460413674 -0.15367002435840332 -0.10998724605617111 -0.13127408112525821 -0.096937257315121733 -0.1123360524124026 -0.12970430480510747 -0.15709031936686979
leaf_weight=8.2204504609107953 7.9713459014892578 10.21328693628311 25.657769620418549 25.408665060997009 13.949855327606199 34.625533759593964 21.921201229095459 7.7222413420677167
leaf_count=33 32 41 103 102 56 139 88 31
internal_value=-0.120846 -0.131521 -0.127029 -0.120328 -0.110563 -0.114265 -0.119432 -0.145466
internal_weight=155.69 76.9733 66.76 51.0664 78.717 70.4966 56.5467 15.6936
internal_count=625 309 268 205 316 283 227 63
is_linear=0
shrinkage=1


Tree=1
num_leaves=13
num_cat=0
split_feature=40 16 28 12 9 12 38 34 34 20 8 40
split_gain=12.8208 14.3505 11.1883 12.776 9.16027 11.1804 11.0973 5.80585 5.11521 3.75267 3.18816 3.13951
threshold=0.028723253190595991 12.307811472743667 6.5000000000000009 42.817842405187662 0.0083306580599079427 50.19258769353781 0.011337888718538554 0.026174320329033555 0.020664005876146922 0.018933210406383998 -0.003444177722316324 0.072860437626275157
decision_type=2 2 2 2 2 2 2 2 2 2 2 2
left_child=4 2 11 -4 6 -6 9 -7 -3 -1 -8 -2
right_child=1 8 3 -5 5 7 10 -9 -10 -11 -12 -13
leaf_value=-0.0031024250369949464 0.028905428117620615 -0.035281651548432907 0.012397720116732625 -0.033623095459160639 0.039077825833201907 0.012224309233955026 0.024174752538390767 -0.014623856343932528 -0.0055893205140435699 -0.025399609302320322 0 0.0010741625476408726
leaf_weight=17.189869359135631 8.967768073081972 18.41475979983807 7.7162114083766964 10.20700792968273 11.216646045446394 26.408690303564072 9.9667842388153094 7.4737882167100897 9.9589226543903333 12.701984092593191 7.9732970148324958 7.4763894081115714
leaf_count=69 36 74 31 41 45 106 40 30 40 51 32 30
internal_value=-0.000988485 -0.0113511 0.00143614 -0.0138019 0.0059414 0.0153975 -0.00293361 0.00539911 -0.026408 -0.0140462 0.0143817 0.0185537
internal_weight=155.672 62.7411 34.3674 17.9232 92.9311 45.0991 47.8319 33.8825 28.3737 29.8919 17.9401 16.4442
internal_count=625 252 138 72 373 181 192 136 114 120 72 66
is_linear=0
shrinkage=0.03


Tree=2
num_leaves=10
num_cat=0
split_feature=37 20 6 11 37 33 22 28 38
split_gain=17.9418 14.3424 8.79868 6.60038 11.7725 7.01358 6.26248 6.33802 5.61336
threshold=0.017944696263563768 0.026032241714419761 -0.011926248148297033 0.017729507271317505 0.031396109507134125 0.80638851899016262 -0.34166746207381393 3.5000000000000004 0.011196164179265436
decision_type=2 2 2 2 2 2 2 2 2
left_child=6 3 -3 4 -2 -5 -1 -8 -9
right_child=1 2 -4 5 -6 -7 7 8 -10
leaf_value=0.031250628631215055 -0.034689954812950494 0 -0.038320438741501435 0.022894775465237549 0.0045568208486891438 -0.0060456499287065918 0.021990412519668663 -0.0064094755202034094 0.012525900889170553
leaf_weight=8.2357728034257871 9.6927012056112307 8.2144421637058276 18.889523833990097 13.198244184255602 14.429049551486967 12.446809649467466 13.972921222448347 36.367939129471779 20.184622228145599
leaf_count=33 39 33 76 53 58 50 56 146 81
internal_value=-0.000957084 -0.0112077 -0.0279626 -0.00106506 -0.0120878 0.00888477 0.00889151 0.00528387 0.000289723
internal_weight=155.632 76.8708 27.104 49.7668 24.1218 25.6451 78.7613 70.5255 56.5526
internal_count=625 309 109 200 97 103 316 283 227
is_linear=0
shrinkage=0.03


Tree=3
num_leaves=12
num_cat=0
split_feature=19 20 38 2 38 22 2 17 20 19 26
split_gain=15.4197 10.5444 17.8229 9.16506 10.1381 9.43033 8.86628 6.00558 5.6573 4.29173 2.95211
threshold=0.090774441218196444 0.033488005736221911 0.0081154146115788063 0.013005756948113902 0.0091252710972355763 -0.004015882782360757 -0.0067702237826718905 12.246048178977107 0.024522500170253789 0.069975332729748638 0.26705426356589151
decision_type=2 2 2 2 2 2 2 2 2 2 2
left_child=3 2 6 4 5 -1 -2 -3 -4 -6 -5
right_child=1 7 8 10 9 -7 -8 -9 -10 -11 -12
leaf_value=0.020594888403747371 0.022985323604457941 -0.005368161888179619 -0.012973899696085181 0.0044748789684464722 0.01146887920015676 -0.015223267363933661 -0.0076572405962837351 0.027746333171898147 -0.038282113508537524 0.041243015051878593 -0.017266432225056205
leaf_weight=10.469319835305216 10.469579234719275 7.4755551218986493 21.651152521371841 7.9663640856742886 11.713661417365076 11.953901544213293 24.123334258794785 7.9813251942396164 19.35143207013607 12.717099294066427 9.7057380825281125
leaf_count=42 42 30 87 32 47 48 97 32 78 51 39
internal_value=-0.000922982 -0.00888276 -0.0135657 0.0100129 0.0168592 0.00120296 0.00195624 0.0120914 -0.026492 0.029483 -0.00724468
internal_weight=155.578 91.0524 75.5955 64.5261 46.854 22.4232 34.5929 15.4569 41.0026 24.4308 17.6721
internal_count=625 366 304 259 188 90 139 62 165 98 71
is_linear=0
shrinkage=0.03


Tree=4
num_leaves=11
num_cat=0
split_feature=19 28 10 21 4 40 8 33 36 35
split_gain=14.6113 10.4529 10.6909 9.7801 9.22678 9.14282 7.88311 6.52524 5.33408 2.65258
threshold=0.090774441218196444 4.5000000000000009 0.025176214479062712 0.019262735747997351 -0.023340653287339416 0.022014964663940265 -0.024161845701893548 0.76242001828153572 0.0080213846019836638 0.029204588446373528
decision_type=2 2 2 2 2 2 2 2 2 2
left_child=3 2 6 7 9 -6 -2 8 -1 -3
right_child=1 4 -4 -5 5 -7 -8 -9 -10 -11
leaf_value=0.01494325650569704 0.0074076087995432801 0.010535989344848166 0.024537391585232736 0.035872825915968992 -0.0040054965834210232 -0.035721432037963942 -0.0263525314315682 -0.012933618164655398 -0.0097512451731368108 -0.0093531733266509418
leaf_weight=35.144999444484711 11.203408032655714 9.7117682099342364 12.457119345664976 8.9837301224470121 14.69093409180641 23.044785708189011 9.432947590947153 12.689422547817228 7.7235495299100867 10.428058311343191
leaf_count=141 45 39 50 36 59 93 38 51 31 42
internal_value=-0.000881201 -0.00863814 0.00431016 0.0097575 -0.0161892 -0.0245746 -0.00832649 0.00417428 0.00992344 0
internal_weight=155.511 90.969 33.0935 64.5417 57.8755 37.7357 20.6364 55.558 42.8685 20.1398
internal_count=625 366 133 259 233 152 83 223 172 81
is_linear=0
shrinkage=0.03


Tree=5
num_leaves=10
num_cat=0
split_feature=37 34 35 19 15 15 5 15 20
split_gain=10.1389 8.24358 7.04574 6.45817 10.5534 6.56961 4.60919 8.71826 3.72601
threshold=0.044491306531527448 0.016536368096459756 -0.019552645938641363 0.089918339927014285 -19.642299381251846 -73.207482385821464 -0.046953370989723846 -46.730939049760174 0.023995132422037907
decision_type=2 2 2 2 2 2 2 2 2
left_child=2 -2 6 4 -4 -5 -1 -8 -3
right_child=1 8 3 5 -6 -7 7 -9 -10
leaf_value=0.030110866058484859 -0.027564715205716652 0.011490738510207484 0.028471921643662027 -0.025577567959808478 -0.0013980377616577707 -0.00051924632689866581 -0.014181442366452411 0.023013152578517646 -0.013457378543676389
leaf_weight=11.469932407140734 16.828765019774437 10.454625159502031 13.463618844747542 11.164478480815886 30.910315781831741 38.027363076806068 8.7203087508678472 9.7178939133882487 7.4367213845252982
leaf_count=46 68 42 54 45 124 153 35 39 30
internal_value=7.55772e-05 -0.0136952 0.00422396 0 0.0081785 -0.00727654 0.0163979 0.00502178 5.62712e-05
internal_weight=158.194 34.7201 123.474 93.5658 44.3739 49.1918 29.9081 18.4382 17.8913
internal_count=636 140 496 376 178 198 120 74 72
is_linear=0
shrinkage=0.03


Tree=6
num_leaves=11
num_cat=0
split_feature=37 34 38 38 11 9 1 40 14 13
split_gain=9.61576 7.83063 7.57467 16.7545 6.51505 5.39353 5.25319 3.94287 1.11727 0.181569
threshold=0.044491306531527448 0.016536368096459756 0.011337888718538554 0.010305555402978782 -0.01762030666143782 -0.016253762799366873 0.0083408953418028248 -0.018748207077652897 33.340752366181739 -0.87253517250785595
decision_type=2 2 2 2 2 2 2 2 2 2
left_child=2 9 3 4 -1 7 -3 -4 -5 -2
right_child=1 6 5 8 -6 -7 -8 -9 -10 -11
leaf_value=-0.011894214281318993 -0.013314711773012069 0.014718769572698402 0.036622488928339282 -0.036018367641374283 0.0097090334328476021 0 -0.014672120885814812 0.00510904878500309 -0.011320584399458765 -0.033840996579013793
leaf_weight=13.160003855824469 8.3855111598968524 9.4552586078643817 10.737754076719286 7.4433766752481452 64.258388593792915 11.954572841525076 8.4342477321624738 7.7227491140365627 8.1990454792976362 8.3966182470321638
leaf_count=53 34 38 43 30 258 48 34 31 33 34
internal_value=6.84905e-05 -0.0133508 0.00410888 -8.00076e-05 0.00564087 0.0166025 2.58814e-05 0.0259604 -0.026674 -0.0268932
internal_weight=158.148 34.6716 123.476 93.0608 77.4184 30.4151 17.8895 18.4605 15.6424 16.7821
internal_count=636 140 496 374 311 122 72 74 63 68
is_linear=0
shrinkage=0.03


Tree=7
num_leaves=9
num_cat=0
split_feature=37 34 20 19 6 15 17 0
split_gain=9.1458 7.48964 5.70834 6.29104 6.73128 6.04152 4.15078 2.4738
threshold=0.044491306531527448 0.016536368096459756 0.033488005736221911 0.089918339927014285 0.0059630996342806318 80.321582056202203 0.76754233577351993 -0.0028857707251771498
decision_type=2 2 2 2 2 2 2 2
left_child=2 7 3 4 -1 -5 -3 -2
right_child=1 6 -4 5 -6 -7 -8 -9
leaf_value=0.016440525638677362 -0.0081879482443389089 0.013420524812648835 0.020510432008746689 -0.014303377602668605 -0.0043138620979454858 0.0048633543966639225 -0.012680246479826875 -0.036618254274153918
leaf_weight=33.937901586294174 7.8879013359546688 9.2094594091177004 14.477712944149969 30.23676486313343 20.422723233699799 24.398923248052597 8.6771368682384473 8.8496340662240964
leaf_count=136 32 37 58 122 82 98 35 36
internal_value=3.847e-05 -0.0130572 0.00397984 0.00131898 0.00850078 -0.00560967 2.41876e-06 -0.0263245
internal_weight=158.098 34.6241 123.474 108.996 54.3606 54.6357 17.8866 16.7375
internal_count=636 140 496 438 218 220 72 68
is_linear=0
shrinkage=0.03


Tree=8
num_leaves=10
num_cat=0
split_feature=37 31 38 38 23 18 9 40 14
split_gain=8.71542 7.68768 7.11978 15.8387 8.48514 6.50882 6.43342 1.05502 1.02452
threshold=0.044491306531527448 -1.4999999999999998 0.011337888718538554 0.010305555402978782 1.0359969621489078 0.57822840674196663 0.073584365892728307 -0.018748207077652897 33.340752366181739
decision_type=2 2 2 2 2 2 2 2 2
left_child=2 -2 3 4 -1 7 -3 -4 -5
right_child=1 6 5 8 -6 -7 -8 -9 -10
leaf_value=-0.0016637331390439792 0.0097693918894150421 -0.033143199845688295 0.032436779620100623 -0.035158318178591122 0.018477459195421556 -0.000823981759801734 -0.0024374116547158354 0.0096831106345977129 -0.011093164558068093
leaf_weight=50.787329986691475 8.1827852427959424 14.035949453711511 11.491804331541063 7.4135545194149008 26.646527603268623 11.454844176769255 12.351355880498884 7.4746831357479122 8.1911192238330823
leaf_count=204 33 57 46 30 107 46 50 30 33
internal_value=2.36195e-05 -0.0127695 0.00387186 -0.000184404 0.00536913 0.015986 -0.0204832 0.0259641 -0.0260736
internal_weight=158.03 34.5701 123.46 93.0385 77.4339 30.4213 26.3873 18.9665 15.6047
internal_count=636 140 496 374 311 122 107 76 63
is_linear=0
shrinkage=0.03


Tree=9
num_leaves=6
num_cat=0
split_feature=15 16 13 21 27
split_gain=7.19829 7.35537 7.11786 5.82398 4.9346
threshold=300.06402325815731 79.302315258998405 5.4027828457101217 0.023815908067527296 1.5000000000000002
decision_type=2 2 2 2 2
left_child=1 2 3 -1 -4
right_child=-2 -3 4 -5 -6
leaf_value=0.0042866878469485859 -0.02399256536150365 -0.019623486735445287 0.004353656556768005 0.024548803838901238 -0.01910134381506727
leaf_weight=96.713081732392311 8.4378540068864805 11.058023154735563 11.931613057851793 13.699438214302061 16.119384855031967
leaf_count=389 34 45 48 55 65
internal_value=8.93112e-06 0.0017612 0.00383091 0.00732618 -0.00899974
internal_weight=157.959 149.522 138.464 110.413 28.051
internal_count=636 602 557 444 113
is_linear=0
shrinkage=0.03


Tree=10
num_leaves=10
num_cat=0
split_feature=19 21 28 8 35 4 22 11 4
split_gain=12.3093 10.7742 8.64286 6.84745 6.77013 6.28817 5.76683 4.14463 4.6618
threshold=0.089918339927014285 0.019262735747997351 4.5000000000000009 0.016241477835595049 -0.015640751806109018 -0.027864302086639033 -0.062769437333368691 0.051240008244314079 -0.027451346523092387
decision_type=2 2 2 2 2 2 2 2 2
left_child=1 5 3 4 -2 -1 -7 8 -4
right_child=2 -3 7 -5 -6 6 -8 -9 -10
leaf_value=0.022624831280897824 0.012759991215922228 0.036075883017794692 -0.0060063417623632404 0.0182249466041094 -0.018659623922781757 0.010806732093608502 -0.010242604767154427 -0.0005337522380919837 -0.028686993277463775
leaf_weight=9.2358660846948606 7.4719247519969949 8.4900128543376905 16.327409192919731 13.204896017909048 14.80997022986412 16.451144799590107 29.110848084092144 13.674396917223929 24.911604806780815
leaf_count=37 30 34 66 53 60 66 117 55 101
internal_value=-0.00178415 0.00809318 -0.00888697 0.00224886 -0.00732258 0.00237597 -0.00219208 -0.016173 -0.0207473
internal_weight=153.688 63.2879 90.4002 35.4868 22.2819 54.7979 45.562 54.9134 41.239
internal_count=619 254 365 143 90 220 183 222 167
is_linear=0
shrinkage=0.03


Tree=11
num_leaves=12
num_cat=0
split_feature=19 21 28 36 23 36 7 14 17 23 23
split_gain=11.7065 10.2437 8.22189 8.71941 7.71996 7.9907 7.0938 10.8709 6.81899 6.24663 1.85108
threshold=0.089918339927014285 0.019262735747997351 4.5000000000000009 0.0048146880519967508 0.88810217946907699 0.0063726376729655249 0.0088103505643095537 97.291131893677644 3.5335101693713153 0.96917944451772942 1.1460753138195272
decision_type=2 2 2 2 2 2 2 2 2 2 2
left_child=1 4 3 -2 5 -1 7 -4 -6 -5 -8
right_child=2 -3 6 9 8 -7 10 -9 -10 -11 -12
leaf_value=0.0049756688804256698 -0.018947776431102733 0.035202272201868987 -0.019071265566164956 0.02519722501933027 0.02109539467088788 -0.028221352481691345 -0.037009682305543731 0.013322623031499161 -0.0054287129988654041 -0.0021706501241209406 -0.010684905720041804
leaf_weight=11.968023002147676 9.871504217386244 8.4893175959587079 21.510413080453873 12.677414163947107 21.19145955145359 9.9471045285463315 12.303473666310312 13.165763899683951 11.683194905519484 12.921889543533323 7.8457822501659384
leaf_count=48 40 34 87 51 85 40 50 53 47 52 32
internal_value=-0.00171529 0.00791272 -0.00865033 0.00220175 0.00232943 -0.010565 -0.0157657 -0.00630724 0.0114682 0.0116829 -0.0293269
internal_weight=153.575 63.2791 90.2962 35.4708 54.7898 21.9151 54.8254 34.6762 32.8747 25.5993 20.1493
internal_count=619 254 365 143 220 88 222 140 132 103 82
is_linear=0
shrinkage=0.03


Tree=12
num_leaves=10
num_cat=0
split_feature=38 33 38 23 4 40 9 19 17
split_gain=11.2284 10.3594 9.32341 10.7957 8.11465 7.82141 6.32007 3.32729 1.3726
threshold=0.011337888718538554 0.75800492610837444 0.010479745936924247 1.1940311335591611 -0.041962011150737881 0.04808210368420008 0.024804363206029616 0.098252797762717045 0.92344292953466234
decision_type=2 2 2 2 2 2 2 2 2
left_child=2 4 3 6 -2 -5 -1 -4 -6
right_child=1 -3 7 5 8 -7 -8 -9 -10
leaf_value=-0.017027587697098112 -0.00098619801487711254 -0.010646659536097605 -0.0059783125697576277 0.029167323406438711 0.04269288794350843 -0.005969717534811291 -2.2334996556770485e-05 -0.036511358996309216 0.014406724539077702
leaf_weight=33.178879395127296 7.7072781026363399 9.9317777603864652 7.6889142394065884 12.668522357940676 9.2262359410524386 7.3828191608190528 48.69261734187603 9.2800744622945768 7.699883595108985
leaf_count=134 31 40 31 51 37 30 196 38 31
internal_value=-0.00167681 0.0127831 -0.00614673 -0.0023413 0.0228829 0.0161817 -0.00733436 -0.0255561 0.0334999
internal_weight=153.457 34.5652 118.892 101.923 24.6334 20.0513 81.8715 16.969 16.9261
internal_count=619 139 480 411 99 81 330 69 68
is_linear=0
shrinkage=0.03


Tree=13
num_leaves=12
num_cat=0
split_feature=19 17 28 36 38 7 38 19 23 19 40
split_gain=10.8405 8.45541 7.71144 8.22271 7.26953 6.8524 8.24027 6.56851 5.90663 4.99572 2.44986
threshold=0.089918339927014285 -1.838028401235517 4.5000000000000009 0.0048146880519967508 0.0093559764134423674 0.0088103505643095537 0.0079669356663604526 0.074941601484047285 0.96917944451772942 0.052068101250910458 0.035913360362268561
decision_type=2 2 2 2 2 2 2 2 2 2 2
left_child=1 4 3 -2 -1 6 -4 9 -5 -3 -7
right_child=2 7 5 8 -6 10 -8 -9 -10 -11 -12
leaf_value=0.0014665858598473538 -0.018382073809538903 0.010077782416655657 0.013937261745489581 0.02451326499323957 0.03645682939663334 -0.010594723085585482 -0.015504535101358748 0.016694072640527042 -0.0020723726734336312 -0.015355801500690831 -0.038000699461142554
leaf_weight=10.700963109731676 9.8424771875143033 7.4647403657436397 10.437445595860479 12.691793605685236 11.481104567646979 8.9086717963218707 24.175106883049011 11.705746561288832 12.917139574885367 21.878168925642967 11.152523189783095
leaf_count=43 40 30 42 51 46 36 98 47 52 88 46
internal_value=-0.00163304 0.00762869 -0.00831833 0.00217724 0.0217147 -0.0152252 -0.00594028 -0.000289907 0.0113815 -0.0081768 -0.0285741
internal_weight=153.356 63.2307 90.1252 35.4514 22.1821 54.6737 34.6126 41.0487 25.6089 29.3429 20.0612
internal_count=619 254 365 143 89 222 140 165 103 118 82
is_linear=0
shrinkage=0.03


Tree=14
num_leaves=10
num_cat=0
split_feature=38 33 38 23 4 36 36 3 7
split_gain=10.4863 9.71974 8.8643 10.2626 7.51721 7.28115 6.42507 1.26894 0.249032
threshold=0.011337888718538554 0.75800492610837444 0.010479745936924247 1.2013834343229548 -0.041962011150737881 0.0082830220519992514 0.0066637042847446154 -0.011070563401654019 0.0029421521003415402
decision_type=2 2 2 2 2 2 2 2 2
left_child=2 4 3 5 -2 -1 -5 -4 -6
right_child=1 -3 7 6 8 -7 -8 -9 -10
leaf_value=-0.0027486932327713469 -0.00076640972747622229 -0.010295560142882959 -0.0086326003321314237 0 0.03944301063327757 -0.027206230104298589 0.033240343908048565 -0.03244042833634167 0.015418603376094721
leaf_weight=71.692408934235573 7.7040826827287701 9.9160141199827176 7.3465811610221889 10.157636597752573 9.4610228985548037 11.545371726155279 8.4008312225341779 9.5322961807250959 7.4571459144353858
leaf_count=289 31 40 30 41 38 47 34 39 30
internal_value=-0.00158178 0.0123912 -0.00591065 -0.00220114 0.0221783 -0.00687578 0.016665 -0.0248848 0.032396
internal_weight=153.213 34.5383 118.675 101.796 24.6223 83.2378 18.5585 16.8789 16.9182
internal_count=619 139 480 411 99 336 75 69 68
is_linear=0
shrinkage=0.03


Tree=15
num_leaves=10
num_cat=0
split_feature=38 11 11 3 18 16 38 37 18
split_gain=12.3968 10.5852 10.2101 14.2366 7.58857 10.647 7.21333 7.85046 7.06216
threshold=0.011337888718538554 0.050705376654779484 0.074549995878415279 0.016624596690446584 0.20930815723070514 -39.362489157618967 0.013978998260739355 0.0099510965333866625 0.73804826477853336
decision_type=2 2 2 2 2 2 2 2 2
left_child=1 4 3 -3 5 -1 7 -2 -6
right_child=6 2 -4 -5 8 -7 -8 -9 -10
leaf_value=-0.019507946884791523 0.037542704234765932 0.036699249757064643 -0.011260000618404551 -0.0035686135643148149 -0.02365488397299547 0.021181808116022837 -0.0024727223548906469 0.0012717996153210525 -0.0014436013869607782
leaf_weight=7.6142234504222897 13.939241766929628 14.459553599357607 14.640792638063429 13.404067650437353 37.160443887114525 12.181193977594374 11.66507603228092 9.6569560319185239 21.848625987768173
leaf_count=31 56 58 59 54 151 49 47 39 89
internal_value=0.000304031 -0.00418646 0.00745335 0.017884 -0.0106793 0.00448854 0.0155507 0.0245438 -0.0159937
internal_weight=156.57 121.309 42.5044 27.8636 78.8045 19.7954 35.2613 23.5962 59.0091
internal_count=633 491 171 112 320 80 142 95 240
is_linear=0
shrinkage=0.03


Tree=16
num_leaves=11
num_cat=0
split_feature=38 21 27 15 14 15 40 7 33 12
split_gain=11.7527 10.4573 8.25355 7.43347 8.57898 6.25015 6.1936 5.175 3.55854 3.31913
threshold=0.011337888718538554 0.013216184298981635 2.5000000000000004 -72.503625792317791 148.07951805384803 68.815662120555388 0.036487423975303586 -0.012675920117356503 0.76242001828153572 43.172117072066129
decision_type=2 2 2 2 2 2 2 2 2 2
left_child=2 -2 3 -1 -5 9 -7 -3 -9 -4
right_child=1 7 5 4 -6 6 -8 8 -10 -11
leaf_value=-0.021350000596655684 0.042210476423101793 -0.012512210261814722 -0.0067849421811304357 0.012731166226716212 -0.0095542047839914952 0.012015683665515139 -0.015957030333860481 0.022257717617402844 -0.0014199825896922549 -0.034450105088527076
leaf_weight=8.529237747192381 7.7107688039541236 8.1871050298213977 9.1399903595447558 46.367898911237717 20.452134042978287 11.445979595184328 12.799077168107031 11.935620889067652 7.4124546498060218 12.458015650510786
leaf_count=35 31 33 37 187 83 46 52 48 30 51
internal_value=0.000299547 0.0151491 -0.00407317 0.0018936 0.00561272 -0.0138631 -0.0022704 0.00471798 0.0132007 -0.0249455
internal_weight=156.438 35.2459 121.192 75.3493 66.82 45.8431 24.2451 27.5352 19.3481 21.598
internal_count=633 142 491 305 270 186 98 111 78 88
is_linear=0
shrinkage=0.03


Tree=17
num_leaves=11
num_cat=0
split_feature=38 11 11 3 18 16 33 38 3 13
split_gain=11.1927 9.91022 9.57304 15.4611 7.08521 10.1218 9.51103 6.70792 6.59364 3.84249
threshold=0.011337888718538554 0.050705376654779484 0.072182827166665145 0.016624596690446584 0.20930815723070514 -39.362489157618967 0.69580266100377863 0.013978998260739355 -0.0044318332297951782 -1.0149805458076917
decision_type=2 2 2 2 2 2 2 2 2 2
left_child=1 4 3 -3 5 -1 -6 8 -2 -4
right_child=7 2 9 -5 6 -7 -8 -9 -10 -11
leaf_value=-0.019064603374819696 0.00033711816015083885 0.038076982422605689 0.0037704553702220134 -0.0045294836658255231 -0.025033724090923151 0.020625455555898335 -0.00011845618270923958 -0.0025520760809280302 0.034420708185161637 -0.02241004790653927
leaf_weight=7.5927506387233761 8.6802604794502258 13.718773558735849 7.4628109633922568 13.145856395363806 34.79646123945713 12.186217337846754 24.04129384458065 11.662037417292593 14.88429519534111 8.1544705778360349
leaf_count=31 35 55 30 53 142 49 98 47 60 33
internal_value=0.000274238 -0.00399261 0.00726222 0.0178392 -0.0102897 0.00434893 -0.0154384 0.0147718 0.023461 -0.0100403
internal_weight=156.325 121.099 42.4819 26.8646 78.6167 19.779 58.8378 35.2266 23.5646 15.6173
internal_count=633 491 171 108 320 80 240 142 95 63
is_linear=0
shrinkage=0.03


Tree=18
num_leaves=9
num_cat=0
split_feature=15 40 17 9 16 18 23 27
split_gain=8.32775 6.08061 8.51763 6.84833 11.5071 9.11463 4.38292 3.44557
threshold=308.96044652775066 0.035913360362268561 2.7285727133748314 0.0097657970552364592 -42.303594056976124 0.56249125433633995 0.78847440207659092 1.5000000000000002
decision_type=2 2 2 2 2 2 2 2
left_child=1 3 6 4 -1 -5 -3 -4
right_child=-2 2 7 5 -6 -7 -8 -9
leaf_value=-0.026789030560620014 -0.026642777077932025 -0.012476164693655496 -0.0019524843982225801 0.03380222618556928 0.006297278321483241 0.0045859817181382531 0.011226174738097573 -0.027702449740814646
leaf_weight=10.050477191805838 7.6483217924833289 7.5730368494987514 9.0435182303190249 13.691616162657736 41.598429501056671 30.787433817982674 22.147008419036865 13.628588065505026
leaf_count=41 31 31 37 55 168 124 90 56
internal_value=0.000269195 0.00209033 -0.00584402 0.00659858 -0.000620127 0.0149696 0.0043078 -0.0190301
internal_weight=156.168 148.52 52.3922 96.128 51.6489 44.479 29.72 22.6721
internal_count=633 602 214 388 209 179 121 93
is_linear=0
shrinkage=0.03


Tree=19
num_leaves=10
num_cat=0
split_feature=19 26 26 37 11 11 23 12 20
split_gain=10.8767 7.44524 6.13426 5.06683 4.84866 5.38528 6.01304 3.7669 2.54588
threshold=0.089918339927014285 0.032002048131080395 0.15868005738880922 0.018586599097880966 -0.038330836709644538 0.042657080844427216 1.1783774566298668 54.02325829510297 0.022754130378404739
decision_type=2 2 2 2 2 2 2 2 2
left_child=4 -2 8 -4 -1 6 -6 -7 -3
right_child=1 2 3 -5 5 7 -8 -9 -10
leaf_value=0.02958897999890046 0.016675372717088705 -0.0032003496553854476 0.0061867531819620632 -0.010764003534216367 -0.0063294172643364056 0.032202606515305612 0.020710941374709753 0.0018795188236942508 -0.027751274073479233
leaf_weight=7.9370246827602378 9.1607898473739606 7.3830738514661816 25.029443472623825 34.831998705863953 31.975846216082573 7.7112078070640555 7.4443483501672736 8.2070238441228849 16.390545457601547
leaf_count=32 37 30 101 143 129 31 30 33 67
internal_value=0.000240245 -0.00615549 -0.00916243 -0.00346315 0.00975085 0.00571108 -0.000107338 0.0193608 -0.0215488
internal_weight=156.071 92.7959 83.6351 59.8614 63.2755 55.3384 39.4202 15.9182 23.7736
internal_count=633 378 341 244 255 223 159 64 97
is_linear=0
shrinkage=0.03


Tree=20
num_leaves=8
num_cat=0
split_feature=15 23 14 21 12 11 37
split_gain=13.689 8.05892 7.91919 6.92013 5.36593 7.18051 3.88545
threshold=308.96044652775066 1.1460753138195272 -59.895666325088762 0.012315587387810989 41.126758896905052 0.020868322704711732 -0.006383236509473921
decision_type=2 2 2 2 2 2 2
left_child=1 2 6 -4 -3 -6 -1
right_child=-2 4 3 -5 5 -7 -8
leaf_value=0.00093109356702542165 -0.028921523853474129 0.030605452775604901 0.018158411773376147 -0.00046207987259485055 -0.0060145127639629143 0.023099203103210501 -0.02221524274352318
leaf_weight=8.1632734984159487 9.8491581082344037 12.905733644962309 22.306478515267372 62.955321133136749 15.493179932236673 11.11156380176544 15.863248348236082
leaf_count=33 40 52 90 255 63 45 65
internal_value=0.00199277 0.00449493 8.06829e-05 0.00454211 0.0157515 0.00638543 -0.0143075
internal_weight=158.648 148.799 109.288 85.2618 39.5105 26.6047 24.0265
internal_count=643 603 443 345 160 108 98
is_linear=0
shrinkage=0.03


Tree=21
num_leaves=7
num_cat=0
split_feature=15 14 20 37 18 38
split_gain=13.0409 7.35376 11.1754 8.48088 8.14902 8.36316
threshold=308.96044652775066 -59.895666325088762 0.033606030689111811 -0.006383236509473921 0.16338501214064419 0.011337888718538554
decision_type=2 2 2 2 2 2
left_child=1 2 3 -1 -3 -6
right_child=-2 4 -4 -5 5 -7
leaf_value=0.0062395732036883457 -0.028276026266445563 0.032301007927740863 0.019640214947439543 -0.02662175891973613 0.00069700493322874145 0.021896170280230474
leaf_weight=8.6548385024070758 9.817905589938162 9.6761895120143873 8.4595570862293226 19.236873596906662 83.189555794000626 19.558059334754944
leaf_count=35 40 39 34 79 337 79
internal_value=0.00193628 0.00437815 -0.00686948 -0.0161878 0.00820257 0.00521651
internal_weight=158.593 148.775 36.3513 27.8917 112.424 102.748
internal_count=643 603 148 114 455 416
is_linear=0
shrinkage=0.03


Tree=22
num_leaves=11
num_cat=0
split_feature=38 18 11 5 5 37 40 12 34 38
split_gain=8.26202 8.85195 10.693 11.4456 9.44773 7.57179 4.74186 5.6452 3.17935 1.59124
threshold=0.011337888718538554 0.20930815723070514 0.022193796467193664 0.053479225332796927 0.07287114590497891 0.038688213704766279 0.021619436998289724 35.488577037580363 0.021222555799800483 0.013724200009663528
decision_type=2 2 2 2 2 2 2 2 2 2
left_child=1 6 3 -3 -4 8 7 -1 9 -2
right_child=5 2 4 -5 -6 -7 -8 -9 -10 -11
leaf_value=-0.012456842248637157 0.034165844150542586 -0.026485166986744798 0.012770032979238956 0.01005175141259218 -0.010493927290420129 -0.007821578351824468 0.029378365695483685 0.019241907656096027 0.0018983249433246368 0.0097866057981117575
leaf_weight=8.6006362438201958 12.609162300825124 29.763367384672165 31.7420544475317 8.3216561526060087 27.078168958425522 8.8513192087411863 8.4044895470142347 7.4630708098411551 7.6917004585266104 7.9566894620656958
leaf_count=35 51 122 128 34 110 36 34 30 31 32
internal_value=0.00189454 -0.00183233 -0.0060337 -0.0180244 0.00182082 0.013938 0.0134389 0.00193964 0.0213162 0.0271019
internal_weight=158.482 121.373 96.9052 38.085 58.8202 37.1089 24.4682 16.0637 28.2576 20.5659
internal_count=643 493 394 156 238 150 99 65 114 83
is_linear=0
shrinkage=0.03


Tree=23
num_leaves=8
num_cat=0
split_feature=15 23 34 14 21 21 40
split_gain=12.2783 7.39202 7.40872 6.98968 6.45556 3.49428 3.17762
threshold=308.96044652775066 1.1460753138195272 0.019168293790070016 -59.895666325088762 0.012315587387810989 0.022189009630174596 -0.013632519460890056
decision_type=2 2 2 2 2 2 2
left_child=1 3 5 6 -5 -3 -1
right_child=-2 2 -4 4 -6 -7 -8
leaf_value=0.00067045226779990799 -0.027499323500822251 0.026974557057513553 -0.00779862753896381 0.017364990565695033 -0.00062560754929614766 0.0015061240387590753 -0.020440106883605896
leaf_weight=7.6719381809234646 9.7747951447963697 23.470227092504505 8.1214491575956327 22.278433367609978 62.905356466770172 7.8835316598415366 16.214142218232155
leaf_count=31 40 95 33 90 255 32 67
internal_value=0.00186737 0.0042391 0.015021 1.57599e-06 0.00419791 0.0214948 -0.0135522
internal_weight=158.32 148.545 39.4752 109.07 85.1838 31.3538 23.8861
internal_count=643 603 160 443 345 127 98
is_linear=0
shrinkage=0.03


Tree=24
num_leaves=8
num_cat=0
split_feature=15 23 34 11 2 2 34
split_gain=11.6963 6.9842 7.03609 6.17306 6.51922 6.42193 2.60833
threshold=308.96044652775066 1.1460753138195272 0.019718308640954921 0.053342400486660176 0.012414833553213158 -0.020078399998214532 -0.012685669110371887
decision_type=2 2 2 2 2 2 2
left_child=1 3 6 5 -5 -1 -3
right_child=-2 2 -4 4 -6 -7 -8
leaf_value=-0.020159597011278611 -0.026902038685523204 0.034290712326445885 -0.0083360223945563149 0.02268702044243175 -0.0058679334627605101 5.7818585062076654e-05 0.012253727246285083
leaf_weight=15.428519099950789 9.7370373755693418 9.1805330216884631 7.6221129447221747 16.898348793387417 9.3973861336708051 67.300352662801743 22.675661891698837
leaf_count=63 40 37 31 68 38 274 92
internal_value=0.00180554 0.00411999 0.0145991 0 0.0122587 -0.00392245 0.0206981
internal_weight=158.24 148.503 39.4783 109.025 26.2957 82.7289 31.8562
internal_count=643 603 160 443 106 337 129
is_linear=0
shrinkage=0.03


Tree=25
num_leaves=10
num_cat=0
split_feature=38 38 23 11 17 0 24 37 36
split_gain=11.5441 9.01627 12.1629 7.983 7.06157 4.31702 4.31452 4.23466 0.600336
threshold=0.011337888718538554 0.010387935188656874 1.1940311335591611 0.043346101467613314 6.0341720360611086 -0.0014179225409171601 0.065453896914571083 -0.0071811721970096434 0.0075528760355793477
decision_type=2 2 2 2 2 2 2 2 2
left_child=1 2 3 -1 -4 -3 8 -8 -2
right_child=6 5 4 -5 -6 -7 7 -9 -10
leaf_value=-0.014150963502837129 0.032782871678629748 -0.0043316672278315279 0.032326049378825578 0.0038415217841311069 -0.00057027314201391001 -0.036520691560877575 0.017294421766124186 -0.008577645294506081 0.01105809937247937
leaf_weight=42.187489494681358 9.1501946896314639 8.9560841023921984 12.349923536181452 41.333801001310349 8.3527326285839063 7.9519479572772971 8.9055930972099322 9.3586155176162702 7.6725731045007697
leaf_count=172 37 37 50 167 34 33 36 38 31
internal_value=0.000865294 -0.00346592 0 -0.00518968 0.0195119 -0.0225254 0.0156031 0.00375913 0.0258993
internal_weight=156.219 121.132 104.224 83.5213 20.7027 16.908 35.087 18.2642 16.8228
internal_count=635 493 423 339 84 70 142 74 68
is_linear=0
shrinkage=0.03


Tree=26
num_leaves=11
num_cat=0
split_feature=38 28 18 9 0 9 20 2 3 18
split_gain=11.0037 8.78822 9.54644 8.79344 7.43792 6.07807 5.54752 5.17738 4.90781 3.63586
threshold=0.011337888718538554 6.5000000000000009 0.26334589586308271 -0.0018093358551747251 -0.0082785634905893617 0.10128823360138448 0.01627141448894703 0.022522931284082007 -0.0098535600242712889 0.23266100944604398
decision_type=2 2 2 2 2 2 2 2 2 2
left_child=1 3 4 9 -3 -5 -4 8 -2 -1
right_child=7 2 6 5 -6 -7 -8 -9 -10 -11
leaf_value=0.0016827278356535442 0.0050502047803976588 -0.010845273890113858 0.0023433860331374882 0.021391619714669654 0.024843337782537934 -0.0012291271672343227 -0.022111576014508024 -0.0026989188751933547 0.033041924119527076 -0.023638942479434311
leaf_weight=7.3764716386795071 12.349973008036613 8.0609824955463427 8.6579806357622129 24.480887234210968 8.6240493953227979 15.584817528724669 39.547667428851128 8.9078049361705762 13.794886559247971 8.6758669167757017
leaf_count=30 50 33 35 99 35 63 162 36 56 36
internal_value=0.000849705 -0.00337878 -0.0108219 0.00504606 0.00748314 0.0125959 -0.0175022 0.0152465 0.021651 -0.0122748
internal_weight=156.061 121.009 64.8907 56.118 16.685 40.0657 48.2056 35.0527 26.1449 16.0523
internal_count=635 493 265 228 68 162 197 142 106 66
is_linear=0
shrinkage=0.03


Tree=27
num_leaves=9
num_cat=0
split_feature=38 38 18 9 21 19 0 37
split_gain=10.4322 8.38508 6.13085 11.269 5.98783 5.35726 4.1934 2.31629
threshold=0.011337888718538554 0.010387935188656874 0.2177311919099861 0.027658769631297941 0.013661642837070538 0.12758669169571321 -0.0014179225409171601 0.017944696263563768
decision_type=2 2 2 2 2 2 2 2
left_child=1 2 4 -4 -1 7 -3 -2
right_child=5 6 3 -5 -6 -7 -8 -9
leaf_value=-0.0033123900775931 0.028957625581108908 -0.003874371603598476 -0.018613142330096845 0.0039739327297398791 0.026970874800443929 -0.00067843771994163522 -0.035544504670416283 0.0047963102081165464
leaf_weight=8.3981769531965274 15.713188692927362 8.9316584318876284 27.723028257489204 56.589649364352226 11.351245090365408 11.621200650930403 7.8777661323547354 7.6798459738492957
leaf_count=34 64 37 114 229 46 47 33 31
internal_value=0.000835471 -0.00328155 0 -0.00353839 0.0142832 0.0148623 -0.0217154 0.0226188
internal_weight=155.886 120.872 104.062 84.3127 19.7494 35.0142 16.8094 23.393
internal_count=635 493 423 343 80 142 70 95
is_linear=0
shrinkage=0.03


Tree=28
num_leaves=11
num_cat=0
split_feature=38 28 18 9 14 32 20 2 3 18
split_gain=9.91086 8.08573 8.77222 8.13616 7.13279 6.66235 5.29392 4.90371 4.65313 3.3276
threshold=0.011337888718538554 6.5000000000000009 0.26334589586308271 -0.0018093358551747251 144.29370556995994 -0.004820684466116997 0.01627141448894703 0.022522931284082007 -0.015957464868113221 0.23266100944604398
decision_type=2 2 2 2 2 2 2 2 2 2
left_child=1 3 5 9 -5 -3 -4 8 -2 -1
right_child=7 2 6 4 -6 -7 -8 -9 -10 -11
leaf_value=0.0014615033957190665 0.0014416807531661654 -0.010192047197262405 0.0025368925314836759 0.023911968936043793 -9.2212469883511811e-05 0.02356091879172615 -0.021315813601431685 -0.0029034327194216521 0.029493170538019881 -0.022739330075368241
leaf_weight=7.3807015717029563 9.3828539103269595 8.0287954360246676 8.6478788405656797 20.049240544438362 20.018142342567444 8.6481348276138288 39.368259206414223 8.9036098271608335 16.677826419472694 8.6089964509010297
leaf_count=30 38 33 35 81 81 35 162 36 68 36
internal_value=0.000806394 -0.00320522 -0.0103627 0.00486898 0.0121284 0.00715674 -0.0167903 0.0144902 0.0207507 -0.0118141
internal_weight=155.714 120.75 64.6931 56.0571 40.0674 16.6769 48.0161 34.9643 26.0607 15.9897
internal_count=635 493 265 228 162 68 197 142 106 66
is_linear=0
shrinkage=0.03


Tree=29
num_leaves=10
num_cat=0
split_feature=38 38 18 9 19 0 20 7 20
split_gain=9.38665 7.78198 5.60792 10.3944 5.08345 4.06794 3.79674 2.22954 2.22706
threshold=0.011337888718538554 0.010387935188656874 0.2177311919099861 0.027658769631297941 0.097588912725813534 -0.0014179225409171601 0.033208230477252222 0.0060577902615299691 0.021328864467278635
decision_type=2 2 2 2 2 2 2 2 2
left_child=1 2 8 -4 7 -3 -6 -2 -1
right_child=4 5 3 -5 6 -7 -8 -9 -10
leaf_value=0.0016662530204218531 0.033247580180719868 -0.0034422608564473435 -0.017871444438673029 0.0038535618358586528 -0.011861221372912924 -0.034599027362889549 0.014341162767126653 0.0079843082696679571 0.023072243937824182
leaf_weight=10.373377591371538 9.9694203138351458 8.9068350940942782 27.583881318569183 56.55527152121067 8.1029983311891538 7.7924010753631583 7.7086893171071997 9.1344202756881696 9.372339263558386
leaf_count=42 41 37 114 229 33 33 31 37 38
internal_value=0.000792671 -0.00311141 0 -0.00334413 0.0141202 -0.0209288 0.000247028 0.0237803 0.013704
internal_weight=155.5 120.584 103.885 84.1392 34.9155 16.6992 15.8117 19.1038 19.7457
internal_count=635 493 423 343 142 70 64 78 80
is_linear=0
shrinkage=0.03


Tree=30
num_leaves=6
num_cat=0
split_feature=40 23 36 10 38
split_gain=11.3577 8.82872 7.6962 7.65719 6.11356
threshold=0.080457215747953184 1.2013834343229548 0.0064093759167840646 -0.028307300245960506 0.011337888718538554
decision_type=2 2 2 2 2
left_child=1 3 -3 -1 -5
right_child=-2 2 -4 4 -6
leaf_value=0.020249836289567644 -0.024894213666373136 0 0.029114523247279846 -0.0074298560235168485 0.010648660369739682
leaf_weight=11.715681210160254 12.031492352485655 13.743986919522287 17.397046849131584 78.485286086797714 18.882567420601845
leaf_count=48 50 56 71 320 77
internal_value=0.00074147 0.00336566 0.0169446 -0.000611093 -0.00362917
internal_weight=152.256 140.225 31.141 109.084 97.3679
internal_count=622 572 127 445 397
is_linear=0
shrinkage=0.03


Tree=31
num_leaves=7
num_cat=0
split_feature=40 23 36 38 9 24
split_gain=10.822 8.34439 7.30278 6.35191 7.53282 6.14976
threshold=0.080457215747953184 1.2013834343229548 0.0064093759167840646 0.011337888718538554 0.027658769631297941 0.054381161007667038
decision_type=2 2 2 2 2 2
left_child=1 3 -3 4 -1 -5
right_child=-2 2 -4 5 -6 -7
leaf_value=-0.013797178542444354 -0.024335808329090557 0 0.028360856281690144 0.027056415474712221 0.0034142515265025712 -0.0019170645301359696
leaf_weight=39.599759414792061 11.984935343265532 13.743986919522287 17.377017736434937 11.011618539690973 47.338252186775208 11.086451366543768
leaf_count=163 50 56 71 45 192 45
internal_value=0.000729807 0.00329093 0.0164963 -0.0005723 -0.00439077 0.0129454
internal_weight=152.142 140.157 31.121 109.036 86.938 22.0981
internal_count=622 572 127 445 355 90
is_linear=0
shrinkage=0.03


Tree=32
num_leaves=8
num_cat=0
split_feature=8 23 35 27 36 36 7
split_gain=8.60987 6.07429 12.5905 4.97337 4.72021 5.94913 0.449528
threshold=-0.024594934565368539 1.2013834343229548 0.023381480070996056 2.5000000000000004 0.0081862498936358784 0.0074039752465433857 -0.026102817891828518
decision_type=2 2 2 2 2 2 2
left_child=3 4 -3 6 5 -2 -1
right_child=1 2 -4 -5 -6 -7 -8
leaf_value=0.011829320684510449 -0.007156710560833196 0.032947906303717835 -0.0088738641248742832 0 -0.021273387532978704 0.012227997960270191 0.030180478453830872
leaf_weight=10.795881330966948 67.078233689069748 9.8073706477880496 12.086261093616484 13.461988881230353 14.307336330413817 15.636457696557043 8.7982551306486148
leaf_count=44 274 40 50 55 59 64 36
internal_value=0.000712409 -0.0029905 0.0104224 0.0138717 -0.00631806 -0.00311297 0.0227961
internal_weight=151.972 118.916 21.8936 33.0561 97.022 82.7147 19.5941
internal_count=622 487 90 135 397 338 80
is_linear=0
shrinkage=0.03


Tree=33
num_leaves=10
num_cat=0
split_feature=18 38 11 37 1 18 34 21 19
split_gain=8.03547 8.54363 11.4923 6.4512 5.72794 5.198 4.84199 5.10809 2.76134
threshold=0.2177311919099861 0.011337888718538554 0.022193796467193664 0.045067047498428499 0.0070441619909157325 0.47395211166270057 0.01044105190434619 0.017079411524812703 0.094131157261879331
decision_type=2 2 2 2 2 2 2 2 2
left_child=6 2 4 -4 -2 -3 7 -1 -7
right_child=1 5 3 -5 -6 8 -8 -9 -10
leaf_value=-0.0077937486757337525 -0.029806747661146164 0.027362869974917336 0.0076109627015806631 -0.013262475248746871 -0.0038172267443589113 0.0097637125449565338 0.030516188348687547 0.019058382108969787 -0.01123269454858083
leaf_weight=11.503079846501356 20.587946951389313 9.1878887712955493 40.80620850622654 17.209243178367615 14.739043593406675 11.769488453865053 9.1030916720628721 9.617720887064932 7.3688940703868857
leaf_count=47 86 38 165 71 61 48 37 39 30
internal_value=0.000709585 -0.00267488 -0.0071441 0.000933665 -0.0201508 0.0110576 0.0141199 0.00437595 0.000671925
internal_weight=151.893 121.669 93.3424 58.0155 35.327 28.3263 30.2239 21.1208 19.1384
internal_count=622 499 383 236 147 116 123 86 78
is_linear=0
shrinkage=0.03


Tree=34
num_leaves=9
num_cat=0
split_feature=40 23 35 41 28 0 21 6
split_gain=10.0502 7.47291 6.87365 6.78005 4.99019 4.33524 3.76148 1.23861
threshold=0.080457215747953184 1.2013834343229548 0.023381480070996056 1.0000000180025095e-35 6.5000000000000009 0.0068686457894846517 0.019759614079454455 -1.0000000180025095e-35
decision_type=2 2 2 2 2 2 2 2
left_child=1 3 7 6 -5 -4 -1 -3
right_child=-2 2 5 4 -6 -7 -8 -9
leaf_value=0.00055629836271000666 -0.023525791485810115 0.011244915641708384 0.014523899910920325 0.0033508765391948771 -0.011105806798580553 -0.014068442399485228 0.023458067178311205 0.036997079863919778
leaf_weight=15.162427425384523 11.905712172389029 7.5574328750371942 7.7731768488883954 34.522065803408623 47.488049447536469 7.2972923219203949 11.602640032768248 8.3857121020555496
leaf_count=62 50 31 32 141 195 30 47 34
internal_value=0.000697046 0.00316862 0.0156862 -0.000483725 -0.00490684 0 0.0119464 0.02824
internal_weight=151.695 139.789 31.0136 108.775 82.0101 15.0705 26.7651 15.9431
internal_count=622 572 127 445 336 62 109 65
is_linear=0
shrinkage=0.03


Tree=35
num_leaves=6
num_cat=0
split_feature=20 21 17 38 17
split_gain=10.195 8.98344 4.98019 6.25402 4.97128
threshold=0.038011363824633611 0.025028960543497809 3.5335101693713153 0.011362102376311458 7.6609539726508382
decision_type=2 2 2 2 2
left_child=1 2 3 -1 -4
right_child=-2 -3 4 -5 -6
leaf_value=-0.00074617911788898278 0.026226145355231573 -0.027688649082746378 -0.019865784350041511 0.018792566937483261 0
leaf_weight=74.016793459653854 9.1520127058029157 10.651983857154844 19.13586500287056 16.005941033363342 26.439279228448868
leaf_count=303 37 44 79 66 109
internal_value=-0.00130312 -0.00345759 -0.0010703 0.00289772 -0.00901577
internal_weight=155.402 146.25 135.598 90.0227 45.5751
internal_count=638 601 557 369 188
is_linear=0
shrinkage=0.03


Tree=36
num_leaves=5
num_cat=0
split_feature=15 20 32 4
split_gain=9.73404 8.34584 9.41034 7.83572
threshold=308.96044652775066 0.038011363824633611 -0.010700917018141352 -0.027864302086639033
decision_type=2 2 2 2
left_child=1 2 -1 -4
right_child=-2 -3 3 -5
leaf_value=-0.022589160283928014 -0.030090363968022369 0.025621603399141192 0.015227497271972737 -0.002519462608456426
leaf_weight=14.614823296666144 7.9034002572298041 9.134369030594824 26.741706654429436 96.85971100628376
leaf_count=60 33 37 110 398
internal_value=-0.00126827 0.000559465 -0.00133169 0.00138208
internal_weight=155.254 147.351 138.216 123.601
internal_count=638 605 568 508
is_linear=0
shrinkage=0.03


Tree=37
num_leaves=8
num_cat=0
split_feature=20 19 38 21 20 38 24
split_gain=9.25847 8.48609 11.9114 7.70361 6.77838 5.78955 5.29443
threshold=0.038011363824633611 0.089918339927014285 0.0090070162966548028 0.019262735747997351 0.025946934783037962 0.00928055437258502 -0.31072796934865893
decision_type=2 2 2 2 2 2 2
left_child=1 3 4 5 -3 -1 -4
right_child=-2 2 6 -5 -6 -7 -8
leaf_value=-0.0098607874989547605 0.025037029445920681 0.0097915388758891327 -0.0039694805953545565 0.027269675912613169 -0.012342563074378336 0.0088641870699394977 -0.030725339710174975
leaf_weight=26.217521533370018 9.1142112612724286 26.974579125642776 11.968035086989401 9.2022144645452482 19.810775876045227 29.39550444483757 22.481339395046234
leaf_count=107 37 110 50 38 82 120 94
internal_value=-0.00123656 -0.00329354 -0.00970915 0.00457275 0 0 -0.0225695
internal_weight=155.164 146.05 81.2347 64.8152 46.7854 55.613 34.4494
internal_count=638 601 336 265 192 227 144
is_linear=0
shrinkage=0.03


Tree=38
num_leaves=10
num_cat=0
split_feature=4 24 38 11 5 14 38 13 17
split_gain=7.63731 7.48474 6.5688 10.1628 8.05476 7.99605 4.81422 4.3905 2.44337
threshold=-0.032057329121012494 -0.31910890343945203 0.011337888718538554 0.022193796467193664 0.062081931283493492 144.29370556995994 0.01418381393550998 -0.3953696833016202 3.9311562086592819
decision_type=2 2 2 2 2 2 2 2 2
left_child=1 -1 3 4 -2 -5 8 -3 -4
right_child=2 7 6 5 -6 -7 -8 -9 -10
leaf_value=0.026106506292998499 -0.026370911589106094 -0.013802643221119815 0.024882548720874118 0.01080221517371564 0.0057177444096702858 -0.011167698806512451 -0.0075773490039574383 0.012399732166395144 0.00092698683190837376
leaf_weight=14.149586603045462 31.332675531506538 10.135298892855644 10.084328234195715 27.6572305560112 7.2173273116350165 27.954164788126945 9.7887421697378141 8.7744243592023849 7.8560718297958365
leaf_count=58 131 42 42 112 30 115 40 36 32
internal_value=-0.00119311 0.0110587 -0.00476201 -0.00858417 -0.0200077 0 0.00741689 -0.000903849 0.0162898
internal_weight=154.95 33.0593 121.891 94.1614 38.55 55.6114 27.7291 18.9097 17.9404
internal_count=638 136 502 388 161 227 114 78 74
is_linear=0
shrinkage=0.03


Tree=39
num_leaves=10
num_cat=0
split_feature=4 19 19 33 38 40 25 33 25
split_gain=7.22868 6.7873 8.56902 6.209 9.18474 4.7626 4.61233 2.47945 1.79041
threshold=-0.032057329121012494 0.09148472128703343 0.074412162597697132 0.93255455375722363 0.0075087569692970169 0.0045212096463873594 0.27424120333064739 0.20508044832085484 0.26944684528954194
decision_type=2 2 2 2 2 2 2 2 2
left_child=6 2 5 4 -3 -2 7 -1 -4
right_child=1 3 8 -5 -6 -7 -8 -9 -10
leaf_value=0.02744298204517355 -0.013542585404242604 0.0013405528666483671 0.0056780969575190117 0.0083965485099968939 -0.023891028975008374 0.0061938234491613724 -0.0013833830277017547 0.00237319878283189 0.027702566874183113
leaf_weight=11.767369434237482 23.356422334909439 17.913957938551903 9.8076721280813235 9.787988528609274 35.418466567993164 16.644082441926003 14.032612815499304 7.2376887798309317 8.741758316755293
leaf_count=48 96 73 40 40 149 68 58 30 36
internal_value=-0.00114241 -0.00462185 0.00250547 -0.0113373 -0.0154027 -0.0050693 0.0107759 0.0197448 0.0184735
internal_weight=154.708 121.67 58.5499 63.1204 53.3324 40.0005 33.0377 19.0051 18.5494
internal_count=638 502 240 262 222 164 136 78 76
is_linear=0
shrinkage=0.03


Tree=40
num_leaves=7
num_cat=0
split_feature=18 32 32 11 21 5
split_gain=7.97553 6.7524 6.98905 6.175 4.09708 5.93104
threshold=0.26334589586308271 -0.010700917018141352 -0.0057649684136347737 0.051999536299381151 0.015282798206685733 -0.092875244716054947
decision_type=2 2 2 2 2 2
left_child=4 -2 -3 -4 -1 -6
right_child=1 2 3 -5 5 -7
leaf_value=0 -0.023410376067912336 0.018455518308452077 -0.0085568179035601481 0.0076048679634800071 -0.00019386392183603777 0.03019042565329676
leaf_weight=14.178942173719404 10.873043835163115 13.266896739602087 64.719200700521469 28.587622657418251 7.3037813752889624 14.822793379426004
leaf_count=58 45 55 270 116 30 61
internal_value=0.000858293 -0.00287068 -0.000244357 -0.00339209 0.012833 0.0203545
internal_weight=153.752 117.447 106.574 93.3068 36.3055 22.1266
internal_count=635 486 441 386 149 91
is_linear=0
shrinkage=0.03


Tree=41
num_leaves=10
num_cat=0
split_feature=10 19 11 36 6 21 5 16 6
split_gain=7.75244 9.76512 8.30444 8.16649 6.18811 9.4615 6.64914 5.984 4.50624
threshold=-0.027623962012576327 0.079767545896715919 0.050705376654779484 0.0047560207707511197 0.0059630996342806318 0.0099534787835751908 0.0083607354744381652 23.923022732019202 -0.0019041678231500497
decision_type=2 2 2 2 2 2 2 2 2
left_child=3 4 7 -1 5 -2 -6 -3 -4
right_child=1 2 8 -5 6 -7 -8 -9 -10
leaf_value=-0.0037076772235713237 -0.0098691737898731324 -0.025878707727818983 0.016989514388160386 0.03038222506773534 -0.023724698032435595 0.024267659726478857 0.0094360789976049436 -0.0045670799007535767 -0.0051612169689625228
leaf_weight=9.0616593956947344 8.0089943259954435 24.293906286358833 11.842966437339784 12.957195252180098 7.7380320429801968 25.176548436284065 9.8610093891620618 27.271697759628296 17.455578595399857
leaf_count=38 33 102 48 53 32 104 40 114 71
internal_value=0.000839432 -0.00189113 -0.00837959 0.0165878 0.00808229 0.0155101 -0.00531202 -0.0154789 0.00382672
internal_weight=153.668 131.649 80.8641 22.0189 50.7846 33.1855 17.599 51.5656 29.2985
internal_count=635 544 335 91 209 137 72 216 119
is_linear=0
shrinkage=0.03


Tree=42
num_leaves=10
num_cat=0
split_feature=10 19 28 10 1 20 34 38 5
split_gain=7.35499 9.21555 11.0542 10.3046 6.46967 6.55786 4.81091 4.01724 2.33584
threshold=-0.027623962012576327 0.079767545896715919 5.5000000000000009 -0.0017826688579333225 0.0094997931265715669 0.016792655208033944 -0.011840203062258246 0.011232053867317829 0.012633946530088981
decision_type=2 2 2 2 2 2 2 2 2
left_child=6 4 3 -3 5 -2 -1 -4 -6
right_child=1 2 7 -5 8 -7 -8 -9 -10
leaf_value=0.032622005297456118 -0.0021524498902610722 -0.017767055967653191 -0.0228369284602799 0.014381195218316004 -0.018022661941091006 0.023196807850998567 0.0032862701854722309 -0.0003690968866819114 0.0026437463305136609
leaf_weight=7.7916249632835415 12.169209152460096 11.205851748585699 33.563572883605957 25.213974848389626 7.246961906552313 23.89661717414856 14.191158547997473 10.776583805680273 7.3894263654947281
leaf_count=32 50 47 141 103 30 99 59 44 30
internal_value=0.000809814 -0.00184883 -0.00815779 0.00368925 0.00784386 0.0145858 0.0161629 -0.0179516 -0.00762375
internal_weight=153.445 131.462 80.76 36.4198 50.7022 36.0658 21.9828 44.3402 14.6364
internal_count=635 544 335 150 209 149 91 185 60
is_linear=0
shrinkage=0.03


Tree=43
num_leaves=8
num_cat=0
split_feature=10 36 36 21 20 34 21
split_gain=7.0262 7.6037 5.5031 7.85287 7.89089 3.88513 3.64807
threshold=-0.027623962012576327 0.0047560207707511197 0.0084297479004498983 0.011953642067616045 0.020804794892161593 -0.038408734281792027 0.01055785207264264
decision_type=2 2 2 2 2 2 2
left_child=1 -1 3 6 -5 -4 -2
right_child=2 -3 5 4 -6 -7 -8
leaf_value=-0.0036975238828264902 0.0018630115437100116 0.029173034741688732 -0.00020453573982402422 -0.016161573337653997 0.0021909593006648738 -0.031426098994343135 0.025486061515833838
leaf_weight=9.0610526502132434 13.371266931295397 12.894570201635359 7.6809777021408081 28.782719105482101 62.491328477859497 6.9808499813079816 11.956125274300573
leaf_count=38 55 53 32 119 259 30 49
internal_value=0.000789416 0.0158051 -0.00180912 0.000363606 -0.00365803 -0.017958 0.0146126
internal_weight=153.219 21.9556 131.263 116.601 91.274 14.6618 25.3274
internal_count=635 91 544 482 378 62 104
is_linear=0
shrinkage=0.03


Tree=44
num_leaves=8
num_cat=0
split_feature=18 32 32 38 12 21 1
split_gain=6.96975 8.68397 6.62847 5.4984 5.34273 4.22028 0.708164
threshold=0.2177311919099861 -0.010700917018141352 -0.0057649684136347737 0.011337888718538554 34.487969657461193 0.016879073040520689 -0.014777848698961036
decision_type=2 2 2 2 2 2 2
left_child=4 -2 -3 -4 5 -1 -6
right_child=1 2 3 -5 6 -7 -8
leaf_value=-0.013535577833768008 -0.024815403029750514 0.01868708195887973 -0.0065596893777969513 0.0093307942316500896 0.0099084100080990799 0.014712598888495968 0.032364544377035807
leaf_weight=7.7687758207321185 11.788332909345625 13.464908093214033 73.791571274399757 23.991005465388298 7.2596399784088135 7.2788168638944626 7.7519290894269925
leaf_count=32 49 56 307 99 30 30 32
internal_value=0.000766195 -0.0023419 0.000303244 -0.00240175 0.0133083 0 0.0248281
internal_weight=153.095 123.036 111.247 97.7826 30.0592 15.0476 15.0116
internal_count=635 511 462 406 124 62 62
is_linear=0
shrinkage=0.03


Tree=45
num_leaves=7
num_cat=0
split_feature=3 18 21 21 15 32
split_gain=4.89419 4.39638 5.59561 13.4797 3.30022 2.82069
threshold=0.039817256594231416 0.79210892740203798 0.0099534787835751908 0.011953642067616045 91.955990220339615 0.0051465176997200776
decision_type=2 2 2 2 2 2
left_child=1 2 -1 -4 -3 -2
right_child=5 4 3 -5 -6 -7
leaf_value=-0.018113987273092658 0.00077748249251877091 0.027805157366431129 0.031279707316682115 -0.00010090472654784628 0.0015137180352624863 -0.01849409342363385
leaf_weight=9.3944167941808683 9.6818611472845095 9.541141480207445 12.05610580742359 92.210743695497513 9.3034038394689542 13.017743036150931
leaf_count=39 40 39 50 383 38 54
internal_value=0.00186458 0.00417662 0.00167529 0.00390681 0.0169355 -0.0102697
internal_weight=155.205 132.506 113.661 104.267 18.8445 22.6996
internal_count=643 549 472 433 77 94
is_linear=0
shrinkage=0.03


Tree=46
num_leaves=9
num_cat=0
split_feature=0 38 38 33 21 21 17 38
split_gain=8.56823 5.30395 6.65485 4.56547 3.65527 6.6029 3.34596 4.29947
threshold=0.012396420731055626 0.011337888718538554 0.010791728037763145 0.58850438179706488 0.013327467644717041 0.018388794836650634 25.707527400971944 0.0096157730104344096
decision_type=2 2 2 2 2 2 2 2
left_child=1 2 3 -1 -3 -6 7 -2
right_child=6 4 -4 -5 5 -7 -8 -9
leaf_value=-0.00090631594563221152 -0.0034739989092528603 0.033626524733814035 -0.02086862274354109 0.012539944211466142 -0.011829132488783332 0.020208651233880649 0.0035974022499604425 -0.029581068238697508
leaf_weight=51.138621315360069 14.323054164648058 7.0522852092981365 8.1587528139352781 36.105885431170464 7.3081946223974255 12.573098063468931 7.9745649695396414 10.502870365977286
leaf_count=212 59 30 35 148 30 52 33 44
internal_value=0.00181883 0.00556133 0.0019269 0.00464662 0.0168936 0.00774153 -0.011226 -0.01646
internal_weight=155.137 122.337 95.4033 87.2445 26.9336 19.8813 32.8005 24.8259
internal_count=643 507 395 360 112 82 136 103
is_linear=0
shrinkage=0.03


Tree=47
num_leaves=10
num_cat=0
split_feature=24 15 38 23 36 0 36 28 37
split_gain=8.164 4.56375 4.33266 4.69126 6.25897 3.96253 7.52137 5.11551 2.54968
threshold=-0.29073091057574513 -83.724727371883816 0.012454505997219914 1.1940311335591611 0.0070911961006431814 0.014128028595871702 0.0079925233203345814 5.5000000000000009 -0.006383236509473921
decision_type=2 2 2 2 2 2 2 2 2
left_child=2 8 3 4 -1 6 -3 -7 -2
right_child=1 5 -4 -5 -6 7 -8 -9 -10
leaf_value=0.0081820527616310226 -2.2602111318627926e-06 0.0093022190873658511 0.029896886915254474 0.020928949164338115 -0.017134267644647424 0.0044368232563021951 -0.016238416638830987 -0.022841663136328696 -0.024304915454336561
leaf_weight=27.977091550827026 7.3844812065362957 47.042684003710747 7.3982588201761237 12.531071737408636 10.379461973905562 8.9836328774690646 10.948998630046843 11.541277036070822 10.839640021324156
leaf_count=115 31 194 31 52 43 37 46 48 46
internal_value=0.00176106 -0.00346084 0.0105043 0.00637732 0.000450017 0 0.00384944 -0.0109023 -0.0161731
internal_weight=155.027 96.7407 58.2859 50.8876 38.3566 78.5166 57.9917 20.5249 18.2241
internal_count=643 402 241 210 158 325 240 85 77
is_linear=0
shrinkage=0.03


Tree=48
num_leaves=9
num_cat=0
split_feature=0 36 4 21 26 21 21 12
split_gain=7.73378 6.79366 8.92926 6.29217 8.19007 6.21921 2.6876 1.53986
threshold=0.012396420731055626 0.0082429721824947514 -0.018005180180390042 0.011953642067616045 0.032002048131080395 0.01055785207264264 0.017079411524812703 59.413095764892127
decision_type=2 2 2 2 2 2 2 2
left_child=1 3 -3 5 -5 -1 -2 -8
right_child=6 2 -4 4 -6 -7 7 -9
leaf_value=0.0030162861083102427 -0.020571684062203392 0.010091740536223985 -0.029765050533148995 0.028285605262126218 0.00036183837617888612 0.036922323267739088 -0.0096369671674709657 0.0052899490282539577
leaf_weight=10.421737998723986 12.819946110248564 7.3920979499816921 8.7228346019983274 8.9992466270923597 76.280539363622665 10.355338558554648 10.925231963396074 8.9663907438516599
leaf_count=43 53 31 37 37 316 43 46 37
internal_value=0.0017038 0.00526462 -0.0115586 0.00812628 0.00406102 0.0223319 -0.0107002 -0.00235471
internal_weight=154.883 122.172 16.1149 106.057 85.2798 20.7771 32.7116 19.8916
internal_count=643 507 68 439 353 86 136 83
is_linear=0
shrinkage=0.03


Tree=49
num_leaves=10
num_cat=0
split_feature=24 15 35 38 38 34 34 4 37
split_gain=7.595 4.30006 4.6222 5.15686 4.1806 3.30805 4.83581 4.52136 2.41701
threshold=-0.29073091057574513 -83.724727371883816 0.067338512065622039 0.011821125890087112 0.012454505997219914 0.0099029970948658636 0.029096168512459778 -0.031216090805254112 -0.006383236509473921
decision_type=2 2 2 2 2 2 2 2 2
left_child=4 8 3 -3 5 7 -7 -1 -2
right_child=1 2 -4 -5 -6 6 -8 -9 -10
leaf_value=0.013237971423369304 0 -4.4599295033333753e-05 -0.01583791943668492 0.023376591575611186 0.029206624514551548 0.022881706348941249 -0.0018345547967909481 -0.010780907189914478 -0.02367431960716182
leaf_weight=9.3770628869533557 7.3819847553968456 58.695700943470001 12.063682869076727 7.6498469561338416 7.3428997993469229 15.579101011157038 9.7580734491348249 16.136783361434937 10.781431987881659
leaf_count=39 31 243 50 32 31 64 40 67 46
internal_value=0.00166878 -0.0033682 0 0.00304151 0.010111 0.00606889 0.0133763 -0.00108752 -0.0157288
internal_weight=154.767 96.5726 78.4092 66.3455 58.1939 50.851 25.3372 25.5138 18.1634
internal_count=643 402 325 275 241 210 104 106 77
is_linear=0
shrinkage=0.03


end of trees

feature_importances:
macro_topix_vol_20=47
volatility=25
bb_bandwidth=20
bb_pct_b=18
atr_pct=18
vol_ratio=18
ma_20_60_cross=17
macro_usdjpy_vol_20=17
macro_topix_ret_20=17
macd_signal=16
macro_nikkei_ret_20=15
macro_usdjpy_ret_20=14
month=13
div_ma_60=11
macd_hist_change=11
return_10d=10
macd=10
return_1d=9
price_position_20d=9
rsi=8
return_5d=7
return_20d=7
div_ma_10=7
gap=7
return_2d=6
return_3d=6
ma_5_20_cross=6
macd_hist=6
candle_body_pct=6
macro_usdjpy_ret_60=6
div_ma_5=5
div_ma_20=4
rsi_change=4
vol_change=4
lower_shadow_pct=4
day_of_week=4
upper_shadow_pct=2
streak=1
macro_nikkei_above_200dma=1

parameters:
[boosting: gbdt]
[objective: binary]
[metric: binary_logloss]
[tree_learner: serial]
[device_type: cpu]
[data_sample_strategy: bagging]
[data: ]
[valid: ]
[num_iterations: 50]
[learning_rate: 0.03]
[num_leaves: 15]
[num_threads: 0]
[seed: 42]
[deterministic: 0]
[force_col_wise: 0]
[force_row_wise: 0]
[histogram_pool_size: -1]
[max_depth: 4]
[min_data_in_leaf: 30]
[min_sum_hessian_in_leaf: 0.001]
[bagging_fraction: 0.7]
[pos_bagging_fraction: 1]
[neg_bagging_fraction: 1]
[bagging_freq: 5]
[bagging_seed: 400]
[bagging_by_query: 0]
[feature_fraction: 0.6]
[feature_fraction_bynode: 1]
[feature_fraction_seed: 30056]
[extra_trees: 0]
[extra_seed: 12879]
[early_stopping_round: 0]
[early_stopping_min_delta: 0]
[first_metric_only: 0]
[max_delta_step: 0]
[lambda_l1: 0.5]
[lambda_l2: 2]
[linear_lambda: 0]
[min_gain_to_split: 0]
[drop_rate: 0.1]
[max_drop: 50]
[skip_drop: 0.5]
[xgboost_dart_mode: 0]
[uniform_drop: 0]
[drop_seed: 17869]
[top_rate: 0.2]
[other_rate: 0.1]
[min_data_per_group: 100]
[max_cat_threshold: 32]
[cat_l2: 10]
[cat_smooth: 10]
[max_cat_to_onehot: 4]
[top_k: 20]
[monotone_constraints: ]
[monotone_constraints_method: basic]
[monotone_penalty: 0]
[feature_contri: ]
[forcedsplits_filename: ]
[refit_decay_rate: 0.9]
[cegb_tradeoff: 1]
[cegb_penalty_split: 0]
[cegb_penalty_feature_lazy: ]
[cegb_penalty_feature_coupled: ]
[path_smooth: 0]
[interaction_constraints: ]
[verbosity: -1]
[saved_feature_importance_type: 0]
[use_quantized_grad: 0]
[num_grad_quant_bins: 4]
[quant_train_renew_leaf: 0]
[stochastic_rounding: 1]
[linear_tree: 0]
[max_bin: 255]
[max_bin_by_feature: ]
[min_data_in_bin: 5]
[bin_construct_sample_cnt: 200000]
[data_random_seed: 175]
[is_enable_sparse: 1]
[enable_bundle: 1]
[use_missing: 1]
[zero_as_missing: 0]
[feature_pre_filter: 1]
[pre_partition: 0]
[two_round: 0]
[header: 0]
[label_column: ]
[weight_column: ]
[group_column: ]
[ignore_column: ]
[categorical_feature: ]
[forcedbins_filename: ]
[precise_float_parser: 0]
[parser_config_file: ]
[objective_seed: 16083]
[num_class: 1]
[is_unbalance: 0]
[scale_pos_weight: 1]
[sigmoid: 1]
[boost_from_average: 1]
[reg_sqrt: 0]
[alpha: 0.9]
[fair_c: 1]
[poisson_max_delta_step: 0.7]
[tweedie_variance_power: 1.5]
[lambdarank_truncation_level: 30]
[lambdarank_norm: 1]
[label_gain: ]
[lambdarank_position_bias_regularization: 0]
[eval_at: ]
[multi_error_top_k: 1]
[auc_mu_weights: ]
[num_machines: 1]
[local_listen_port: 12400]
[time_out: 120]
[machine_list_filename: ]
[machines: ]
[gpu_platform_id: -1]
[gpu_device_id: -1]
[gpu_use_dp: 0]
[num_gpu: 1]

end of parameters

pandas_categorical:[]
