tree
version=v4
num_class=1
num_tree_per_iteration=1
label_index=0
max_feature_idx=44
objective=binary sigmoid:1
feature_names=return_1d return_2d return_3d return_5d return_10d return_20d div_ma_5 div_ma_10 div_ma_20 div_ma_60 ma_5_20_cross ma_20_60_cross rsi rsi_change macd macd_signal macd_hist macd_hist_change bb_pct_b bb_bandwidth atr_pct volatility vol_change vol_ratio candle_body_pct upper_shadow_pct lower_shadow_pct day_of_week month is_month_end is_month_start streak gap price_position_20d macro_usdjpy_ret_20 macro_usdjpy_ret_60 macro_usdjpy_vol_20 macro_topix_ret_20 macro_topix_vol_20 macro_topix_above_200dma macro_nikkei_ret_20 macro_nikkei_above_200dma macro_nikkei_vi macro_jgb10y macro_bias_score
feature_infos=[-0.12096640741353637:0.17658132530120474] [-0.17566728739913096:0.17601656626506035] [-0.1938078615874943:0.15437833563945436] [-0.1842751842751843:0.22119728915662651] [-0.24897497525802348:0.27880271084337349] [-0.26932599724896833:0.31532379518072284] [-0.14100905562742561:0.082925381990802557] [-0.17515527950310558:0.13456669912366115] [-0.23138696164892963:0.15969811581437923] [-0.24336771635785245:0.17696204158657644] [-0.11128987806603952:0.10923570664447868] [-0.075907263447791862:0.10022087330869467] [8.7401574803149629:90.133779264214041] [-22.806282361855772:28.43047223910574] [-3091.8631888402961:2486.4930113445589] [-2457.8794335504658:2114.9990788790137] [-1589.8503339924775:1218.2841353696622] [-513.19083482140582:457.46010359447428] [-0.28397015722156416:1.3994727353836049] [0.03726019463996319:0.35312914390915912] [0.014828297818072204:0.055770701855039198] [0.0091102282639520717:0.059407800953166619] [-0.84517507197919572:2.2217573221757321] [0.48933278798833663:1.8546869780702095] [-1:1] [0:0.90163934426229508] [0:0.93548387096774188] [0:4] [1:12] none [0:1] [-7:8] [-0.08740171877857017:0.18825301204819267] [0:1] [-0.10288784967882303:0.08505611680078462] [-0.13986255140503889:0.13160084488587853] [0.0024251968629527628:0.011841457708833433] [-0.22586490939044479:0.19897850606512013] [0.0040695656522785678:0.036437277456277402] [0:1] [-0.22859537662338159:0.23022297972565586] [0:1] none none none
tree_sizes=1281 1314 1197 1187 1187 1100 1096 1100 1068 1200 1187 999 1191 1208 1106 997 872 971 867 951 1630 1291 1404 1186 1296 1182 1169 1304 1156 1237 1098 1190 869 1103 1421 1108 1209 999 995 971 1413 1417 1097 794 1101 898 996 1312 999 988 998 1082 1095

Tree=0
num_leaves=11
num_cat=0
split_feature=37 15 28 36 16 9 17 36 35 1
split_gain=28.0868 8.15033 12.9316 12.4456 6.57682 5.92136 4.30998 4.25395 3.88071 3.70002
threshold=0.007958072948113017 821.73573475033697 5.5000000000000009 0.0061508225952353109 68.734145069123045 0.036988223681325288 -48.025914238485306 0.0075083000837755948 0.021643704429611724 -0.0055505176004098647
decision_type=2 2 2 2 2 2 2 2 2 2
left_child=5 2 3 -2 -4 6 -1 9 -8 -3
right_child=1 7 4 -5 -6 -7 8 -9 -10 -11
leaf_value=-0.27484231268206361 -0.28578566840196373 -0.27718655843100204 -0.30063037457821196 -0.24236449298873322 -0.27812874648726377 -0.28207776859108136 -0.24063814485157081 -0.31442955218101321 -0.26380255194039032 -0.3003607695690233
leaf_weight=12.996958032250403 9.3185736835002917 10.299476176500322 22.80598296225071 10.544701799750326 19.61804986000061 9.0733480602502805 14.958763018250464 10.789927423000334 23.051208585500717 9.809024930000307
leaf_count=53 38 42 93 43 80 37 61 44 94 40
internal_value=-0.277552 -0.287699 -0.280944 -0.262254 -0.290354 -0.261771 -0.257865 -0.299865 -0.252891 -0.288798
internal_weight=153.266 93.1857 62.2873 19.8633 42.424 60.0803 51.0069 30.8984 38.01 20.1085
internal_count=625 380 254 81 173 245 208 126 155 82
is_linear=0
shrinkage=1


Tree=1
num_leaves=11
num_cat=0
split_feature=40 23 9 8 20 5 0 40 8 5
split_gain=18.7204 12.9389 12.4974 11.5438 7.75827 7.6098 6.9554 6.45815 3.65407 2.10128
threshold=0.0094772293117052504 0.88854093988704097 0.055310188868814399 0.0038381742693132394 0.019956994976193038 -0.070242933818053729 0.0015911168585672766 -0.045628019154482051 0.031200929193115335 0.096399299010115583
decision_type=2 2 2 2 2 2 2 2 2 2
left_child=4 8 3 -3 -1 7 -7 -6 -2 -4
right_child=1 2 9 -5 5 6 -8 -9 -10 -11
leaf_value=-0.0097167065738573994 -0.033330502081774398 -0.0054561173077399836 -0.0061655848513341698 0.024265405016236835 0.017657789184664981 0.036404201794054951 0.0087277744373711833 -0.014566548355487985 -0.0042834007903191943 -0.029044190248349901
leaf_weight=9.8210882842540723 16.883302465081218 23.507617026567459 10.288793355226518 19.392226412892342 8.6059090644121188 19.155776396393776 18.912517845630646 9.8078634291887266 7.3428520560264579 9.544708386063574
leaf_count=40 69 96 42 79 35 78 77 40 30 39
internal_value=0.000595951 -0.00838095 -0.000713015 0.00812739 0.0124898 0.0168078 0.0241507 1.35738e-05 -0.0260964 -0.0195147
internal_weight=153.263 86.9595 62.7333 42.8998 66.3032 56.4821 38.0683 18.4138 24.2262 19.8335
internal_count=625 355 256 175 270 230 155 75 99 81
is_linear=0
shrinkage=0.03


Tree=2
num_leaves=10
num_cat=0
split_feature=37 38 15 20 36 15 11 22 22
split_gain=25.5142 10.6037 8.9989 8.99192 8.43415 8.19386 7.82152 4.72456 2.69257
threshold=0.007958072948113017 0.010284738816402685 -309.01885359309307 0.019956994976193038 0.0081443842700233398 381.79121137618148 -0.010564434132898258 0.05391513142816285 -0.16087779367305552
decision_type=2 2 2 2 2 2 2 2 2
left_child=3 2 -2 -1 -4 -3 8 -8 -5
right_child=1 5 4 6 -6 -7 7 -9 -10
leaf_value=-0.0086587071617639146 -0.035297501410774222 0.020984008416163227 -0.002337856672536066 0.011189678920711635 -0.031386506960444961 -0.012698073638008229 0.015138859833769202 -0.011426616513159611 0.03680591386763666
leaf_weight=9.5680766105651838 13.930264025926588 14.240095153450968 46.49698506295681 9.6096100807189959 9.7389356046915037 8.5658642798662168 13.783358663320543 7.3749509900808325 19.948078453540802
leaf_count=39 57 58 190 39 40 35 56 30 81
internal_value=0.000559558 -0.00913432 -0.014884 0.0155639 -0.00853122 0.0077246 0.0205734 0.00504433 0.03019
internal_weight=153.256 92.9721 70.1662 60.2841 56.2359 22.806 50.716 21.1583 29.5577
internal_count=625 380 287 245 230 93 206 86 120
is_linear=0
shrinkage=0.03


Tree=3
num_leaves=10
num_cat=0
split_feature=40 23 9 8 20 22 38 10 17
split_gain=16.8459 12.1594 9.70224 10.6063 6.95581 9.74454 6.18329 1.94423 1.71751
threshold=0.0094772293117052504 0.86380315427651821 0.055310188868814399 0.0030258672641157503 0.019956994976193038 0.26306563088259055 0.0078995955767183126 0.040831985170969427 -59.273819358783065
decision_type=2 2 2 2 2 2 2 2 2
left_child=4 8 3 -3 -1 6 -6 -4 -2
right_child=1 2 7 -5 5 -7 -8 -9 -10
leaf_value=-0.0092277700954500868 -0.0097966355613019959 -0.0066505859934601732 -0.0069240339961690722 0.021257242781422572 0 -0.0073830368071054319 0.026982590533237028 -0.02803039052460694 -0.03474526035666449
leaf_weight=9.7926933616399747 8.0217713266611117 23.69367241859436 13.918916016817095 20.921837687492371 8.6083384305238706 11.071139946579931 37.00114269554615 8.0407851189374906 12.161488175392149
leaf_count=40 33 97 57 85 35 45 150 33 50
internal_value=0.000526434 -0.00800507 -0.0013167 0.00646517 0.0117891 0.0158665 0.0218982 -0.0169731 -0.0272829
internal_weight=153.232 86.7585 66.5752 44.6155 66.4733 56.6806 45.6095 21.9597 20.1833
internal_count=625 355 272 182 270 230 185 90 83
is_linear=0
shrinkage=0.03


Tree=4
num_leaves=10
num_cat=0
split_feature=40 21 14 28 20 22 38 19 21
split_gain=15.9289 11.4167 10.8876 7.1628 6.57252 9.19521 5.82103 5.57036 3.41717
threshold=0.0094772293117052504 0.020782834018039754 733.42667658702715 6.5000000000000009 0.019956994976193038 0.26306563088259055 0.0078995955767183126 0.076088468875524715 0.012830276186225868
decision_type=2 2 2 2 2 2 2 2 2
left_child=4 3 -3 7 -1 6 -6 -2 -5
right_child=1 2 -4 8 5 -7 -8 -9 -10
leaf_value=-0.0090081019625910894 0.014738280890977753 0.032525025951159969 -0.0069101437329531952 -0.0039117360589732237 0 -0.0072011646338923868 0.026141330770734907 -0.010832528032020696 -0.031517903944464534
leaf_weight=9.779521629214285 7.8267574161291114 8.8520392179489154 12.662704676389692 7.3232493698596981 8.6083384305238706 11.060898408293722 37.108790069818497 30.001331031322479 19.983262166380882
leaf_count=40 32 36 52 30 35 45 150 123 82
internal_value=0.000469567 -0.00783447 0.0100635 -0.0140935 0.0114123 0.0153716 0.0212202 -0.00469081 -0.0253983
internal_weight=153.207 86.6493 21.5147 65.1346 66.5575 56.778 45.7171 37.8281 27.3065
internal_count=625 355 88 267 270 230 185 155 112
is_linear=0
shrinkage=0.03


Tree=5
num_leaves=9
num_cat=0
split_feature=15 23 19 39 21 10 19 40
split_gain=14.4477 11.0217 15.2117 10.5459 9.93174 5.72045 4.13781 2.88041
threshold=-1157.9389891192111 0.97200475764015659 0.09161640295099803 1.0000000180025095e-35 0.020226615913318802 0.025551291967991777 0.052218746802468088 -0.04370306475304097
decision_type=2 2 2 2 2 2 2 2
left_child=7 3 6 -2 -4 -5 -3 -1
right_child=1 2 4 5 -6 -7 -8 -9
leaf_value=0.038913459926847617 0.016017786252252881 0.0025754837679967664 -0.013644636618344471 -0.021071315595921389 0.013276901149991917 -0.00012661267424875369 0.032400505568530906 0.0077994600267402361
leaf_weight=7.9372577965259552 9.6090078204870206 7.3205890953540829 30.139606684446335 40.480013057589531 17.731963485479355 18.263275191187859 16.946225568652153 7.3670191913843137
leaf_count=32 39 30 123 166 72 75 69 30
internal_value=0.00151681 -0.00154681 0.00642472 -0.0101166 -0.0032394 -0.0150251 0.0248554 0.0274355
internal_weight=155.795 140.491 72.1384 68.3523 47.8716 58.7433 24.2668 15.3043
internal_count=636 574 294 280 195 241 99 62
is_linear=0
shrinkage=0.03


Tree=6
num_leaves=9
num_cat=0
split_feature=11 20 21 20 37 3 3 34
split_gain=13.4764 21.7273 15.909 6.5296 5.70304 5.44482 2.5964 0.3152
threshold=-0.0055298846462144549 0.02067527697461561 0.013135180284296862 0.028224062470627979 0.022429907189697399 -0.018056277345832202 -0.019495302436067393 0.011240627421540863
decision_type=2 2 2 2 2 2 2 2
left_child=1 7 -2 5 6 -4 -3 -1
right_child=2 4 3 -5 -6 -7 -8 -9
leaf_value=-0.023613903523977384 0.024430923429495745 0.0094187957586482681 -0.00072441709876735203 0.010732156734996532 0.00080213117371809816 -0.019514605195576587 0.031327624381814238 -0.006782329366181979
leaf_weight=7.5424155890941602 11.254849195480345 11.140262871980662 21.755882501602173 8.8323354572057706 11.49359856545925 48.173993155360222 28.249008551239971 7.3053093254566193
leaf_count=31 46 45 89 36 47 198 114 30
internal_value=0.0015057 0.0117196 -0.00588209 -0.0108972 0.0210317 -0.01406 0.0262482 -0.0180111
internal_weight=155.748 65.7306 90.0171 78.7622 50.8829 69.9299 39.3893 14.8477
internal_count=636 267 369 323 206 287 159 61
is_linear=0
shrinkage=0.03


Tree=7
num_leaves=9
num_cat=0
split_feature=15 23 19 39 10 10 19 5
split_gain=13.1989 10.1986 14.3646 9.76251 8.64075 5.35614 3.88857 2.90264
threshold=-1157.9389891192111 0.97200475764015659 0.09161640295099803 1.0000000180025095e-35 -0.040609038643384214 0.024937102565753769 0.052218746802468088 -0.088874017359794152
decision_type=2 2 2 2 2 2 2 2
left_child=7 3 6 -2 -4 -5 -3 -1
right_child=1 2 4 5 -6 -7 -8 -9
leaf_value=0.038018998667056041 0.015362664730732778 0.0024282914939350122 0.021711730380293177 -0.020519172499559819 -0.0092902573930254365 -0.00039807772024402484 0.031368632130520539 0.007398774381658724
leaf_weight=7.6850664615631104 9.6288445889949781 7.3256130665540722 7.9029345214366904 39.553959250450134 39.935813933610916 18.971852958202362 17.01187402009964 7.6704195290803892
leaf_count=31 39 30 32 163 163 78 69 31
internal_value=0.00147033 -0.00146078 0.00619386 -0.00972639 -0.00320202 -0.0144732 0.024073 0.026203
internal_weight=155.686 140.331 72.1762 68.1547 47.8387 58.5258 24.3375 15.3555
internal_count=636 574 294 280 195 241 99 62
is_linear=0
shrinkage=0.03


Tree=8
num_leaves=9
num_cat=0
split_feature=15 23 13 13 9 40 5 25
split_gain=12.5498 9.66791 9.46938 13.5121 6.73605 8.65884 2.7318 2.22412
threshold=-1157.9389891192111 0.97200475764015659 4.7722791692947029 0.59754135407041897 0.065571099723988488 -0.025092470899840177 -0.088874017359794152 0.2324507389162562
decision_type=2 2 2 2 2 2 2 2
left_child=6 2 3 -2 5 -3 -1 -6
right_child=1 4 -4 -5 7 -7 -8 -9
leaf_value=0.03703159991284917 -0.013174228900603777 -0.014097244530760522 -0.029612082159490627 0.017695925328854507 -0.020144673837985495 0.015744767492287023 0.0072189686176846214 0
leaf_weight=7.706265926361084 36.896313056349754 8.4147138446569425 14.308802485466002 16.8239356726408 7.5244558453559858 48.977742061018944 7.6753627210855466 7.2839695662260056
leaf_count=31 152 34 59 69 31 199 31 30
internal_value=0.00146476 -0.00139508 -0.00945693 -0.00294905 0.00604895 0.0107895 0.0255606 -0.010529
internal_weight=155.612 140.23 68.0291 53.7202 72.2009 57.3925 15.3816 14.8084
internal_count=636 574 280 221 294 233 62 61
is_linear=0
shrinkage=0.03


Tree=9
num_leaves=10
num_cat=0
split_feature=15 23 19 20 21 13 19 19 40
split_gain=11.9739 9.10793 13.339 9.29172 9.15426 6.01886 3.70579 3.49233 2.75118
threshold=-1157.9389891192111 0.97200475764015659 0.09161640295099803 0.025135875269492559 0.020226615913318802 5.6406895664646983 0.052218746802468088 0.15788004930021013 -0.04370306475304097
decision_type=2 2 2 2 2 2 2 2 2
left_child=8 3 6 5 -4 -2 -3 -5 -1
right_child=1 2 4 7 -6 -7 -8 -9 -10
leaf_value=0.035968032703872901 -0.0091078625950606115 0.0020188623254308495 -0.013232963695653884 0.020567781656462805 0.012601555711470799 -0.035215318415246374 0.030129840074215628 -0.0035316239039988647 0.0063481592526009175
leaf_weight=7.9894740134477615 41.193156376481056 7.3438512086868313 30.053888693451881 8.5726755410432833 17.77165587246418 9.8288619667291623 17.081693783402443 8.3234247267246229 7.4121671319007856
leaf_count=32 170 30 123 35 72 41 69 34 30
internal_value=0.00142078 -0.00137286 0.00584204 -0.00921015 -0.00321149 -0.0155587 0.023038 0.00878478 0.0249431
internal_weight=155.571 140.169 72.2511 67.9181 47.8255 51.022 24.4255 16.8961 15.4016
internal_count=636 574 294 280 195 211 99 69 62
is_linear=0
shrinkage=0.03


Tree=10
num_leaves=10
num_cat=0
split_feature=14 33 28 4 28 33 15 11 20
split_gain=13.6458 14.6945 6.95191 6.8079 8.18168 4.44036 2.56635 3.35981 1.9773
threshold=733.42667658702715 0.61764332365747465 7.5000000000000009 -0.00079561577313541621 4.5000000000000009 0.72438086831939019 1355.9315791582815 0.023486619942534096 0.021414519927369622
decision_type=2 2 2 2 2 2 2 2 2
left_child=1 3 -3 4 -1 -2 7 -7 -5
right_child=5 2 -4 8 -6 6 -8 -9 -10
leaf_value=0.020922225513534693 -0.030942524043159766 0.035694915327408726 0.0032165742213859606 -0.026239982374064341 -0.0018721445173233316 -0.010066743651079322 -0.019505676114935738 0.012963467213995302 -0.0044361707086365155
leaf_weight=16.940722346305847 9.6874686628580076 16.121150210499767 11.081550180912016 7.4944397956132915 51.699318915605545 11.654472619295126 7.6689448207616797 7.759484037756919 11.315571010112761
leaf_count=69 40 65 45 31 211 48 32 32 46
internal_value=0.000458063 0.0056703 0.0241043 -0.00030693 0.00397436 -0.0148613 -0.00686103 0 -0.0155312
internal_weight=151.423 114.653 27.2027 87.4501 68.64 36.7704 27.0829 19.414 18.81
internal_count=619 467 110 357 280 152 112 80 77
is_linear=0
shrinkage=0.03


Tree=11
num_leaves=8
num_cat=0
split_feature=14 28 36 38 36 38 1
split_gain=12.9825 12.9997 16.2925 15.2645 3.13155 2.39661 1.09626
threshold=733.42667658702715 2.5000000000000004 0.0040092078562762885 0.011084513141813464 0.0076378465208449446 0.0093106049949179589 0.00098017596255850514
decision_type=2 2 2 2 2 2 2
left_child=1 -1 -3 -4 5 6 -2
right_child=4 2 3 -5 -6 -7 -8
leaf_value=0.030838398166100317 0.0083565226151320511 0.029719845681696923 -0.011634110453458996 0.014964693748024388 -0.026008966533924514 -0.016886279302265564 -0.005949475376356126
leaf_weight=13.825879335403441 7.5159284323453921 13.604348555207251 61.523497492074966 25.730934396386147 12.698540195822714 9.217300206422804 7.2518293261528015
leaf_count=56 31 55 252 104 53 38 30
internal_value=0.000427164 0.00550843 0.00135822 -0.00346262 -0.0145342 -0.00634757 0.000565164
internal_weight=151.368 114.685 100.859 87.2544 36.6836 23.9851 14.7678
internal_count=619 467 411 356 152 99 61
is_linear=0
shrinkage=0.03


Tree=12
num_leaves=10
num_cat=0
split_feature=14 33 38 38 28 37 33 17 20
split_gain=12.3766 13.5457 8.50072 8.00051 6.50197 5.82379 4.35563 1.78199 0.781898
threshold=733.42667658702715 0.61764332365747465 0.0078995955767183126 0.0070570602137410322 7.5000000000000009 0.012743531463642157 0.72438086831939019 -27.540295736445042 0.021224652621000685
decision_type=2 2 2 2 2 2 2 2 2
left_child=1 2 3 -1 -3 -4 -2 8 -8
right_child=6 4 5 -5 -6 -7 7 -9 -10
leaf_value=0 -0.030139760934476605 0.034234340020773767 0.012550314440361523 -0.031313477718155715 0.0028671514618180305 -0.0056553164539226066 -0.0051929429479454529 -0.013786144729475055 0.0070222001598097385
leaf_weight=14.626710191369058 9.6149979233741742 16.174577668309215 38.52386836707592 11.174980625510214 11.090633004903792 23.093327984213829 7.2023292928934097 12.531578823924065 7.243863433599472
leaf_count=60 40 65 156 46 45 95 30 52 30
internal_value=0.000420214 0.00537941 -0.000358267 -0.0143413 0.0230556 0.00552801 -0.0142069 -0.00632241 0.000129215
internal_weight=151.277 114.684 87.4189 25.8017 27.2652 61.6172 36.5928 26.9778 14.4462
internal_count=619 467 357 106 110 251 152 112 60
is_linear=0
shrinkage=0.03


Tree=13
num_leaves=10
num_cat=0
split_feature=38 23 28 5 19 38 38 38 1
split_gain=10.0158 12.032 10.4921 12.0363 7.44476 6.36665 4.49152 4.45224 1.32124
threshold=0.010149329685461372 0.86597093862996422 5.5000000000000009 0.092809196956992759 0.18648957995790161 0.007939838977807331 0.013174673246516774 0.011723993584779791 -0.0042220579911426684
decision_type=2 2 2 2 2 2 2 2 2
left_child=1 8 3 -3 6 -4 7 -2 -1
right_child=4 2 5 -5 -6 -7 -8 -9 -10
leaf_value=-0.0099372095453690024 0.011291589966187615 0.022102588333204783 -0.021840716008802268 -0.016590980660290855 -0.0091633799877994422 0.0012662821791132187 -0.0022363251387570926 0.036253305263103823 -0.031157182581369749
leaf_weight=9.8124320805072802 26.939164623618126 26.018399938941002 18.193044528365135 7.6738098263740531 11.803804159164427 20.054391145706177 8.3694672435522062 10.160295665264128 12.157056525349615
leaf_count=41 109 106 75 32 48 82 34 41 51
internal_value=0.000392619 -0.00550311 0.000414902 0.0124336 0.0101723 -0.0098914 0.0156825 0.0200161 -0.0239253
internal_weight=151.182 93.9091 71.9396 33.6922 57.2727 38.2474 45.4689 37.0995 21.9695
internal_count=619 387 295 138 232 157 184 150 92
is_linear=0
shrinkage=0.03


Tree=14
num_leaves=9
num_cat=0
split_feature=38 23 5 5 5 32 21 22
split_gain=9.50955 11.4827 6.28741 5.32081 5.66623 5.31178 4.20645 0.582053
threshold=0.010149329685461372 0.86597093862996422 0.071753710974365462 -0.075861204867895646 -0.01685188245801705 -0.0088620548474673804 0.012333386729053228 -0.025079882562400065
decision_type=2 2 2 2 2 2 2 2
left_child=1 7 3 -2 -5 -3 -7 -1
right_child=2 5 -4 4 -6 6 -8 -9
leaf_value=-0.010624448957386902 -0.0043900386135359666 -0.015160568043884329 -0.010817227469757518 0.029515989738175683 0.0053827347864554087 0.022042778144484933 0.00063773003914710915 -0.029117743713835756
leaf_weight=9.3027282506227511 9.1544601172208768 13.362738206982611 8.7664507776498777 20.102677464485165 19.29021076858044 8.3420474082231504 50.207285314798355 12.566477566957472
leaf_count=39 37 55 36 81 78 34 206 53
internal_value=0.000363668 -0.00538596 0.00988893 0.0142048 0.0188917 0.000383615 0.00456259 -0.0234289
internal_weight=151.095 93.7813 57.3138 48.5473 39.3929 71.9121 58.5493 21.8692
internal_count=619 387 232 196 159 295 240 92
is_linear=0
shrinkage=0.03


Tree=15
num_leaves=8
num_cat=0
split_feature=35 38 37 13 38 20 26
split_gain=10.9536 11.1164 7.84535 7.53516 7.28289 6.60107 3.63952
threshold=-0.083590734658790342 0.0078995955767183126 0.012743531463642157 -4.5398359777445689 0.006443758591191711 0.028075363611866719 0.16754385964912283
decision_type=2 2 2 2 2 2 2
left_child=-1 4 3 -3 -2 -4 -6
right_child=1 2 5 -5 6 -7 -8
leaf_value=0.030076779805064093 0.0039088656722224124 -0.008826586040147159 -0.0099516496798713414 0.017065348686468331 -0.0067888152498552 0.016896356885571763 -0.030331636340923215
leaf_weight=7.8916693776845923 11.562173411250113 11.110478058457373 44.143335998058319 39.861362889409065 12.977244019508364 7.8255620598793021 18.72382627427578
leaf_count=32 48 45 183 161 54 32 78
internal_value=-0.00037971 -0.00250857 0.00276796 0.0110183 -0.0149625 -0.00515456 -0.022114
internal_weight=154.096 146.204 102.941 50.9718 43.2632 51.9689 31.7011
internal_count=633 601 421 206 180 215 132
is_linear=0
shrinkage=0.03


Tree=16
num_leaves=7
num_cat=0
split_feature=15 35 38 38 37 3
split_gain=10.5497 10.2291 7.99691 10.3921 5.3487 5.01653
threshold=1012.2966982327927 -0.083590734658790342 0.0078995955767183126 0.0065535459818324105 0.012743531463642157 -0.0056714812402211537
decision_type=2 2 2 2 2 2
left_child=1 -1 3 -3 -4 -2
right_child=5 2 4 -5 -6 -7
leaf_value=0.03329570519372161 0 0.014702304826879745 0.011959625472665372 -0.021436046759477127 -0.0023669955743596338 -0.02703921753160568
leaf_weight=7.4328261464834204 11.002447649836542 7.8046758025884655 48.560952633619308 23.751389965415001 40.014759972691536 15.402547448873518
leaf_count=30 46 32 196 99 165 65
internal_value=-0.000361677 0.00317569 0.000674555 -0.0117075 0.0054125 -0.0169994
internal_weight=153.97 127.565 120.132 31.5561 88.5757 26.405
internal_count=633 522 492 131 361 111
is_linear=0
shrinkage=0.03


Tree=17
num_leaves=8
num_cat=0
split_feature=15 28 38 13 36 1 17
split_gain=10.0455 9.31926 10.019 7.70199 5.828 5.80049 3.19837
threshold=1012.2966982327927 2.5000000000000004 0.010149329685461372 -4.5398359777445689 0.0040092078562762885 -0.0051933556882385315 1.6498672188951107
decision_type=2 2 2 2 2 2 2
left_child=1 6 4 -4 -3 -2 -1
right_child=5 2 3 -5 -6 -7 -8
leaf_value=0.0038467147446122041 0 0.012073661850907271 -0.010869117591806419 0.015326101009319356 -0.01281282946304152 -0.027812702742152261 0.031008941006655879
leaf_weight=8.5555001348257083 11.455321595072748 7.874849706888198 11.091192960739134 39.380698144435883 49.781082555651665 14.853870257735251 10.833400115370749
leaf_count=35 48 32 45 159 207 63 44
internal_value=-0.000347693 0.00309792 -0.000338893 0.00908896 -0.00887148 -0.0166169 0.0212051
internal_weight=153.826 127.517 108.128 50.4719 57.6559 26.3092 19.3889
internal_count=633 522 443 204 239 111 79
is_linear=0
shrinkage=0.03


Tree=18
num_leaves=7
num_cat=0
split_feature=35 15 2 26 1 28
split_gain=9.73292 6.72703 6.9506 6.88513 5.23762 4.40341
threshold=-0.083590734658790342 1012.2966982327927 0.02019664366365637 0.063164893617021281 -0.0051933556882385315 5.5000000000000009
decision_type=2 2 2 2 2 2
left_child=-1 2 3 -2 -3 -4
right_child=1 4 5 -5 -6 -7
leaf_value=0.028327678189265196 0.011751906787515453 0 0.024771000986215114 -0.0078630466592483385 -0.026621880860864082 0.0014170726113708039
leaf_weight=7.9204028397798529 18.302879095077515 11.455321595072748 12.814340487122537 71.190982237458229 14.28314098715782 17.703636631369591
leaf_count=32 75 48 52 293 61 72
internal_value=-0.000328548 -0.00234969 0.000598147 -0.00351834 -0.0156875 0.012605
internal_weight=153.671 145.75 120.012 89.4939 25.7385 30.518
internal_count=633 601 492 368 109 124
is_linear=0
shrinkage=0.03


Tree=19
num_leaves=8
num_cat=0
split_feature=15 33 12 37 1 24 23
split_gain=9.16006 7.72593 9.27088 6.75791 5.33163 4.7155 6.84204
threshold=1012.2966982327927 0.61764332365747465 51.758141132032286 0.011909668693732224 -0.0051933556882385315 0.63859338061465731 0.94331070920903681
decision_type=2 2 2 2 2 2 2
left_child=1 2 3 -1 -2 6 -3
right_child=4 5 -4 -5 -6 -7 -8
leaf_value=0.0096620191414502603 0 0 -0.024527786997437819 -0.0083200510129298032 -0.026732559535691151 -0.00611919120954097 0.026404217807215323
leaf_weight=42.166547775268555 11.455321595072748 12.120376661419867 12.085106596350668 30.277712777256966 14.66252228617668 7.3283585458993903 23.458629563450813
leaf_count=171 48 50 50 126 63 30 95
internal_value=-0.000298724 0.00297925 -0.00216448 0.0019234 -0.0159007 0.0130917 0.0175629
internal_weight=153.555 127.437 84.5294 72.4443 26.1178 42.9074 35.579
internal_count=633 522 347 297 111 175 145
is_linear=0
shrinkage=0.03


Tree=20
num_leaves=14
num_cat=0
split_feature=37 21 19 17 19 7 33 14 4 24 17 37 2
split_gain=8.62275 6.52923 7.49085 7.52585 6.98197 4.05833 4.18562 6.00712 4.47254 3.80458 2.02685 1.37324 0.233799
threshold=0.0092836215672649231 0.020782834018039754 0.10350836381872125 58.562093564177687 0.13069351643719138 -0.014470499234589774 0.61764332365747465 269.21265413418229 -0.0025670541478331472 -0.16018867924528299 -32.02818901421255 0.033207504351008506 -0.026858584754076983
decision_type=2 2 2 2 2 2 2 2 2 2 2 2 2
left_child=5 2 3 -2 -3 9 8 -8 -7 12 -6 -4 -1
right_child=1 4 11 -5 10 6 7 -9 -10 -11 -12 -13 -14
leaf_value=0.012657515546105357 -0.0091645009595766064 -0.013385875978974069 -0.02955418437804664 0.018409277720236476 0.027367652976721113 0.0042434545682721149 0.029788929939467731 -0.0028894486550389399 -0.020208939710938227 0.0019330603938324054 0.0035347138636137188 -0.011522196098397856 0.034216319411302841
leaf_weight=7.6666602343320847 27.160176113247871 7.2373264282941845 11.790948539972307 10.780565589666365 8.5080583989620244 14.741636052727701 7.7308635264635113 8.3644786775112134 8.7888735532760602 10.62753154337406 7.9946780651807758 17.383890822529793 7.4112900048494357
leaf_count=31 114 30 49 44 35 60 31 34 36 43 33 73 30
internal_value=0.000841392 -0.00499295 -0.00980796 -0.000424566 0.00774122 0.00908523 0.00235275 0.0135352 -0.00516987 0.0180031 0.0182627 -0.0207194 0.0268988
internal_weight=156.187 90.8556 67.1156 37.9407 23.7401 65.3313 39.6259 16.0953 23.5305 25.7055 16.5027 29.1748 15.078
internal_count=643 378 280 158 98 265 161 65 96 104 68 122 61
is_linear=0
shrinkage=0.03


Tree=21
num_leaves=11
num_cat=0
split_feature=37 3 20 2 36 38 37 18 2 37
split_gain=8.20812 6.90289 6.59746 6.56316 5.45376 5.3191 5.20877 3.63894 5.61811 3.04985
threshold=0.0092836215672649231 0.017833908184765049 0.026126294264895975 0.034308852426589882 0.004619464286071664 0.0078995955767183126 0.035561034111742502 0.27105556342986575 -0.024776510827024308 -0.0020099661699320977
decision_type=2 2 2 2 2 2 2 2 2 2
left_child=5 2 4 6 -2 -1 -3 8 -7 -9
right_child=1 3 -4 -5 -6 7 -8 9 -10 -11
leaf_value=-0.0070895145795412309 0 -0.001318665840956898 0.0082881009927117562 -0.009094456211745967 -0.021878819347043724 0.0026965942107414517 0.027320678460246488 0.010954971956713948 0.035180580517316554 -0.0081207568453114005
leaf_weight=12.565357118844984 12.753952741622923 7.8079773336648968 10.536915794014929 13.588672161102293 34.171086430549622 9.6885789334774035 11.881077378988264 23.503284737467766 11.432385444641112 8.1427998095750826
leaf_count=52 53 32 43 56 145 39 49 95 46 33
internal_value=0.000836325 -0.00485917 -0.0111025 0.00551443 -0.015924 0.0088789 0.0161974 0.0130754 0.0224506 0.00540986
internal_weight=156.072 90.7397 57.462 33.2777 46.925 65.3324 19.6891 52.767 21.121 31.6461
internal_count=643 378 241 137 198 265 81 213 85 128
is_linear=0
shrinkage=0.03


Tree=22
num_leaves=12
num_cat=0
split_feature=20 28 19 11 1 34 36 11 19 36 36
split_gain=7.77327 8.40635 9.07963 12.6627 8.47484 7.58996 7.40403 5.16924 4.16655 3.49627 3.01635
threshold=0.02585765993763017 5.5000000000000009 0.08986843817062759 -0.011774002531303061 1.0000000180025095e-35 0.0012352704006407535 0.0070236337398084372 -0.010224728670544079 0.19331021520741434 0.0056694996618834063 0.0044643454617557445
decision_type=2 2 2 2 2 2 2 2 2 2 2
left_child=1 2 9 -4 6 8 -3 -7 -2 -1 -6
right_child=5 4 3 -5 10 7 -8 -9 -10 -11 -12
leaf_value=0.0047394306408278294 0.03648379403268779 0.0098488373520918115 0.02346699335975674 -0.014539560614606954 -0.0016408502441980421 0.011170794726225702 -0.016858284986322504 -0.016933184211833645 0.0040479977311342836 0.034257592329132343 -0.025987000351375692
leaf_weight=8.5937297344207781 10.409587666392328 23.66589067876339 9.1823014020919782 24.219074726104736 7.6084885299205807 12.171787098050119 12.68692436814308 8.0576896816492063 7.3837817460298529 8.7967343330383283 23.172448590397835
leaf_count=35 42 98 37 102 31 49 53 33 30 36 97
internal_value=0.000824798 -0.00290564 0.00599107 -0.00293206 -0.00983224 0.0123363 0 0 0.0255507 0.0224377 -0.0208939
internal_weight=155.948 117.926 50.7918 33.4014 67.1338 38.0228 36.3528 20.2295 17.7934 17.3905 30.7809
internal_count=643 489 210 139 279 154 151 82 72 71 128
is_linear=0
shrinkage=0.03


Tree=23
num_leaves=10
num_cat=0
split_feature=39 28 15 36 36 17 36 14 34
split_gain=8.23354 8.80889 14.619 14.6611 8.49809 10.8123 3.44799 3.43742 6.37887
threshold=1.0000000180025095e-35 5.5000000000000009 886.62052686899108 0.0066637042847446154 0.0038853930836176193 -51.697825137865657 0.0072104431564550984 -1139.533963145295 -0.0038068581678278308
decision_type=2 2 2 2 2 2 2 2 2
left_child=7 2 3 -2 -3 -6 -4 -1 -9
right_child=1 4 6 -5 5 -7 -8 8 -10
leaf_value=-0.00091893062141693601 0 0.015241553258341737 -0.0010969620916853155 0.037857392326027341 0.0056199892420884558 -0.02060480027151225 -0.028540902086484778 0.037946535063212834 0.0041753806545612396
leaf_weight=7.4395861327648189 21.421797126531601 8.8983448296785337 10.242214888334276 15.108393639326094 17.846493154764175 46.408466562628746 6.9322354048490515 8.6435582041740471 12.847650900483126
leaf_count=30 88 36 43 61 74 194 30 35 52
internal_value=0.000821331 -0.002426 0.00650201 0.0171438 -0.0091786 -0.0131448 -0.0147782 0.0147816 0.0204707
internal_weight=155.789 126.858 53.7046 36.5302 73.1533 64.255 17.1745 28.9308 21.4912
internal_count=643 526 222 149 304 268 73 117 87
is_linear=0
shrinkage=0.03


Tree=24
num_leaves=11
num_cat=0
split_feature=39 28 15 1 23 23 35 35 34 34
split_gain=7.81259 8.2912 13.9298 9.48238 5.54472 4.97185 4.61949 2.65036 2.58728 5.26549
threshold=1.0000000180025095e-35 5.5000000000000009 886.62052686899108 -0.00050428656293738372 0.90330957392168221 1.0318269895767476 0.053387747164957096 0.017261582746140206 -0.0073404569576469561 0.027638425936921011
decision_type=2 2 2 2 2 2 2 2 2 2
left_child=8 2 4 5 -2 -3 -5 -4 -1 -10
right_child=1 3 7 6 -6 -7 -8 -9 9 -11
leaf_value=0.023820774816176213 -0.0027573501841279967 0.0087860777296780938 -0.024270719519662216 -0.027499722393455349 0.022776069627267519 -0.011880403200475497 -0.0014583766711410537 0 -0.011644113999789454 0.018834978245287678
leaf_weight=12.851854607462885 8.3896407634019834 25.414427548646927 8.8678753823041934 22.601231768727303 28.16455465555191 14.822641655802725 10.157160922884939 8.2507782280445081 7.3888238668441799 8.6982128471136075
leaf_count=52 35 106 38 95 114 61 42 35 30 35
internal_value=0.00081834 -0.00234698 0.00630952 -0.00891056 0.0166877 0.000615704 -0.0204053 -0.0144944 0.0144142 0.00426693
internal_weight=155.607 126.668 53.6728 72.9955 36.5542 40.2371 32.7584 17.1187 28.9389 16.087
internal_count=643 526 222 304 149 167 137 73 117 65
is_linear=0
shrinkage=0.03


Tree=25
num_leaves=10
num_cat=0
split_feature=15 38 15 15 23 34 5 0 24
split_gain=9.67022 6.00471 9.83341 9.77785 7.5895 4.98156 3.27626 3.09752 0.37453
threshold=1012.2966982327927 0.010861307634708715 -239.97164281098048 -989.60383766907751 0.93975951181520678 0.034317890975212102 -0.015154059449350719 -0.012463321885256838 0.31137616336857327
decision_type=2 2 2 2 2 2 2 2 2
left_child=1 2 3 -1 -4 6 -3 -2 -9
right_child=7 5 4 -5 -6 -7 -8 8 -10
leaf_value=0.0096823343325207235 0 0.02789414979140031 -0.005489344064370758 -0.02080893746290333 0.018050133973519799 -0.0054296887370093964 0.0072600288739169665 -0.02597884513297144 -0.0083249324353920975
leaf_weight=12.137525841593741 7.5785208940506008 17.133933961391449 17.392739474773407 25.740340232849121 30.428293630480766 7.5964269936084738 17.802861034870148 10.129914477467539 7.6452799886465064
leaf_count=50 32 69 73 107 124 31 72 44 33
internal_value=0.00162614 0.00509788 0.000268178 -0.0106666 0.00931096 0.0140432 0.0187481 -0.0144735 -0.0207542
internal_weight=153.586 128.232 85.6989 37.8779 47.821 42.5332 34.9368 25.3537 17.7752
internal_count=635 526 354 157 197 172 141 109 77
is_linear=0
shrinkage=0.03


Tree=26
num_leaves=10
num_cat=0
split_feature=38 28 5 23 5 35 21 20 38
split_gain=7.81133 7.44506 7.4532 7.25542 6.1428 6.31729 5.46546 5.35827 5.17753
threshold=0.010861307634708715 4.5000000000000009 0.062190069849874748 0.90330957392168221 -0.0087241283181406209 0.014920402801057777 0.012256571290972766 0.022936705105091954 0.011677255677062086
decision_type=2 2 2 2 2 2 2 2 2
left_child=1 2 3 -1 8 -6 -3 -8 -2
right_child=4 6 -4 -5 5 -7 7 -9 -10
leaf_value=-0.0064720453366971433 0.0005431782454808293 0.011373429201015368 -0.012734702471730457 0.025267869303591935 -0.015426499795819859 0.014964809945579468 -0.017799826058734858 0 0.03131077913759156
leaf_weight=7.3854179233312633 8.4283396750688571 8.8893486112356168 8.982382193207739 19.219020828604698 10.25903955101967 10.361008584499357 40.063031807541847 24.703741684556007 15.159814417362211
leaf_count=31 34 37 38 78 42 42 170 102 61
internal_value=0.00157404 -0.00264404 0.00812942 0.016096 0.0119853 0 -0.00812479 -0.0112861 0.0218051
internal_weight=153.451 109.243 35.5868 26.6044 44.2082 20.62 73.6561 64.7668 23.5882
internal_count=635 456 147 109 179 84 309 272 95
is_linear=0
shrinkage=0.03


Tree=27
num_leaves=11
num_cat=0
split_feature=38 34 32 34 34 35 6 6 9 22
split_gain=7.4103 4.76431 4.65624 7.59844 6.45113 4.35252 7.1385 5.3972 3.78941 3.00041
threshold=0.010861307634708715 0.036365321028393967 0.0027736126264400478 0.034830690815106487 0.023277592926217897 0.013356826289609993 0.005545243518711755 0.005545243518711755 -0.018056544555167277 -0.097467707332998019
decision_type=2 2 2 2 2 2 2 2 2 2
left_child=2 5 3 8 9 6 -2 -7 -1 -4
right_child=1 -3 4 -5 -6 7 -8 -9 -10 -11
leaf_value=-0.022397682086977368 -0.014336728363054255 -0.0075356302171643019 0.022684638086576978 0.013987232740123513 -0.013017468315440749 0.036831231004855004 0.02006862629882334 0.0023702618406873815 -0.0052646164315661072 0.0031171147050122229
leaf_weight=19.439942076802254 8.107665419578554 7.3519889265298835 11.799716651439665 9.965632811188696 10.980955496430395 11.665616676211359 9.3959882855415326 7.661366492509841 36.372203022241592 20.539550140500069
leaf_count=81 33 30 49 41 46 47 38 31 153 86
internal_value=0.00153919 0.0116827 -0.0025701 -0.0075962 0.00472903 0.0160959 0.00352708 0.0253773 -0.0120601 0.011599
internal_weight=153.281 44.1826 109.098 65.7778 43.3202 36.8306 17.5037 19.327 55.8121 32.3393
internal_count=635 179 456 275 181 149 71 78 234 135
is_linear=0
shrinkage=0.03


Tree=28
num_leaves=10
num_cat=0
split_feature=38 28 12 14 6 34 33 9 17
split_gain=7.02172 6.9718 5.32616 4.70506 4.68295 4.54346 4.17918 2.96185 2.2071
threshold=0.010861307634708715 4.5000000000000009 29.474533925544979 1087.8168375862408 0.012701017718729448 0.036365321028393967 0.6868048435811468 0.036988223681325288 -73.228669083988493
decision_type=2 2 2 2 2 2 2 2 2
left_child=1 3 -3 4 -1 7 -4 8 -2
right_child=5 2 6 -5 -6 -7 -8 -9 -10
leaf_value=0.0036692695694939726 0.0034015641821489809 0.011588174240095835 -0.016091899007402207 -0.0091692202413148054 0.030432257986819731 -0.0073612468539131313 0 0 0.024727706810120962
leaf_weight=18.724745362997059 8.4306918084621447 8.7255020290613157 43.253073170781136 8.4179180115461332 8.424553230404852 7.3478108197450629 21.475998878479004 7.338099166750907 21.054693341255188
leaf_count=77 34 36 182 36 34 30 91 30 85
internal_value=0.00150762 -0.00249158 -0.00781109 0.00792614 0.0140068 0.0113835 -0.0109199 0.0156968 0.0197098
internal_weight=153.193 109.022 73.4546 35.5672 27.1493 44.1713 64.7291 36.8235 29.4854
internal_count=635 456 309 147 111 179 273 149 119
is_linear=0
shrinkage=0.03


Tree=29
num_leaves=11
num_cat=0
split_feature=15 7 24 6 15 20 19 37 13 13
split_gain=8.60662 4.8401 10.9654 6.56905 6.70624 3.71862 3.41205 3.32541 1.38161 0.919124
threshold=1012.2966982327927 0.0079674719704326928 0.53343588552853094 0.0015591359331039972 -958.81207171172298 0.022854494399684875 0.099328350535563145 0.011909668693732224 -3.0389112105743581 5.7279319417747994
decision_type=2 2 2 2 2 2 2 2 2 2
left_child=1 3 6 4 -1 8 -3 -5 -2 -4
right_child=5 2 9 7 -6 -7 -8 -9 -10 -11
leaf_value=0.024386453529795606 -0.0048986666504752321 0.033472512238580727 0 0 0 0.0024593430899786293 0.010885445415379363 -0.025712762710109138 -0.02685473284628917 -0.013478664702667063
leaf_weight=10.712128549814222 6.9110696762800261 12.811846464872358 7.3688008040189734 9.2135623693466204 50.246512025594711 7.1132932007312766 20.342403158545494 9.1635542660951597 11.124177038669586 8.0307394266128522
leaf_count=44 30 52 30 38 207 30 83 39 49 33
internal_value=0.00148023 0.00475925 0.0120152 0 0.00492044 -0.0137645 0.0214482 -0.0146742 -0.0205188 -0.00756255
internal_weight=153.038 127.89 48.5538 79.3358 60.9586 25.1485 33.1542 18.3771 18.0352 15.3995
internal_count=635 526 198 328 251 109 135 77 79 63
is_linear=0
shrinkage=0.03


Tree=30
num_leaves=9
num_cat=0
split_feature=40 36 20 13 22 0 24 34
split_gain=9.28276 6.84504 6.6149 5.64444 3.90604 3.80341 4.51931 2.76725
threshold=0.0068424973586019852 0.0038075975991348392 0.028403264748453862 -0.63225063920453184 0.17562463786410579 0.017703885666747857 -0.59439874657265956 0.01102276340830899
decision_type=2 2 2 2 2 2 2 2
left_child=1 -1 5 7 -5 6 -2 -3
right_child=2 3 -4 4 -6 -7 -8 -9
leaf_value=0.03293903767955407 0.00094415963874445053 0.0048740119444887963 0.014555791368842131 0.0021029182524457709 -0.020287143950536341 0.0038357412504404567 -0.016767590465699506 0.026415569443416324
leaf_weight=7.4524550586938849 15.245763614773749 17.012317642569545 10.025048211216925 22.37205840647221 7.4986366778612128 13.903925210237501 46.89555498957634 9.1677187383174878
leaf_count=30 64 70 41 91 31 58 200 37
internal_value=0.0003301 0.00897017 -0.00593322 0.00449986 -0.00396752 -0.00913028 -0.0122944 0.0142891
internal_weight=149.573 63.5032 86.0703 56.0507 29.8707 76.0452 62.1413 26.18
internal_count=622 259 363 229 122 322 264 107
is_linear=0
shrinkage=0.03


Tree=31
num_leaves=10
num_cat=0
split_feature=40 21 36 39 13 28 34 14 8
split_gain=8.7887 13.2813 6.52681 6.19874 7.21395 4.99205 3.73091 3.42165 2.78202
threshold=0.0068424973586019852 0.020433546020559933 0.0038075975991348392 1.0000000180025095e-35 -0.44072985180554974 2.5000000000000004 -0.00039914322828238363 335.81691782251443 -0.040679760250495599
decision_type=2 2 2 2 2 2 2 2 2
left_child=2 5 -1 8 -5 -2 -3 -7 -4
right_child=1 6 3 4 -6 7 -8 -9 -10
leaf_value=0.032173917515610599 0.0015590843586652278 0.022962649954659697 0.0010864379245685821 0.0086134458061615776 -0.017656576059324434 -0.0079934988335670452 0 -0.026186461847472333 0.023887918150573242
leaf_weight=7.4484033435583106 13.428493082523344 11.238284051418306 9.4293559342622775 17.768459767103195 15.520831435918806 23.917821675539017 14.376978293061255 22.958413571119308 13.333145558834074
leaf_count=30 56 47 38 73 64 102 59 99 54
internal_value=0.000351316 -0.00574848 0.00875727 0.00438593 -0.00351618 -0.013429 0.0114533 -0.0179176 0.0158988
internal_weight=149.42 85.92 63.5002 56.0518 33.2893 60.3047 25.6153 46.8762 22.7625
internal_count=622 363 259 229 137 257 106 201 92
is_linear=0
shrinkage=0.03


Tree=32
num_leaves=7
num_cat=0
split_feature=15 26 20 28 20 7
split_gain=7.04349 5.46117 5.19729 10.5635 5.69899 1.70462
threshold=-1215.25743957708 0.037171052631578952 0.022758342263615148 2.5000000000000004 0.023391648414269106 -0.012665864172205594
decision_type=2 2 2 2 2 2
left_child=-1 5 3 -3 -4 -2
right_child=1 2 4 -5 -6 -7
leaf_value=0.022231914806287899 0 0.013049105023911206 0.023933327113722397 -0.015933702185245518 -0.0013660144183296563 0.018640060708796161
leaf_weight=10.275717213749884 7.6684374809265163 12.223485082387922 7.3648396134376517 50.614994168281555 49.211005121469498 11.858281075954435
leaf_count=42 32 51 30 216 202 49
internal_value=0.000364378 -0.00143899 -0.00398282 -0.00983595 0.00237601 0.0123455
internal_weight=149.217 138.941 119.414 62.8385 56.5758 19.5267
internal_count=622 580 499 267 232 81
is_linear=0
shrinkage=0.03


Tree=33
num_leaves=9
num_cat=0
split_feature=38 19 11 37 10 34 28 38
split_gain=7.44778 9.93069 8.95686 5.84349 5.06327 6.46371 3.99998 3.82794
threshold=0.0096157730104344096 0.17929921332832169 0.036100522694490385 0.0099510965333866625 0.05252161962128999 0.03082235894928809 5.5000000000000009 0.007939838977807331
decision_type=2 2 2 2 2 2 2 2
left_child=1 3 4 7 5 -2 -5 -1
right_child=2 -3 -4 6 -6 -7 -8 -9
leaf_value=-0.0077858514012042902 0.020209280126755678 0.022611344035577585 -0.019543628468054505 -0.0046277472371794347 -0.0087788944940713209 -0.0034569665993502328 -0.022697837850076213 0.014935456717054216
leaf_weight=11.609625801444055 42.269046053290367 7.762590453028678 7.3750006109476081 24.139616504311562 7.3024615794420233 11.551323041319845 26.497216269373894 10.573977947235106
leaf_count=49 172 32 31 103 30 47 115 43
internal_value=0.000381917 -0.00563326 0.0076302 -0.00936853 0.0116619 0.0149193 -0.0148716 0.00276367
internal_weight=149.081 80.583 68.4978 72.8204 61.1228 53.8204 50.6368 22.1836
internal_count=622 342 280 310 249 219 218 92
is_linear=0
shrinkage=0.03


Tree=34
num_leaves=12
num_cat=0
split_feature=40 21 36 39 13 35 0 40 37 5 13
split_gain=7.84571 12.0327 6.11128 5.70668 6.8047 4.47177 3.39517 2.7887 2.45223 2.32272 2.07315
threshold=0.0068424973586019852 0.020433546020559933 0.0038075975991348392 1.0000000180025095e-35 -0.44072985180554974 0.04196337677817575 -0.010318584442771393 0.033994729897033234 0.053073017408123764 -0.072857246962902009 2.2740769685597155
decision_type=2 2 2 2 2 2 2 2 2 2 2
left_child=2 5 -1 9 -5 6 -2 -3 -9 -4 -7
right_child=1 7 3 4 -6 10 -8 8 -10 -11 -12
leaf_value=0.030983551011331052 0.0072437383743910585 -0.0025017381841665378 0.00034359864588558463 0.0082659520655049157 -0.017261473771990103 -0.031713722032506095 -0.011086001536791892 0.024824246504038291 0.00056606244966757465 0.021809979185328288 -0.0059384256593584105
leaf_weight=7.426852121949195 9.9398272484540922 7.4740083217620876 8.4045686423778552 17.756341382861137 15.471419408917425 11.974688842892649 31.035916805267334 10.891875937581064 7.2793782800436011 14.300287604331968 6.92269742488861
leaf_count=30 42 31 34 73 64 52 133 45 30 58 30
internal_value=0.000354875 -0.0054199 0.00830612 0.00407036 -0.00349944 -0.012783 -0.00616039 0.010909 0.0168697 0.0151421 -0.0244612
internal_weight=148.878 85.5184 63.3595 55.9326 33.2278 59.8731 40.9757 25.6453 18.1713 22.7049 18.8974
internal_count=622 363 259 229 137 257 175 106 75 92 82
is_linear=0
shrinkage=0.03


Tree=35
num_leaves=9
num_cat=0
split_feature=35 20 11 15 5 19 20 22
split_gain=7.69456 5.57715 10.6399 6.81014 10.0706 4.93538 4.67538 1.90864
threshold=-0.088583591891673683 0.022758342263615148 -0.015480956448814252 -257.69858797770132 -0.0087241283181406209 0.13270940617586374 0.024065580930953533 0.15784632140129154
decision_type=2 2 2 2 2 2 2 2
left_child=-1 3 5 7 -5 -3 -4 -2
right_child=1 2 6 4 -6 -7 -8 -9
leaf_value=0.023778830880196809 -0.027101278232324492 0.029476963423885914 0.0081001879353369485 0.017647151731732671 -0.011018428000809462 0.0035938648843612578 -0.013603456534013613 -0.0055385530566051501
leaf_weight=7.3171356320381156 17.869276165962223 11.079780995845796 9.8510462492704374 13.380625680088995 36.011577263474464 17.998537793755531 30.643796801567078 8.4569256305694562
leaf_count=30 75 45 41 56 155 73 127 36
internal_value=-0.00247658 -0.00420561 0.0017374 -0.00976349 -0.00257634 0.0152011 -0.00783796 -0.0215842
internal_weight=152.609 145.292 69.5732 75.7184 49.3922 29.0783 40.4948 26.3262
internal_count=638 608 286 322 211 118 168 111
is_linear=0
shrinkage=0.03


Tree=36
num_leaves=10
num_cat=0
split_feature=20 28 15 37 21 5 21 36 37
split_gain=6.23117 12.9827 6.23994 6.52572 8.93126 4.68075 4.41401 4.92908 3.32308
threshold=0.022758342263615148 2.5000000000000004 -847.08011797193478 -0.020499221113990492 0.019975332148665623 0.05462318161570668 0.012256571290972766 0.0061151268203997475 -0.023883329678272777
decision_type=2 2 2 2 2 2 2 2 2
left_child=1 5 8 -4 -5 -1 -3 -8 -2
right_child=2 6 3 4 -6 -7 7 -9 -10
leaf_value=0.027188966381984966 0.029063508257716378 0.004533124261803057 -0.022847655243457436 -0.0094180142286299402 0.015263652558434506 -0.0019045523539401282 -0.025354792290043133 -0.0058737968721628703 0.0013521714456804904
leaf_weight=8.5847025513648969 9.2931962311267871 7.5699531137943259 8.4122827649116498 23.292128801345825 25.044231995940208 7.2703073471784583 30.369227916002274 24.461545050144196 8.1013439595699293
leaf_count=35 38 32 34 97 103 31 130 105 33
internal_value=-0.00239028 -0.0082565 0.00365856 -0.00107754 0.00317051 0.0142891 -0.0144837 -0.0174403 0.018401
internal_weight=152.399 78.2557 74.1432 56.7486 48.3364 15.855 62.4007 54.8308 17.3945
internal_count=638 333 305 234 200 66 267 235 71
is_linear=0
shrinkage=0.03


Tree=37
num_leaves=8
num_cat=0
split_feature=39 8 31 21 38 5 34
split_gain=7.58662 5.55535 4.58515 5.72974 6.68895 5.72947 3.6018
threshold=1.0000000180025095e-35 -0.037558759130174847 -3.4999999999999996 0.021317558941943079 0.0063509639804974994 0.068155723600899401 -0.0038068581678278308
decision_type=2 2 2 2 2 2 2
left_child=1 -1 -2 4 -4 -5 -3
right_child=2 6 3 5 -6 -7 -8
leaf_value=-0.0039858033990211716 0.014286188925457428 0.031869026152597825 0.0093987601251099839 0.023879080527215775 -0.013637202285301079 -0.0052153075509041753 0.0035327103789494982
leaf_weight=12.323625013232233 7.2249220460653296 9.2334917038679158 10.88209420442581 7.6722123920917538 81.984156712889671 13.563357830047606 9.2822552472352946
leaf_count=50 30 38 46 31 348 57 38
internal_value=-0.00231492 0.0103768 -0.00577854 -0.00740245 -0.0106385 0.00580127 0.0201239
internal_weight=152.166 30.8394 121.327 114.102 92.8663 21.2356 18.5157
internal_count=638 126 512 482 394 88 76
is_linear=0
shrinkage=0.03


Tree=38
num_leaves=8
num_cat=0
split_feature=39 8 31 8 5 36 5
split_gain=7.18155 5.30686 4.35466 4.74505 7.89882 2.56735 2.26461
threshold=1.0000000180025095e-35 -0.037558759130174847 -3.4999999999999996 0.018866779898642671 0.063450802411151211 0.0038853930836176193 -0.010257480617741564
decision_type=2 2 2 2 2 2 2
left_child=1 -1 -2 5 -5 -4 -3
right_child=2 6 3 4 -6 -7 -8
leaf_value=-0.0038832525221385123 0.013931950635538023 0.02733308985384374 0.0011274318897797151 0.016001413358304871 -0.0090411063185744222 -0.014143058880011257 0.0028251734836149136
leaf_weight=12.322436109185221 7.2370312064886084 11.2413427233696 9.3215209692716581 16.349064096808434 27.528439402580261 60.701273009181023 7.2493844032287589
leaf_count=50 30 46 38 67 117 260 30
internal_value=-0.00221664 0.0101313 -0.00559288 -0.00718188 0.000253745 -0.0119271 0.0196703
internal_weight=151.95 30.8132 121.137 113.9 43.8775 70.0228 18.4907
internal_count=638 126 512 482 184 298 76
is_linear=0
shrinkage=0.03


Tree=39
num_leaves=8
num_cat=0
split_feature=35 38 38 13 13 2 0
split_gain=6.75138 5.04875 10.3728 7.26478 6.22584 3.27407 3.03287
threshold=-0.088583591891673683 0.0078650509055259027 0.0063509639804974994 5.6406895664646983 -4.7149048401817835 0.026979192861961602 -0.011164105030696035
decision_type=2 2 2 2 2 2 2
left_child=-1 2 -2 4 -3 -5 -4
right_child=1 3 6 5 -6 -7 -8
leaf_value=0.022552473696896377 0.0095463076964898454 -0.0082871351636634102 -0.0030200379826104263 -0.026139330286000555 0.0088450243207173242 0 -0.027148667233290163
leaf_weight=7.2427780479192725 11.810873851180075 24.954238772392273 8.39191582798958 10.245829343795778 60.248187631368637 7.2960999757051459 21.511651247739792
leaf_count=30 50 104 36 44 249 30 95
internal_value=-0.00213175 -0.00376284 -0.0123037 0 0.00358033 -0.0166546 -0.0214614
internal_weight=151.702 144.459 41.7144 102.744 85.2024 17.5419 29.9036
internal_count=638 608 181 427 353 74 131
is_linear=0
shrinkage=0.03


Tree=40
num_leaves=12
num_cat=0
split_feature=37 40 13 5 37 36 13 35 12 37 5
split_gain=6.88153 8.39694 5.97338 6.24492 5.98675 4.43629 4.19991 3.94869 6.49005 3.16911 3.01248
threshold=0.007958072948113017 0.030787553786406411 -1.9278192888704415 0.068155723600899401 0.045067047498428499 0.00452127651180798 5.6406895664646983 0.039027212967684639 39.804390453871541 0.016216918756090663 -0.059625742164510158
decision_type=2 2 2 2 2 2 2 2 2 2 2
left_child=6 5 4 -4 -3 -2 7 10 -9 -7 -1
right_child=1 2 3 -5 -6 9 -8 8 -10 -11 -12
leaf_value=0.002311618714891953 0.00092779744409960047 0.004538475570105116 0.019675170670492906 -0.0038250859292401976 -0.023455090984369573 -0.0040683922550546255 -0.0066186741402310418 0.018542153427361836 -0.011688019619715377 -0.030769199040942708 0.025727165592011682
leaf_weight=8.9487478882074374 7.9654862433671978 12.002542659640314 21.205819860100746 15.540120661258696 10.986849531531332 8.0628557205200213 10.704669579863547 9.631929889321329 11.92853160202503 14.46300648152828 19.20255383849144
leaf_count=37 33 51 90 67 48 34 45 39 49 63 79
internal_value=0.000882897 -0.00422675 0.0021613 0.00966517 -0.00904614 -0.0165659 0.00864495 0.0123507 0.00160795 -0.0229347 0.0194284
internal_weight=150.643 90.2267 59.7353 36.7459 22.9894 30.4913 60.4164 49.7118 21.5605 22.5259 28.1513
internal_count=635 386 256 157 99 130 249 204 88 97 116
is_linear=0
shrinkage=0.03


Tree=41
num_leaves=12
num_cat=0
split_feature=37 21 19 19 5 15 8 8 34 12 24
split_gain=6.53281 4.4659 5.05784 6.728 4.08659 7.9757 4.53221 6.24793 3.69427 3.10277 0.834763
threshold=0.007958072948113017 0.0209496570813958 0.084536457357481845 0.048476684084313978 -0.072857246962902009 -1102.7634163043501 -0.013305086602657092 0.009584436427979846 -0.00039914322828238363 62.245678730102092 -0.077152014652014642
decision_type=2 2 2 2 2 2 2 2 2 2 2
left_child=4 2 3 -2 5 -1 10 -8 -3 -4 -6
right_child=1 8 9 -5 6 -7 7 -9 -10 -11 -12
leaf_value=0.017299246501413665 -0.018207275770492842 0.020167634436087791 -0.019916902301144759 0.01340759113601488 0.032263569440899011 -0.019463883518931458 -0.012742933865390904 0.014974013046221361 -0.0025936063180728229 -0.0027662130510263138 0.0099291885903588142
leaf_weight=7.3381134718656567 6.8672967702150371 8.7785674482584017 26.795690104365349 16.429360777139664 8.8423921465873736 10.020604267716406 9.5776289850473422 17.030847132205963 12.602916821837423 18.630174100399017 7.5949152112007132
leaf_count=30 30 37 116 70 36 41 41 70 52 81 31
internal_value=0.000850139 -0.00413055 -0.00791748 0.00279262 0.00841436 -0.00296638 0.0132647 0.00427968 0.00703565 -0.0136126 0.024954
internal_weight=150.509 90.104 68.7225 23.2967 60.4045 17.3587 43.0458 26.6085 21.3815 45.4259 16.4373
internal_count=635 386 297 100 249 71 178 111 89 197 67
is_linear=0
shrinkage=0.03


Tree=42
num_leaves=9
num_cat=0
split_feature=23 20 34 19 19 11 15 1
split_gain=5.55919 10.9915 6.08566 5.9613 7.42386 5.03576 2.87634 2.29974
threshold=0.86597093862996422 0.023070360102227617 -0.028362441417357828 0.10474110353969525 0.048476684084313978 -0.0055298846462144549 -221.49159573340521 -0.0036797560443025397
decision_type=2 2 2 2 2 2 2 2
left_child=1 7 -2 4 -4 -5 -3 -1
right_child=2 6 3 5 -6 -7 -8 -9
leaf_value=-0.0059463395401915774 0.021744632421172 0.019280262259678077 -0.014856504126512959 0.0045657088766474585 0.01547356763594745 -0.012416074385321699 -0.0021541685142982677 -0.032471278377524837
leaf_weight=7.221763119101527 13.526436999440191 7.265444993972781 6.8462840765714637 25.907578483223915 35.328625947237015 32.253939673304558 10.897827506065367 11.08082804083824
leaf_count=32 56 30 30 106 146 138 46 51
internal_value=0.000834947 -0.008936 0.0041939 0.00130257 0.00976079 -0.00470204 0.0067378 -0.0243608
internal_weight=150.329 36.4659 113.863 100.336 42.1749 58.1615 18.1633 18.3026
internal_count=635 159 476 420 176 244 76 83
is_linear=0
shrinkage=0.03


Tree=43
num_leaves=6
num_cat=0
split_feature=35 36 36 36 33
split_gain=5.69157 5.88082 6.53866 11.6414 6.95449
threshold=-0.088583591891673683 0.0038075975991348392 0.0063280936571889638 0.0076378465208449446 0.32929750484299425
decision_type=2 2 2 2 2
left_child=-1 -2 4 -4 -3
right_child=1 2 3 -5 -6
leaf_value=0.023095989726087462 0.017137416441935071 0.0039946770388909402 0.016263572644124806 -0.0082502210419574205 -0.016108471691949764
leaf_weight=7.6884537339210501 12.897723391652105 20.900231525301933 32.233294948935509 32.945724695920944 43.443494468927383
leaf_count=32 53 88 134 141 187
internal_value=0.000801876 -0.000600967 -0.00271512 0.00377269 -0.00942887
internal_weight=150.109 142.42 129.523 65.179 64.3437
internal_count=635 603 550 275 275
is_linear=0
shrinkage=0.03


Tree=44
num_leaves=9
num_cat=0
split_feature=37 38 21 18 13 38 17 34
split_gain=5.82451 4.70405 7.27795 5.02904 3.90259 4.54665 7.55956 3.27141
threshold=0.007958072948113017 0.0064205304458383296 0.0209496570813958 0.28489360892422383 5.6406895664646983 0.0078995955767183126 -55.060713720561118 -0.00039914322828238363
decision_type=2 2 2 2 2 2 2 2
left_child=4 -2 3 -3 5 -1 -7 -4
right_child=1 2 7 -5 -6 6 -8 -9
leaf_value=-0.006221011333334526 0.012534184906491514 0.0017656688815291372 0.019732224995434151 -0.017279902903259529 -0.006750206083390181 -0.00052828308500476576 0.024834669329875922 -0.0017192269659901456
leaf_weight=8.4149244725704175 11.070911750197409 14.956181541085241 8.7726320177316683 42.59120985865593 10.654155388474463 15.00102105736732 26.14380452036858 12.352826252579687
leaf_count=36 47 64 37 187 45 61 107 51
internal_value=0.00079551 -0.00391163 -0.0066652 -0.0121851 0.00795242 0.0115433 0.0156441 0.00747627
internal_weight=149.958 89.7438 78.6728 57.5474 60.2139 49.5598 41.1448 21.1255
internal_count=635 386 339 251 249 204 168 88
is_linear=0
shrinkage=0.03


Tree=45
num_leaves=7
num_cat=0
split_feature=32 39 19 8 21 4
split_gain=5.64156 7.67402 5.25267 7.35122 5.62628 4.7552
threshold=-0.017728013840141384 1.0000000180025095e-35 0.086671863177097463 -0.014258476742385938 0.021191493181126824 -0.007966072614903728
decision_type=2 2 2 2 2 2
left_child=-1 5 3 -3 -4 -2
right_child=1 2 4 -5 -6 -7
leaf_value=-0.017696636619767916 0.0025742641490087421 0.026025767021561164 -0.010589922855539134 -0.00076143946160339043 0.0062289987710291506 0.029117985856810583
leaf_weight=11.575315862894056 13.907302275300028 11.516918927431105 54.365242883563042 25.518402293324471 23.455909490585327 12.036516204476355
leaf_count=48 57 48 233 110 97 50
internal_value=0.000660228 0.00250112 -0.000791605 0.00809099 -0.00530359 0.0166285
internal_weight=152.376 140.8 114.856 37.0353 77.8212 25.9438
internal_count=643 595 488 158 330 107
is_linear=0
shrinkage=0.03


Tree=46
num_leaves=8
num_cat=0
split_feature=32 39 28 0 19 12 12
split_gain=5.37292 7.2911 5.63447 5.86462 5.15149 5.12356 2.04034
threshold=-0.017728013840141384 1.0000000180025095e-35 6.5000000000000009 -0.0088305635762628825 0.089343097722237336 45.57270641227214 33.272322350373159
decision_type=2 2 2 2 2 2 2
left_child=-1 5 4 -4 -3 6 -2
right_child=1 2 3 -5 -6 -7 -8
leaf_value=-0.017271064816658032 0.012695060295193992 0.017064419226341165 0.0074364244865971554 -0.013084386302062434 -0.00078102656363331384 0.029850901805614657 -0.0068131657336220749
leaf_weight=11.554324015974997 7.344018682837488 20.336214855313301 14.963317960500715 42.309012979269028 37.182927146553993 11.316672414541243 7.2540306150913239
leaf_count=48 30 85 63 181 159 47 30
internal_value=0.000654299 0.0024528 -0.000753978 -0.00739991 0.00563771 0.0162312 0.00244448
internal_weight=152.261 140.706 114.791 57.2723 57.5191 25.9147 14.598
internal_count=643 595 488 244 244 107 60
is_linear=0
shrinkage=0.03


Tree=47
num_leaves=11
num_cat=0
split_feature=39 21 28 15 15 36 10 21 38 22
split_gain=5.09185 4.97044 4.79986 12.7547 11.358 4.87499 6.25804 4.68029 3.99945 0.610467
threshold=1.0000000180025095e-35 0.02238953008146477 6.5000000000000009 641.85175376835002 -309.01885359309307 0.0038853930836176193 0.0373490466297225 0.01755731959517395 0.0090356026599184066 0.065541721759246788
decision_type=2 2 2 2 2 2 2 2 2 2
left_child=1 7 3 4 -2 -4 -7 -1 -5 -9
right_child=2 -3 5 8 -6 6 -8 9 -10 -11
leaf_value=-0.00034117215303096582 -0.0080441825190443721 -0.0077229108866879856 0.011495106037672759 -0.0016511919244008128 0.027041700323567914 -0.015860062334757088 0.009933078028626658 0.032627967314011255 -0.026155265696801922 0.010620066617460096
leaf_weight=7.4912219941616121 10.460888445377348 7.2590240538120261 7.5874866992235175 18.915236234664921 23.027673929929733 44.725327849388123 8.1531321406364423 9.0397483110427874 8.2055108845233899 7.2872712910175315
leaf_count=31 44 30 31 83 95 193 34 37 35 30
internal_value=0.000643362 0.0111585 -0.00207121 0.00367502 0.0158235 -0.00800445 -0.0113927 0.0176464 -0.0108673 0.0258545
internal_weight=152.153 31.0773 121.075 60.6093 33.4886 60.4659 52.8785 23.8182 27.1207 16.327
internal_count=643 128 515 257 139 258 227 98 118 67
is_linear=0
shrinkage=0.03


Tree=48
num_leaves=8
num_cat=0
split_feature=39 21 21 21 21 4 18
split_gain=4.8334 4.74686 4.58278 4.48305 3.98864 4.36135 4.33208
threshold=1.0000000180025095e-35 0.02238953008146477 0.012830276186225868 0.01755731959517395 0.021317558941943079 0.026698567904333229 0.64574976689663577
decision_type=2 2 2 2 2 2 2
left_child=1 3 -2 -1 5 -4 -6
right_child=2 -3 4 -5 6 -7 -8
leaf_value=-0.00033309286677890928 0.013713992985268019 -0.0075357029524085982 -0.0024772044897285591 0.025271450451061578 -0.009694075830053302 -0.017695656049703676 0.014320073500966099
leaf_weight=7.4912426620721879 12.39864046871662 7.2657587230205527 59.579248860478401 16.308177664875984 8.1487750411033648 24.081951111555099 16.677822798490524
leaf_count=31 53 30 256 67 34 103 69
internal_value=0.000631073 0.0108782 -0.00201433 0.0172296 -0.00416333 -0.00734383 0.00574373
internal_weight=151.952 31.0652 120.886 23.7994 108.488 83.6612 24.8266
internal_count=643 128 515 98 462 359 103
is_linear=0
shrinkage=0.03


Tree=49
num_leaves=8
num_cat=0
split_feature=32 39 28 15 17 12 12
split_gain=5.06635 6.3211 5.04769 10.5407 5.68789 4.74155 1.90817
threshold=-0.017728013840141384 1.0000000180025095e-35 6.5000000000000009 922.53312144481504 6.4400079478045038 45.57270641227214 33.272322350373159
decision_type=2 2 2 2 2 2 2
left_child=-1 5 3 -3 -4 6 -2
right_child=1 2 4 -5 -6 -7 -8
leaf_value=-0.016822847756174774 0.01197521841522974 0.013884958424062996 0.0015545806867701948 -0.012689200270700383 -0.016595369009478677 0.028315373666396818 -0.0069231015681418462
leaf_weight=11.510117620229719 7.3319246768951434 40.038898453116417 30.413625329732895 17.425471886992455 26.62214207649231 11.271299645304678 7.253639280796051
leaf_count=48 30 166 130 78 114 47 30
internal_value=0.000609619 0.00236082 -0.000621379 0.00541862 -0.00693826 0.0152016 0.00197087
internal_weight=151.867 140.357 114.5 57.4644 57.0358 25.8569 14.5856
internal_count=643 595 488 244 244 107 60
is_linear=0
shrinkage=0.03


Tree=50
num_leaves=8
num_cat=0
split_feature=28 5 4 32 33 34 3
split_gain=8.10941 7.52517 6.37623 4.45147 4.28729 1.90053 1.32778
threshold=2.5000000000000004 0.062190069849874748 -0.067315005099714484 -0.012788158267520831 0.17843066289957274 -0.0011616372059339295 -0.0440708966746906
decision_type=2 2 2 2 2 2 2
left_child=1 5 6 -4 -5 -1 -2
right_child=2 -3 3 4 -6 -7 -8
leaf_value=0.0075527496460043994 -0.0077792019228105826 -0.0074728380404021199 -0.017706249531561483 0.013791772185910245 -0.0030901691569428492 0.033386224216108387 -0.031661301926963294
leaf_weight=7.9124156981706646 7.6155017912387848 9.0320682227611524 13.666166037321089 14.013049662113188 84.050274848937988 8.2371888905763644 7.5414880365133268
leaf_count=33 31 39 58 58 361 34 32
internal_value=-0.00246736 0.0122953 -0.00565884 -0.00283524 -0.000300425 0.0237827 -0.0228418
internal_weight=152.068 25.1817 126.886 111.729 98.0633 16.1496 15.157
internal_count=646 106 540 477 419 67 63
is_linear=0
shrinkage=0.03


Tree=51
num_leaves=9
num_cat=0
split_feature=23 38 5 8 26 20 22 7
split_gain=6.77878 5.73365 5.38507 5.56307 4.41293 7.29668 2.85785 2.64019
threshold=0.89878150988001337 0.0066132866631609223 -0.020143198513835666 0.028112435401985138 0.38361777055397539 0.028224062470627979 0.004229150078699174 -0.0028250829323348613
decision_type=2 2 2 2 2 2 2 2
left_child=2 -2 7 -4 5 -3 -6 -1
right_child=1 4 3 -5 6 -7 -8 -9
leaf_value=-0.007838075872178751 0.02096194307995599 -0.0087160910135212193 -0.028518342497649722 0 0.017162293678372173 0.016342725366550747 -0.001564940317643351 0.013641956658563712
leaf_weight=9.9511355906724948 10.270228132605551 61.808231696486473 18.358680680394176 9.4295564591884595 14.968127384781839 10.289810866117476 10.017922416329382 6.8657912015914908
leaf_count=42 43 261 84 40 62 42 42 30
internal_value=-0.00240328 0.00159393 -0.012001 -0.0196918 -0.000685324 -0.00459269 0.00953843 0.000652223
internal_weight=151.959 107.354 44.6052 27.7882 97.0841 72.098 24.986 16.8169
internal_count=646 450 196 124 407 303 104 72
is_linear=0
shrinkage=0.03


Tree=52
num_leaves=9
num_cat=0
split_feature=28 5 4 20 2 21 20 17
split_gain=7.66208 7.12269 6.19087 9.02706 7.49789 5.97218 3.99014 1.0409
threshold=2.5000000000000004 0.066258956878090261 -0.067315005099714484 0.022758342263615148 0.026979192861961602 0.012884151614872634 0.022483550416042306 6.4400079478045038
decision_type=2 2 2 2 2 2 2 2
left_child=1 6 7 5 -5 -4 -1 -2
right_child=2 -3 3 4 -6 -7 -8 -9
leaf_value=0.033900175911980954 -0.0085272443476112608 -0.0085954867178253697 0.0068901970458423323 0.013486977085183703 -0.01150282721112148 -0.01481932203726171 0.0026951819137960532 -0.03107754163758647
leaf_weight=9.4129953533411079 8.0166324973106367 8.056940481066702 12.280095040798185 36.728671625256538 12.647904530167578 49.841445162892342 7.6766196042299262 7.0917132496833792
leaf_count=39 33 35 53 152 53 219 32 30
internal_value=-0.00232481 0.0120287 -0.00543506 -0.00265222 0.00659523 -0.0102128 0.0224197 -0.0223845
internal_weight=151.753 25.1466 126.606 111.498 49.3766 62.1215 17.0896 15.1083
internal_count=646 106 540 477 205 272 71 63
is_linear=0
shrinkage=0.03


end of trees

feature_importances:
macro_topix_vol_20=32
macd_signal=27
atr_pct=24
return_20d=23
volatility=23
month=23
macro_usdjpy_vol_20=23
bb_bandwidth=22
macro_topix_ret_20=22
macro_usdjpy_ret_20=18
rsi_change=16
vol_ratio=15
macro_usdjpy_ret_60=13
macro_topix_above_200dma=13
macro_nikkei_ret_20=12
div_ma_20=11
macd_hist_change=11
vol_change=10
return_2d=9
price_position_20d=9
ma_20_60_cross=8
rsi=8
macd=8
return_1d=6
return_3d=6
return_10d=6
div_ma_60=6
ma_5_20_cross=6
candle_body_pct=6
gap=6
return_5d=5
div_ma_5=4
div_ma_10=4
lower_shadow_pct=4
bb_pct_b=3
streak=2
macd_hist=1
upper_shadow_pct=1

parameters:
[boosting: gbdt]
[objective: binary]
[metric: binary_logloss]
[tree_learner: serial]
[device_type: cpu]
[data_sample_strategy: bagging]
[data: ]
[valid: ]
[num_iterations: 500]
[learning_rate: 0.03]
[num_leaves: 15]
[num_threads: 0]
[seed: 42]
[deterministic: 0]
[force_col_wise: 0]
[force_row_wise: 0]
[histogram_pool_size: -1]
[max_depth: 4]
[min_data_in_leaf: 30]
[min_sum_hessian_in_leaf: 0.001]
[bagging_fraction: 0.7]
[pos_bagging_fraction: 1]
[neg_bagging_fraction: 1]
[bagging_freq: 5]
[bagging_seed: 400]
[bagging_by_query: 0]
[feature_fraction: 0.6]
[feature_fraction_bynode: 1]
[feature_fraction_seed: 30056]
[extra_trees: 0]
[extra_seed: 12879]
[early_stopping_round: 0]
[early_stopping_min_delta: 0]
[first_metric_only: 0]
[max_delta_step: 0]
[lambda_l1: 0.5]
[lambda_l2: 2]
[linear_lambda: 0]
[min_gain_to_split: 0]
[drop_rate: 0.1]
[max_drop: 50]
[skip_drop: 0.5]
[xgboost_dart_mode: 0]
[uniform_drop: 0]
[drop_seed: 17869]
[top_rate: 0.2]
[other_rate: 0.1]
[min_data_per_group: 100]
[max_cat_threshold: 32]
[cat_l2: 10]
[cat_smooth: 10]
[max_cat_to_onehot: 4]
[top_k: 20]
[monotone_constraints: ]
[monotone_constraints_method: basic]
[monotone_penalty: 0]
[feature_contri: ]
[forcedsplits_filename: ]
[refit_decay_rate: 0.9]
[cegb_tradeoff: 1]
[cegb_penalty_split: 0]
[cegb_penalty_feature_lazy: ]
[cegb_penalty_feature_coupled: ]
[path_smooth: 0]
[interaction_constraints: ]
[verbosity: -1]
[saved_feature_importance_type: 0]
[use_quantized_grad: 0]
[num_grad_quant_bins: 4]
[quant_train_renew_leaf: 0]
[stochastic_rounding: 1]
[linear_tree: 0]
[max_bin: 255]
[max_bin_by_feature: ]
[min_data_in_bin: 5]
[bin_construct_sample_cnt: 200000]
[data_random_seed: 175]
[is_enable_sparse: 1]
[enable_bundle: 1]
[use_missing: 1]
[zero_as_missing: 0]
[feature_pre_filter: 1]
[pre_partition: 0]
[two_round: 0]
[header: 0]
[label_column: ]
[weight_column: ]
[group_column: ]
[ignore_column: ]
[categorical_feature: ]
[forcedbins_filename: ]
[precise_float_parser: 0]
[parser_config_file: ]
[objective_seed: 16083]
[num_class: 1]
[is_unbalance: 0]
[scale_pos_weight: 1]
[sigmoid: 1]
[boost_from_average: 1]
[reg_sqrt: 0]
[alpha: 0.9]
[fair_c: 1]
[poisson_max_delta_step: 0.7]
[tweedie_variance_power: 1.5]
[lambdarank_truncation_level: 30]
[lambdarank_norm: 1]
[label_gain: ]
[lambdarank_position_bias_regularization: 0]
[eval_at: ]
[multi_error_top_k: 1]
[auc_mu_weights: ]
[num_machines: 1]
[local_listen_port: 12400]
[time_out: 120]
[machine_list_filename: ]
[machines: ]
[gpu_platform_id: -1]
[gpu_device_id: -1]
[gpu_use_dp: 0]
[num_gpu: 1]

end of parameters

pandas_categorical:[]
