tree
version=v4
num_class=1
num_tree_per_iteration=1
label_index=0
max_feature_idx=44
objective=binary sigmoid:1
feature_names=return_1d return_2d return_3d return_5d return_10d return_20d div_ma_5 div_ma_10 div_ma_20 div_ma_60 ma_5_20_cross ma_20_60_cross rsi rsi_change macd macd_signal macd_hist macd_hist_change bb_pct_b bb_bandwidth atr_pct volatility vol_change vol_ratio candle_body_pct upper_shadow_pct lower_shadow_pct day_of_week month is_month_end is_month_start streak gap price_position_20d macro_usdjpy_ret_20 macro_usdjpy_ret_60 macro_usdjpy_vol_20 macro_topix_ret_20 macro_topix_vol_20 macro_topix_above_200dma macro_nikkei_ret_20 macro_nikkei_above_200dma macro_nikkei_vi macro_jgb10y macro_bias_score
feature_infos=[-0.13954293628808867:0.14084507042253525] [-0.18870388507998692:0.15995975855130795] [-0.22645914396887157:0.16481774960380347] [-0.222587204755201:0.22877263581488938] [-0.2293378818421461:0.26116700201207244] [-0.19903303787268334:0.34080421885299939] [-0.16242542721358996:0.11272595149423205] [-0.19108072916666666:0.13273845300291279] [-0.20326389278529003:0.15820077055806364] [-0.17377812257563999:0.3074126194736474] [-0.097525898842169334:0.10513565891472876] [-0.049194956353055264:0.1468954191271532] [12.652767792954705:93.939393939393938] [-31.195462478184993:28.648322401104174] [-145.33876561602756:1023.432445851653] [-109.86394446721462:887.00424849549995] [-320.15961344547577:253.02416846448864] [-141.48939724939328:88.190580156901945] [-0.42078938242160807:1.4329678010208557] [0.032167733331545684:0.32111946415350284] [0.01407158152340165:0.05672647313387448] [0.007941467328803865:0.054120000295230807] [-0.92507552870090637:7.5500128567755205] [0.50012696940589363:1.9856422339211428] [-1:1] [0:0.9375] [0:0.91156462585034015] [0:4] [1:12] none [0:1] [-9:9] [-0.0813711911357341:0.11468812877263579] [0:1] [-0.10288784967882303:0.08505611680078462] [-0.13986255140503889:0.13160084488587853] [0.0024251968629527628:0.011841457708833433] [-0.22586490939044479:0.19897850606512013] [0.0040695656522785678:0.036437277456277402] [0:1] [-0.22859537662338159:0.23022297972565586] [0:1] none none none
tree_sizes=1171 1293 1176 787 787 1410 1416 1398 1179 1402 1086 1205 1176 1505 1198 1317 1302 1103 1196 1098 964 1072 888 1075 1283 970 1096 992 1310 989 984 881 970 1103 1199 994 1078 1077 1108 994 872 993 883 1198 987 764 783 783 763 888

Tree=0
num_leaves=10
num_cat=0
split_feature=15 28 14 15 5 17 1 26 35
split_gain=17.1045 12.2688 22.1437 21.7222 7.8626 6.53168 5.9382 5.6253 3.23508
threshold=-20.675923810798174 6.5000000000000009 73.376318381470142 132.57758922350948 0.060654474820165956 -3.4813940594219335 0.0068773192197594266 0.17312495539855852 0.048026981734366044
decision_type=2 2 2 2 2 2 2 2 2
left_child=8 2 5 4 -3 -2 -5 -4 -1
right_child=1 3 7 6 -6 -7 -8 -9 -10
leaf_value=0.10140156990340553 0.073213844032723532 0.058809898864020882 0.050251016878607689 0.099462875849987822 0.029949514757290199 0.10820120811441088 0.070043379802396277 0.073069863038034241 0.074887087173475905
leaf_weight=18.476145595312122 7.740006938576701 36.203258261084557 13.981948018074034 10.236783370375635 12.234204515814779 17.976790308952332 10.236783370375631 21.47227731347084 7.4903292953968039
leaf_count=74 31 145 56 41 49 72 41 86 30
internal_value=0.0737042 0.0692692 0.0787822 0.0606557 0.0498507 0.0990706 0.0852341 0.0637987 0.0950538
internal_weight=156.049 130.082 61.171 68.911 48.4375 25.7168 20.4736 35.4542 25.9665
internal_count=625 521 245 276 194 103 82 142 104
is_linear=0
shrinkage=1


Tree=1
num_leaves=11
num_cat=0
split_feature=5 28 17 34 17 40 12 9 28 35
split_gain=12.2721 11.9827 9.4651 7.30473 5.6496 7.4932 5.02033 4.4306 9.37193 3.98063
threshold=0.045601818173802273 8.5000000000000018 0.45662898687526449 -0.022650453738951578 -3.3803143381228895 0.0062074822046825915 55.936170748282215 0.1597647499335926 8.5000000000000018 0.042215911581833028
decision_type=2 2 2 2 2 2 2 2 2 2
left_child=1 2 9 -2 -3 -6 -4 8 -5 -1
right_child=3 4 6 7 5 -7 -8 -9 -10 -11
leaf_value=0.010862898164098769 -0.030103491947621939 0.01198683799713453 0.035575440530654187 0.0011601905144399268 0.0010075214447981351 -0.031032785319338396 0.0049776554094106348 0.013438728564304564 -0.026165917276047414 -0.012762131811079836
leaf_weight=16.726480215787891 8.9910445809364301 9.9864950776100141 21.948221400380138 36.201319351792336 13.48119278252125 9.2390089780092222 8.4820236116647703 9.7352934479713422 13.738685220479963 7.489849478006362
leaf_count=67 36 40 88 145 54 37 34 39 55 30
internal_value=0.0018118 0.00925492 0.017679 -0.00743859 -0.00459565 -0.0128713 0.0283422 -0.00291509 -0.00678661 0.0025676
internal_weight=156.02 87.3533 54.6466 68.6663 32.7067 22.7202 30.4302 59.6753 49.94 24.2163
internal_count=625 350 219 275 131 91 122 239 200 97
is_linear=0
shrinkage=0.03


Tree=2
num_leaves=10
num_cat=0
split_feature=15 28 14 15 37 3 33 36 35
split_gain=15.8169 11.1873 20.6404 20.3961 7.537 6.02307 5.29161 3.91498 2.86149
threshold=-20.675923810798174 6.5000000000000009 73.376318381470142 132.57758922350948 0.007958072948113017 -0.012005414714596428 0.79700307377049195 0.0065757204069472877 0.048026981734366044
decision_type=2 2 2 2 2 2 2 2 2
left_child=8 2 5 4 -3 -2 -5 -4 -1
right_child=1 3 7 6 -6 -7 -8 -9 -10
leaf_value=0.028313589320999522 0.0050327295446798937 -0.0073160943429290233 -0.017380585731808933 0.029363487673718047 -0.032407319258397786 0.037176724765906853 0 0.0012209815353541316 0.0030954932519913557
leaf_weight=18.432035967707638 10.226743578910829 23.730272933840752 17.230190217494965 7.9821044057607677 24.737524583935738 15.440724968910216 12.479240134358404 18.229255378246307 7.4899904280900946
leaf_count=74 41 95 69 32 99 62 50 73 30
internal_value=0.00175584 -0.0025027 0.00658024 -0.0107274 -0.0211964 0.0262013 0.0130824 -0.0078627 0.0223079
internal_weight=155.978 130.056 61.1269 68.9291 48.4678 25.6675 20.4613 35.4594 25.922
internal_count=625 521 245 276 194 103 82 142 104
is_linear=0
shrinkage=0.03


Tree=3
num_leaves=6
num_cat=0
split_feature=14 36 38 11 10
split_gain=15.2303 9.27825 10.2408 6.10548 5.09495
threshold=-64.228900673338998 0.0082830220519992514 0.013978998260739355 -0.0014063805756070467 0.010377905987269733
decision_type=2 2 2 2 2
left_child=-1 2 3 -2 -3
right_child=1 4 -4 -5 -6
leaf_value=0.032629920106622044 0.014644298000092501 0.032746901131523988 -0.03411278238259241 -0.0043255659815687421 0.00096049143620323635
leaf_weight=11.187098771333693 15.709089308977125 8.2232940196990985 7.4939750581979743 103.05881969630718 10.235080674290655
leaf_count=45 63 33 30 413 41
internal_value=0.00172797 -0.000970791 -0.00404616 -0.0014913 0.0176716
internal_weight=155.907 144.72 126.262 118.768 18.4584
internal_count=625 580 506 476 74
is_linear=0
shrinkage=0.03


Tree=4
num_leaves=6
num_cat=0
split_feature=14 36 38 33 10
split_gain=14.4881 8.8455 9.76717 7.48491 4.85149
threshold=-64.228900673338998 0.0082830220519992514 0.013978998260739355 0.80452127659574479 0.010377905987269733
decision_type=2 2 2 2 2
left_child=-1 2 3 -2 -3
right_child=1 4 -4 -5 -6
leaf_value=0.031872557477062934 0.0040006766112866731 0.032007128868994636 -0.033294772875750278 -0.011386709814446394 0.00093640999450201516
leaf_weight=11.157308176159857 76.593218505382538 8.2074140161275881 7.4968322068452826 42.178896859288216 10.234787032008169
leaf_count=45 307 33 30 169 41
internal_value=0.00169573 -0.000931451 -0.00393565 -0.00143764 0.0172764
internal_weight=155.868 144.711 126.269 118.772 18.4422
internal_count=625 580 506 476 74
is_linear=0
shrinkage=0.03


Tree=5
num_leaves=12
num_cat=0
split_feature=14 21 35 34 21 28 20 12 16 35 16
split_gain=17.0956 13.0438 11.308 13.0109 12.5652 10.5991 10.0006 6.74786 5.62729 6.13004 5.40795
threshold=30.012831213015946 0.012863901479169918 0.037607981997207725 0.017992917989389071 0.024055979301619592 9.5000000000000018 0.024294224753054119 65.365605163088773 -4.6217413986618032 0.047612426125369763 -35.612254083613948
decision_type=2 2 2 2 2 2 2 2 2 2 2
left_child=1 -1 3 4 -2 10 -7 -5 -4 -10 -3
right_child=2 5 8 7 -6 6 -8 -9 9 -11 -12
leaf_value=-0.01488566977419933 -0.032035697406878651 0.0079158243639720332 0.022121517463334357 -0.010647012523726343 0.0056832378886494212 0.016333555052047147 -0.021845216897449556 0.023029514301456978 0.016090723346518645 -0.013366926578763153 0.038483690983090506
leaf_weight=12.213656261563299 37.207160174846649 10.673509389162062 9.2306949347257596 9.4861728698015231 8.4841011166572553 13.466328322887422 8.2318508177995664 7.7374554574489585 7.4893926978111294 16.485173925757408 17.861662149429325
leaf_count=49 149 43 37 38 34 54 33 31 30 66 72
internal_value=-0.00132813 0.0105854 -0.00927891 -0.0166293 -0.0247728 0.0173984 0.000595114 0.00452336 0.00437552 -0.00305679 0.0288085
internal_weight=158.567 62.447 96.1202 62.9149 45.6913 50.2334 21.6982 17.2236 33.2053 23.9746 28.5352
internal_count=636 251 385 252 183 202 87 69 133 96 115
is_linear=0
shrinkage=0.03


Tree=6
num_leaves=12
num_cat=0
split_feature=14 21 35 34 21 20 37 21 21 10 21
split_gain=16.1082 12.3901 10.6952 12.2835 11.8893 8.05472 5.69622 5.48084 8.05688 4.05088 1.49441
threshold=30.012831213015946 0.012863901479169918 0.037607981997207725 0.017992917989389071 0.024055979301619592 0.023389688126937109 -0.0014610797180495958 0.012287628100961552 0.02070328926618362 0.027903003577823052 0.014500362048291948
decision_type=2 2 2 2 2 2 2 2 2 2 2
left_child=1 -1 3 4 -2 10 -7 -4 -9 -5 -3
right_child=2 5 7 9 -6 6 -8 8 -10 -11 -12
leaf_value=-0.01449456100820007 -0.031107233944400202 0.015101571236168562 -0.014357253439028401 -0.0083879471121313838 0.0055460830366730815 0.016642866626291972 -0.0079812077838627427 0.024177046114044014 -0.007671391016160478 0.017485010097534653 0.040299188543002136
leaf_weight=12.220775723457335 37.227489486336708 10.449442967772486 7.9949904829263678 8.4888826459646243 8.48257829248905 16.616450324654579 12.915522873401644 15.220096200704576 9.9815397858619672 8.7304889410734159 10.175464957952498
leaf_count=49 149 42 32 34 34 67 52 61 40 35 41
internal_value=-0.00126622 0.0103037 -0.00898399 -0.0161326 -0.0240436 0.0169576 0.00557489 0.00428778 0.0113749 0.00440402 0.0306595
internal_weight=158.504 62.3777 96.1261 62.9294 45.7101 50.1569 29.532 33.1966 25.2016 17.2194 20.6249
internal_count=636 251 385 252 183 202 119 133 101 69 83
is_linear=0
shrinkage=0.03


Tree=7
num_leaves=12
num_cat=0
split_feature=14 19 15 28 28 20 20 34 14 16 34
split_gain=15.2546 11.7588 10.7493 12.1763 10.6799 8.74327 8.6988 11.9219 5.94808 5.94764 3.90737
threshold=30.012831213015946 0.076577255879526837 159.1860966722972 9.5000000000000018 8.5000000000000018 0.024294224753054119 0.034757765265213729 0.01876171043557107 -15.774588834231961 -41.594945418068029 0.0019394252310781515
decision_type=2 2 2 2 2 2 2 2 2 2 2
left_child=1 8 6 10 9 -6 7 -2 -1 -3 -4
right_child=2 4 3 -5 5 -7 -8 -9 -10 -11 -12
leaf_value=0.0058422848080253217 -0.030444810476551641 0.0069468779114601866 0.0044025573158861233 0.02952650094297949 0.016617040619996658 -0.021783528338417599 0.011179074135427085 -0.0023649648853335749 -0.025270723690139836 0.039547056123259955 -0.01955149659236893
leaf_weight=9.2180128395557421 33.975123286247253 9.9124071747064608 9.7413894683122688 10.223287001252173 10.199157968163492 7.4841380417346945 7.7248367369174948 24.451214879751205 8.488209590315817 17.017145648598671 9.9924830198287946
leaf_count=37 136 40 39 41 41 30 31 98 34 69 40
internal_value=-0.00121257 0.0100505 -0.00872469 0.00557409 0.0181483 0 -0.0153937 -0.019409 -0.00936282 0.0293757 -0.00771969
internal_weight=158.427 62.3191 96.1083 29.9572 44.6128 17.6833 66.1512 58.4263 17.7062 26.9296 19.7339
internal_count=636 251 385 120 180 71 265 234 71 109 79
is_linear=0
shrinkage=0.03


Tree=8
num_leaves=10
num_cat=0
split_feature=11 10 15 28 28 14 18 17 40
split_gain=15.2714 11.7018 14.5361 11.6269 6.93181 5.03288 2.79283 2.78412 2.7453
threshold=-0.00031464479106596549 -0.008045787326587393 159.1860966722972 9.5000000000000018 8.5000000000000018 116.62076160498692 0.88379975251371035 7.8449969743828385 0.00042701653702481584
decision_type=2 2 2 2 2 2 2 2 2
left_child=6 4 5 -4 7 -3 8 -2 -1
right_child=1 2 3 -5 -6 -7 -8 -9 -10
leaf_value=0.006496451637118191 0.0247216203387291 -0.012806453473953799 -0.008057919191147107 0.028825063786333004 -0.0093792629156661741 -0.033469233911840909 0 0.00054594653146083981 0.030153076054998569
leaf_weight=10.913834378123285 14.852396100759508 47.638882011175156 18.236463934183124 10.206811890006064 10.485835328698156 16.731455460190773 8.4681548476219159 7.6272664815187445 13.146817177534102
leaf_count=44 60 191 73 41 42 67 34 31 53
internal_value=-0.00116279 -0.00601867 -0.0114839 0.00570892 0.00871621 -0.0192499 0.0164401 0.0178464 0.0213202
internal_weight=158.308 125.779 92.8136 28.4433 32.9655 64.3703 32.5288 22.4797 24.0607
internal_count=636 505 372 114 133 258 131 91 97
is_linear=0
shrinkage=0.03


Tree=9
num_leaves=12
num_cat=0
split_feature=15 19 15 16 19 20 19 34 21 20 20
split_gain=13.627 11.8383 10.551 12.8225 8.16387 8.02437 15.03 7.10956 6.61005 6.20031 1.26892
threshold=37.56692836063381 0.076577255879526837 159.1860966722972 -38.951436899305712 0.19539762270976127 0.023542520183050492 0.18908772833593282 0.035715623315696228 0.012863901479169918 0.025462136283909729 0.020397995576211438
decision_type=2 2 2 2 2 2 2 2 2 2 2
left_child=1 8 3 -2 9 10 -7 -5 -1 -4 -3
right_child=2 5 4 7 -6 6 -8 -9 -10 -11 -12
leaf_value=-0.023464619197986682 0.016285949812972735 0.015744348763582033 -0.001888815180395141 -0.025448803952144054 -0.012307416987312811 -0.01692566062545783 0.025424897028385979 0.0035294668489687809 0.008604227687017213 0.030354618350309323 0.038992570503934065
leaf_weight=11.230632528662683 7.7207774817943564 12.152545839548113 7.4915051907301011 45.663801401853561 11.725173056125639 12.939345180988314 13.026421308517454 7.4865102916955939 7.9695662111043921 10.706840902566908 10.107324734330176
leaf_count=45 31 49 30 183 47 52 53 30 32 43 41
internal_value=-0.00111032 0.00885022 -0.00870018 -0.0157655 0.00528959 0.0167067 0.0040831 -0.0211151 -0.00989006 0.017466 0.0292631
internal_weight=158.22 67.4258 90.7946 60.8711 29.9235 48.2256 25.9658 53.1503 19.2002 18.1983 22.2599
internal_count=636 272 364 244 120 195 105 213 77 73 90
is_linear=0
shrinkage=0.03


Tree=10
num_leaves=9
num_cat=0
split_feature=15 28 15 11 3 28 12 22
split_gain=18.1759 11.1266 17.432 13.1085 17.2329 6.9087 3.81175 2.22355
threshold=-32.314578108522184 7.5000000000000009 43.719137562145079 0.084499041916536025 -0.0042487203765282358 4.5000000000000009 40.45864400901683 0.028315280673406943
decision_type=2 2 2 2 2 2 2 2
left_child=6 2 7 4 -3 -4 -1 -2
right_child=1 3 5 -5 -6 -7 -8 -9
leaf_value=0.0049069113647936232 0.03555970846514709 0.001730139698434217 -0.017922834101507298 0.018248070599927984 -0.032232129829395932 0.0026260125638203949 0.036646577654540782 0.0084048967836473278
leaf_weight=7.3599056899547604 10.62531426548958 20.160462781786919 21.715953961014748 7.6990499198436728 33.143107980489731 35.187935426831245 10.335489630699156 7.6725011616945258
leaf_count=30 43 81 87 31 133 141 42 31
internal_value=-0.00081192 -0.00473617 0.0028218 -0.0140852 -0.0195177 -0.00530357 0.0260458 0.0268624
internal_weight=153.9 136.204 75.2017 61.0026 53.3036 56.9039 17.6954 18.2978
internal_count=619 547 302 245 214 228 72 74
is_linear=0
shrinkage=0.03


Tree=11
num_leaves=10
num_cat=0
split_feature=11 11 28 15 14 15 2 35 22
split_gain=17.3284 8.34492 10.7248 9.36651 9.27086 8.45045 7.36581 7.19078 2.0329
threshold=-0.00031464479106596549 0.026714790071094122 8.5000000000000018 53.6677859041422 47.385674628783825 256.1600172222399 -0.0049964984382128144 0.047612426125369763 0.15848598571358388
decision_type=2 2 2 2 2 2 2 2 2
left_child=7 2 3 -2 -3 -6 -4 8 -1
right_child=1 4 6 -5 5 -7 -8 -9 -10
leaf_value=0.03216625384911917 0.012763672353909518 0.021195737996505981 -0.0052127200790744845 -0.024183856565174144 -0.011982659412506548 0.010425568479886937 -0.044847466176590682 -0.0050646458880277039 0.0091344812321252303
leaf_weight=15.542399555444719 14.018334999680521 12.86779725551605 8.2312461137771624 7.9862533062696448 46.153847873210907 19.675665676593781 11.974368110299109 7.7056410312652579 9.6404002457857114
leaf_count=63 57 52 33 32 185 79 48 31 39
internal_value=-0.000748096 -0.00612653 -0.0165595 -0.000918713 -7.30642e-05 -0.00495404 -0.0313005 0.0178124 0.0252219
internal_weight=153.796 120.908 42.2102 22.0046 78.6973 65.8295 20.2056 32.8884 25.1828
internal_count=619 486 170 89 316 264 81 133 102
is_linear=0
shrinkage=0.03


Tree=12
num_leaves=10
num_cat=0
split_feature=14 28 14 20 20 9 21 16 23
split_gain=14.1631 11.8102 14.7658 13.3423 11.3549 7.58868 7.35719 5.94323 3.30369
threshold=-27.945961896496097 7.5000000000000009 47.385674628783825 0.025462136283909729 0.02906839405425744 0.015747410768511338 0.024055979301619592 -21.324472828865655 0.9418705824857222
decision_type=2 2 2 2 2 2 2 2 2
left_child=7 2 8 5 -5 -3 -4 -1 -2
right_child=1 3 6 4 -6 -7 -8 -9 -10
leaf_value=0 0.038624181680103155 -0.00417250230819728 -0.0099716235380004296 0.024633899624085458 -0.014451893806966371 -0.03753712814068922 0.015084955256732415 0.030836869207048652 0.0087231960400109155
leaf_weight=9.5846215188503283 7.8711351007223156 10.694617077708246 46.650548711419106 9.4432568401098269 13.934678450226782 20.426045224070549 11.21912559866905 13.965072080492972 9.8637893646955472
leaf_count=39 32 43 187 38 56 82 45 57 40
internal_value=-0.00072544 -0.00476243 0.00275808 -0.0151893 0.00144242 -0.0274686 -0.00452174 0.0196173 0.0253234
internal_weight=153.653 130.103 75.6046 54.4986 23.3779 31.1207 57.8697 23.5497 17.7349
internal_count=619 523 304 219 94 125 232 96 72
is_linear=0
shrinkage=0.03


Tree=13
num_leaves=13
num_cat=0
split_feature=9 38 28 19 34 36 17 8 10 7 19 40
split_gain=10.6546 11.4526 9.28802 9.18783 7.30821 9.38029 8.28116 4.90439 4.33963 3.61251 2.90463 0.587451
threshold=0.012179730354960701 0.010479745936924247 7.5000000000000009 0.12605677795648992 0.016536368096459756 0.0048556314556027257 5.0435767130567664 0.064920314692955353 -0.029821927012978641 -0.0090538914140536903 0.076577255879526837 0.031947984421408789
decision_type=2 2 2 2 2 2 2 2 2 2 2 2
left_child=1 8 4 11 6 -6 -2 -5 -1 -3 -10 -4
right_child=2 9 3 7 5 -7 -8 -9 10 -11 -12 -13
leaf_value=0 -0.015937971237825664 0.0057154033053729595 -0.037981805658459447 0.0087232731723054981 -0.011674991838276734 0.023573338401305773 0.011873142418360958 -0.018620324239120647 0.0084056395993889442 -0.018328950567970508 0.036420949625843566 -0.014792080946868298
leaf_weight=7.3818642795085934 27.920002266764641 8.1744017004966754 10.949911043047907 12.627436831593515 7.962773650884631 18.854996129870415 11.900277227163313 7.7085731178522101 8.1777404546737689 9.6433553248643857 13.726587995886801 8.467160224914549
leaf_count=30 112 33 44 51 32 76 48 31 33 39 56 34
internal_value=-0.000676681 0.0108172 -0.0060096 -0.0171214 0.000706349 0.0125029 -0.00709761 -0.00170924 0.0219402 -0.00707747 0.0281676 -0.0308955
internal_weight=153.495 47.1039 106.391 39.7531 66.638 26.8178 39.8203 20.336 29.2862 17.8178 21.9043 19.4171
internal_count=619 191 428 160 268 108 160 82 119 72 89 78
is_linear=0
shrinkage=0.03


Tree=14
num_leaves=10
num_cat=0
split_feature=11 33 32 11 11 35 23 38 22
split_gain=15.8031 8.1886 11.9093 10.6913 9.61545 6.61734 5.83549 2.20231 1.87516
threshold=-0.00031464479106596549 0.80452127659574479 -0.0061799228951344145 0.096971496085142897 0.023516220835283489 0.047612426125369763 1.0536133754742398 0.011130931555086538 0.15848598571358388
decision_type=2 2 2 2 2 2 2 2 2
left_child=5 2 6 7 -4 8 -2 -3 -1
right_child=1 3 4 -5 -6 -7 -8 -9 -10
leaf_value=0.030959180400618763 -0.028925289073846044 -0.028623782940953871 -0.0092891246314862879 0.0083796282434657181 0.016062163467547182 -0.0047913810652112426 0.000433432064010977 -0.0062664482564872949 0.0086922238310081206
leaf_weight=15.43059301376343 13.202615037560465 24.629946634173393 18.0469771027565 10.44254310429096 37.430661752820015 7.6929337829351416 8.4373468309640867 8.4451361894607526 9.5956568717956525
leaf_count=63 53 99 73 42 151 31 34 34 39
internal_value=-0.000660083 -0.00580203 0 -0.0158936 0.0075181 0.0171083 -0.0177757 -0.0240257 0.0242516
internal_weight=153.354 120.635 77.1176 43.5176 55.4776 32.7192 21.64 33.0751 25.0262
internal_count=619 486 311 175 224 133 87 133 102
is_linear=0
shrinkage=0.03


Tree=15
num_leaves=11
num_cat=0
split_feature=18 36 32 38 36 10 0 18 18 26
split_gain=13.5174 9.08865 9.72333 7.19103 6.79921 6.08933 3.71209 3.53628 3.40859 0.177115
threshold=0.86050799861873495 0.0080213846019836638 -0.0061799228951344145 0.012673391633790916 0.0061151268203997475 0.011323251753098564 0.0070294671287002295 0.46987751368089609 0.9910843273017792 0.30810147299509011
decision_type=2 2 2 2 2 2 2 2 2 2
left_child=1 2 7 -4 6 -3 -2 -1 -8 -6
right_child=4 5 3 -5 9 -7 8 -9 -10 -11
leaf_value=-0.0031379977721225204 -0.018478233207454394 0.033254433203801941 0.0092565952746140184 -0.018436605317880897 -0.037772215179217361 0.00077778445087579536 0.016914649916548223 -0.028092127170461986 -0.0078593759829014582 -0.014436579519814106
leaf_weight=12.899840354919435 7.9626257717609432 12.719044461846353 66.020449385046959 7.4526133984327307 7.4505366683006269 9.6938294023275358 7.6952265202999097 9.6959369331598264 7.6931689977645874 7.4485887736082077
leaf_count=52 32 52 267 30 30 39 31 39 31 30
internal_value=-0.000258566 0.004678 0.000357343 0.00583471 -0.0153951 0.0210368 -0.00379798 -0.0158694 0.00418722 -0.0300828
internal_weight=156.732 118.482 96.0688 73.4731 38.2501 22.4129 23.351 22.5958 15.3884 14.8991
internal_count=633 479 388 297 154 91 94 91 62 60
is_linear=0
shrinkage=0.03


Tree=16
num_leaves=11
num_cat=0
split_feature=33 14 36 32 15 28 15 33 14 21
split_gain=16.508 10.317 9.33031 9.14429 8.53784 10.0467 7.06603 6.80524 2.47541 1.16551
threshold=0.80452127659574479 194.54860314174724 0.0080213846019836638 -0.0061799228951344145 43.719137562145079 8.5000000000000018 18.509415140105947 0.91695402298850581 55.1875823397395 0.01788259562905966
decision_type=2 2 2 2 2 2 2 2 2 2
left_child=2 4 3 8 5 -2 -5 -3 -1 -4
right_child=1 7 9 6 -6 -7 -8 -9 -10 -11
leaf_value=-6.9331535908188043e-05 0.013202147230567665 0.020803582519054346 0.010764162712979166 -0.0032097502959075766 -0.034479069466440276 -0.026726219407875233 0.016343289379450881 -0.012194488064916758 -0.021589287733303143 0.036425897590617151
leaf_weight=9.650476887822153 10.127754196524622 9.4602992087602633 7.3807472586631757 25.533256769180298 19.879482179880142 8.4313152283430082 38.216345027089119 8.7073560208082181 11.69868592917919 7.5296702682971954
leaf_count=39 41 38 30 104 80 34 154 35 47 31
internal_value=-0.000282282 -0.0130569 0.00691548 0.00261014 -0.0215898 -0.00504289 0.00842427 0.00460364 -0.0133432 0.0273856
internal_weight=156.615 56.6062 100.009 85.0988 38.4386 18.5591 63.7496 18.1677 21.3492 14.9104
internal_count=633 228 405 344 155 75 258 73 86 61
is_linear=0
shrinkage=0.03


Tree=17
num_leaves=9
num_cat=0
split_feature=33 15 36 11 11 11 28 38
split_gain=15.6463 9.29561 8.97295 7.82859 7.36391 19.0703 13.5573 0.829554
threshold=0.80452127659574479 249.10751207877556 0.0080213846019836638 -0.0020138272877023296 0.026714790071094122 0.0034048298286901706 5.5000000000000009 0.010861307634708715
decision_type=2 2 2 2 2 2 2 2
left_child=2 3 4 -2 5 -1 -6 -5
right_child=1 -3 -4 7 6 -7 -8 -9
leaf_value=0.012517890189827947 0.0017359655354614104 0.0072611439690568541 0.026840650487142896 -0.030371069702779706 -0.010527666118510994 -0.026790227171974896 0.022343244808332392 -0.011345207534422828
leaf_weight=20.844266384840012 10.375376626849173 13.67997559905052 14.859358102083204 23.292469888925552 15.408249005675314 19.352561116218567 29.463911920785904 9.1789452582597715
leaf_count=85 42 55 61 94 62 78 119 37
internal_value=-0.000274356 -0.0127232 0.00673194 -0.0194775 0.00251134 -0.00642413 0.0107684 -0.0263983
internal_weight=156.455 56.5268 99.9283 42.8468 85.069 40.1968 44.8722 32.4714
internal_count=633 228 405 173 344 163 181 131
is_linear=0
shrinkage=0.03


Tree=18
num_leaves=10
num_cat=0
split_feature=33 14 36 15 33 31 20 36 2
split_gain=14.8013 9.41329 8.5474 7.94724 6.4572 6.38774 10.5068 2.75688 1.16078
threshold=0.80452127659574479 194.54860314174724 0.0080213846019836638 33.490529550451022 0.91695402298850581 -2.4999999999999996 0.02925599111154624 0.0061151268203997475 0.017956492711694753
decision_type=2 2 2 2 2 2 2 2 2
left_child=2 3 5 7 -3 -1 -7 -2 -5
right_child=1 4 -4 8 -6 6 -8 -9 -10
leaf_value=-0.014584624096515552 0.009009365773095886 0.020260664077634997 0.026214535667139514 -0.039225038912707198 -0.01188223462000002 0.012421887484377331 -0.014050406268792942 -0.013710522748034158 -0.016183327784343504
leaf_weight=13.914963558316229 7.4098673760890943 9.4505783468484896 14.80640424787998 12.081421822309496 8.7039802968502027 55.745252549648285 15.343006774783133 7.4055303037166595 11.416977494955061
leaf_count=56 30 38 61 49 35 226 62 30 46
internal_value=-0.000263822 -0.0123801 0.0065523 -0.0205551 0.00445602 0.00243112 0.006275 -0.00173518 -0.0307657
internal_weight=156.278 56.4684 99.8096 38.3138 18.1546 85.0032 71.0883 14.8154 23.4984
internal_count=633 228 405 155 73 344 288 60 95
is_linear=0
shrinkage=0.03


Tree=19
num_leaves=9
num_cat=0
split_feature=33 15 36 11 11 11 19 10
split_gain=14.04 8.43132 8.15726 7.22743 6.91821 17.8261 8.61219 2.72135
threshold=0.80452127659574479 249.10751207877556 0.0080213846019836638 -0.0020138272877023296 0.026714790071094122 0.0034048298286901706 0.10421353362704512 0.022910650763586452
decision_type=2 2 2 2 2 2 2 2
left_child=2 3 4 -2 5 -1 -6 -5
right_child=1 -3 -4 7 6 -7 -8 -9
leaf_value=0.012010415306172256 0.0017747863026720246 0.0069125043002065522 0.025608968945506152 -0.011606409648308055 0.023754333188422894 -0.026009461409095699 -0.0013601778335822624 -0.033571213834522828
leaf_weight=20.793822914361954 10.37360969185829 13.670244038105009 14.749978542327879 14.809589251875876 20.541943818330765 19.345077857375145 24.285363525152206 17.53744874894619
leaf_count=85 42 55 61 60 83 78 98 71
internal_value=-0.000274868 -0.012086 0.00636334 -0.0185381 0.00233775 -0.0063222 0.0103511 -0.0252131
internal_weight=156.107 56.3909 99.7162 42.7206 84.9662 40.1389 44.8273 32.347
internal_count=633 228 405 173 344 163 181 131
is_linear=0
shrinkage=0.03


Tree=20
num_leaves=8
num_cat=0
split_feature=21 35 33 20 19 14 24
split_gain=11.0011 11.7019 7.05486 9.57183 13.802 11.2658 6.35479
threshold=0.012493062000278854 0.046226040366996408 0.94893524554541508 0.024160038925761681 0.14005165285266888 30.012831213015946 0.19076819407008092
decision_type=2 2 2 2 2 2 2
left_child=1 6 3 5 -5 -2 -1
right_child=2 -3 -4 4 -6 -7 -8
leaf_value=-0.014859101684278382 0.027371620118200764 -0.036557091532229337 -0.016092228261009707 -0.018674112821742323 0.0093458035940348003 0 0.017810014771340046
leaf_weight=10.089443370699888 26.379112645983696 12.902911692857741 13.880139410495756 26.27002926170826 33.459664687514305 27.757174447178841 7.6156429201364508
leaf_count=41 109 52 56 106 136 112 31
internal_value=-0.00134127 -0.0169649 0.00249035 0.00512368 -0.00294054 0.0140761 0
internal_weight=158.354 30.608 127.746 113.866 59.7297 54.1363 17.7051
internal_count=643 124 519 463 242 221 72
is_linear=0
shrinkage=0.03


Tree=21
num_leaves=9
num_cat=0
split_feature=36 15 15 19 19 16 21 2
split_gain=11.7499 9.58392 16.053 11.6838 7.59675 7.02821 4.96519 4.75632
threshold=0.0081862498936358784 139.68832092000378 37.56692836063381 0.19539762270976127 0.076577255879526837 -35.612254083613948 0.01773443679629165 0.0088335710153258935
decision_type=2 2 2 2 2 2 2 2
left_child=1 2 4 7 -1 -4 -2 -3
right_child=6 3 5 -5 -6 -7 -8 -9
leaf_value=-0.012647996214023972 0 0.035708145923578023 0.0030485590928027049 -0.014041815914117645 0.0095004129814664634 -0.025700161508016701 0.030197623151929802 0.005368487894709663
leaf_weight=19.016107380390167 7.7475335001945522 9.6878145784139686 7.692055568099021 10.450910747051237 38.520402833819389 42.005982384085655 11.632076188921927 11.423722386360167
leaf_count=77 32 39 31 42 158 170 48 46
internal_value=-0.00131162 -0.0045291 -0.00885494 0.00937303 0.00174933 -0.0210146 0.0192984 0.0218253
internal_weight=158.177 138.797 107.235 31.5624 57.5365 49.698 19.3796 21.1115
internal_count=643 563 436 127 235 201 80 85
is_linear=0
shrinkage=0.03


Tree=22
num_leaves=7
num_cat=0
split_feature=36 11 11 5 19 5
split_gain=11.152 8.52741 8.67536 9.55797 5.47346 4.4922
threshold=0.0081862498936358784 -0.022694428778461003 0.071684826172486296 0.065964025449226762 0.19539762270976127 0.011486593360242272
decision_type=2 2 2 2 2 2
left_child=1 -1 3 -3 -4 -2
right_child=5 2 4 -5 -6 -7
leaf_value=0.022931287665370958 0.033066714695926917 -0.004091452466317369 0.02072426733845411 -0.024182725507123217 -0.00681112405595147 0.0030674662493441677
leaf_weight=7.4527234733104697 8.5164581835269946 79.780996441841125 13.650412559509279 29.059730276465416 8.7154873907566053 10.821120560169218
leaf_count=31 36 324 55 118 35 44
internal_value=-0.00125326 -0.00439068 -0.00637621 -0.00993057 0.00970039 0.0188434
internal_weight=157.997 138.659 131.207 108.841 22.3659 19.3376
internal_count=643 563 532 442 90 80
is_linear=0
shrinkage=0.03


Tree=23
num_leaves=9
num_cat=0
split_feature=36 15 15 23 5 24 23 36
split_gain=10.631 8.96032 14.8466 11.4946 8.14844 6.11776 5.94638 5.85194
threshold=0.0081862498936358784 139.68832092000378 37.56692836063381 0.83035212924225876 0.080836766806922325 0.58514492753623204 0.95988568537723828 0.0049452748353441744
decision_type=2 2 2 2 2 2 2 2
left_child=1 2 3 -1 -3 -4 -2 -6
right_child=6 4 5 -5 7 -7 -8 -9
leaf_value=0.02487215303678296 0 0.025598465340745388 -0.024965536748481641 -0.005373245835338024 0.012700238290222878 0.00049993163245134987 0.031365018496048891 -0.017843740154116421
leaf_weight=12.836115151643751 8.4676571637392062 13.181360810995104 40.471417412161827 44.646680518984795 8.4101919829845446 9.0891979336738569 10.806900292634962 9.9351827502250654
leaf_count=53 35 53 164 182 34 37 45 40
internal_value=-0.00119424 -0.00425804 -0.00844999 0.00173768 0.00918262 -0.0201661 0.0184568 -0.00323201
internal_weight=157.845 138.57 107.043 57.4828 31.5267 49.5606 19.2746 18.3454
internal_count=643 563 436 235 127 201 80 74
is_linear=0
shrinkage=0.03


Tree=24
num_leaves=11
num_cat=0
split_feature=15 15 28 10 17 10 9 0 34 0
split_gain=8.14 18.4178 15.2733 7.92548 7.91808 6.27353 5.85883 4.74626 4.51894 1.84049
threshold=139.68832092000378 37.56692836063381 8.5000000000000018 0.06313957876756994 8.0707851250086318 0.012741486446880669 0.01670498212796849 0.0012748378125261308 0.01876171043557107 0.00091084186998058325
decision_type=2 2 2 2 2 2 2 2 2 2
left_child=1 2 4 9 -1 7 -4 -3 -7 -2
right_child=3 5 6 -5 -6 8 -8 -9 -10 -11
leaf_value=0.026692760213507725 0.028179434084414954 -0.014883268131923772 0 -0.010774131078789191 -0.0012519267359465875 -0.033648951311226361 -0.026788447682353403 0.010745778671461001 -0.0066193427624086356 0.0084073458758665825
leaf_weight=25.723448276519775 11.882401019334795 13.393934175372125 21.627220973372463 8.6963228285312635 11.868051365017889 21.224921807646751 9.6197881251573545 8.8550623059272748 10.888405352830885 13.898524031043051
leaf_count=107 48 54 88 35 49 87 39 36 44 56
internal_value=-0.00113513 -0.00483922 0.00527112 0.0112294 0.0178739 -0.0176407 -0.00960252 -0.00401938 -0.0258493 0.0194329
internal_weight=157.678 123.201 68.8385 34.4772 37.5915 54.3623 31.247 22.249 32.1133 25.7809
internal_count=643 504 283 139 156 221 127 90 131 104
is_linear=0
shrinkage=0.03


Tree=25
num_leaves=8
num_cat=0
split_feature=18 11 15 5 24 40 12
split_gain=9.71412 13.1956 15.8719 12.7168 8.68639 3.19567 2.73572
threshold=0.90351204850614164 -0.014833638054209118 136.81576345864622 0.046180661025529764 0.10147058823529413 0.04808210368420008 69.050797649034436
decision_type=2 2 2 2 2 2 2
left_child=1 -1 3 -3 -4 6 -2
right_child=5 2 4 -5 -6 -7 -8
leaf_value=0.033050957697124392 -0.01659701785365484 0.0021016389849786662 0.033759220838129718 -0.022294083341946023 0 -0.028482174558115653 0.0039519283482005478
leaf_weight=11.245272278785704 8.403439208865171 66.671270623803139 15.821384936571123 24.399920672178268 10.420704394578932 8.3829837441444379 10.053348690271376
leaf_count=47 34 273 64 100 42 34 41
internal_value=0.00105948 0.00461496 0.00125513 -0.00461195 0.0210322 -0.0145896 -0.00537876
internal_weight=155.398 128.559 117.313 91.0712 26.2421 26.8398 18.4568
internal_count=635 526 479 373 106 109 75
is_linear=0
shrinkage=0.03


Tree=26
num_leaves=9
num_cat=0
split_feature=18 3 3 25 5 26 40 28
split_gain=9.25567 9.20759 7.42274 9.00202 7.97656 4.60859 3.04346 3.78346
threshold=0.90351204850614164 0.025512576130921952 0.0035461042454050244 0.15884427563754749 0.045601818173802273 0.18079673135852914 0.04808210368420008 6.5000000000000009
decision_type=2 2 2 2 2 2 2 2
left_child=1 2 4 -4 -1 -3 7 -2
right_child=6 5 3 -5 -6 -7 -8 -9
leaf_value=0.012273309192027933 0.0085242463904665541 0.00084295258647695012 -0.029159397683105381 0.00050787006111643971 -0.0099673191240335531 0.029133514564896979 -0.027820889697309958 -0.015971101250801475
leaf_weight=50.488483399152756 7.6560962498188081 9.0844549983739871 12.237833082675932 23.177975609898567 17.640831813216209 15.749284341931341 8.3724665492773038 10.7951383292675
leaf_count=206 31 38 50 95 72 65 34 44
internal_value=0.00102983 0.00450613 0.000294295 -0.0103534 0.0061806 0.0201777 -0.0142457 -0.00523399
internal_weight=155.203 128.379 103.545 35.4158 68.1293 24.8337 26.8237 18.4512
internal_count=635 526 423 145 278 103 109 75
is_linear=0
shrinkage=0.03


Tree=27
num_leaves=8
num_cat=0
split_feature=18 11 11 37 19 40 12
split_gain=8.79343 12.5024 11.4014 8.65648 3.03265 2.90424 2.60242
threshold=0.90351204850614164 -0.014833638054209118 0.072580634946953562 -0.033880378642316959 0.16682953034902073 0.04808210368420008 69.050797649034436
decision_type=2 2 2 2 2 2 2
left_child=1 -1 3 -3 -4 6 -2
right_child=5 2 4 -5 -6 -7 -8
leaf_value=0.032170983644344189 -0.016055909256388126 0.01853919197168857 0.031079363605504857 -0.0064769367456487268 0.0034707367113054788 -0.027182845155442344 0.0039840802966121282
leaf_weight=11.143883362412451 8.3901382088661247 12.333493843674658 10.602883636951448 86.508470192551613 7.6702052056789389 8.3590607792139036 10.046180874109266
leaf_count=47 34 51 43 354 31 34 41
internal_value=0.000987892 0.00438029 0.00111422 -0.0029009 0.0217161 -0.0139057 -0.00508067
internal_weight=155.054 128.259 117.115 98.842 18.2731 26.7954 18.4363
internal_count=635 526 479 405 74 109 75
is_linear=0
shrinkage=0.03


Tree=28
num_leaves=11
num_cat=0
split_feature=33 14 11 11 32 37 16 14 28 2
split_gain=11.3236 10.4422 7.70717 13.3013 12.4622 11.0142 5.15859 5.12231 4.99733 2.93615
threshold=0.80452127659574479 236.80536126487189 -0.014833638054209118 0.025256187727592531 -0.0061799228951344145 -0.023883329678272777 42.157055081071825 74.951162641826627 7.5000000000000009 0.023626111183436608
decision_type=2 2 2 2 2 2 2 2 2 2
left_child=2 7 -1 5 -5 -4 -3 8 -2 -9
right_child=1 6 3 4 -6 -7 -8 9 -10 -11
leaf_value=0.028832425952257046 0.011274791049609222 0.021194542416264901 0.018974523198205497 -0.010364997226703749 0.022762855914271511 -0.015766140133190599 -0.0080962869564129847 -0.038092556108121449 -0.019250828742527648 -0.0095534080692879306
leaf_weight=10.82859794795513 7.3619944751262647 9.6098477542400378 8.4138496667146665 11.894479811191557 36.307843580842018 34.88009038567543 7.6864075958728781 11.557735383510591 7.5715314149856567 8.7940052896738035
leaf_count=46 30 39 35 48 148 143 31 48 31 36
internal_value=0.00097745 -0.00999665 0.00684401 0.00352015 0.0142021 -0.00814367 0.00791042 -0.0191302 -0.00376209 -0.0283901
internal_weight=154.906 52.5815 102.325 91.4963 48.2023 43.2939 17.2963 35.2853 14.9335 20.3517
internal_count=635 215 420 374 196 178 70 145 61 84
is_linear=0
shrinkage=0.03


Tree=29
num_leaves=8
num_cat=0
split_feature=18 11 15 14 19 40 12
split_gain=8.20938 11.4672 14.1366 11.6212 9.12484 2.75873 2.45885
threshold=0.90351204850614164 -0.014833638054209118 136.81576345864622 116.62076160498692 0.21047669794234725 0.04808210368420008 69.050797649034436
decision_type=2 2 2 2 2 2 2
left_child=1 -1 3 -3 -4 6 -2
right_child=5 2 4 -5 -6 -7 -8
leaf_value=0.031013377898019071 -0.015542590110574659 -0.00045499495605069132 0.030729890981532264 -0.034306422792011494 -0.0047493969344797769 -0.026416789898513902 0.0039367521381534877
leaf_weight=10.996824368834494 8.3687554150819832 82.357151433825493 18.160298332571987 8.417122468352316 7.9457903802394858 8.3275522589683515 10.03304001688957
leaf_count=47 34 338 74 35 32 34 41
internal_value=0.00094504 0.00423174 0.00110641 -0.00442748 0.019828 -0.0134569 -0.00484204
internal_weight=154.607 127.877 116.88 90.7743 26.1061 26.7293 18.4018
internal_count=635 526 479 373 106 109 75
is_linear=0
shrinkage=0.03


Tree=30
num_leaves=8
num_cat=0
split_feature=36 24 11 15 23 36 13
split_gain=10.5889 7.7965 8.76257 9.18884 4.17799 1.31005 1.04376
threshold=0.0080213846019836638 0.70096153846153852 -0.00073884822194969491 143.23953768251343 0.9418705824857222 0.0058625641493879341 0.18817309918349071
decision_type=2 2 2 2 2 2 2
left_child=1 2 6 -4 -2 -3 -1
right_child=4 5 3 -5 -6 -7 -8
leaf_value=0.026392342717296523 0.0016691639799746281 -0.0077783274075611235 -0.010222533629800733 0.0097436117917165301 0.027769868512437259 -0.030505957822502022 0.0076713150323094188
leaf_weight=7.4325223118066814 10.907528311014177 8.5848119705915433 63.87365186214447 27.815945222973824 13.787880837917326 7.3232875466346732 11.779408156871794
leaf_count=31 45 35 261 113 58 30 49
internal_value=0.00052113 -0.0029499 0 -0.00392659 0.0177923 -0.0213171 0.0174266
internal_weight=151.505 126.81 110.902 91.6896 24.6954 15.9081 19.2119
internal_count=622 519 454 374 103 65 80
is_linear=0
shrinkage=0.03


Tree=31
num_leaves=7
num_cat=0
split_feature=36 24 38 15 23 36
split_gain=10.0689 7.47165 5.92693 6.25812 3.97742 1.24274
threshold=0.0080213846019836638 0.70096153846153852 0.013065718230667824 249.10751207877556 0.9418705824857222 0.0058625641493879341
decision_type=2 2 2 2 2 2
left_child=1 2 3 -1 -2 -3
right_child=4 5 -4 -5 -6 -7
leaf_value=-0.00077910695846801546 0.0016269769931328061 -0.0075899152734425681 -0.020802324817571424 0.019117629304669648 0.027154912615385177 -0.029842077341698876
leaf_weight=86.997708335518837 10.906522229313852 8.5836486816406232 9.0922462046146375 14.724398821592329 13.723390579223631 7.3063630014657965
leaf_count=357 45 35 37 60 58 30
internal_value=0.000518888 -0.00286239 0 0.00226945 0.0173852 -0.0208524
internal_weight=151.334 126.704 110.814 101.722 24.6299 15.89
internal_count=622 519 454 417 103 65
is_linear=0
shrinkage=0.03


Tree=32
num_leaves=8
num_cat=0
split_feature=36 11 15 19 16 23 21
split_gain=9.60102 7.01234 6.73197 8.12429 7.31143 3.78777 3.34927
threshold=0.0080213846019836638 -0.012092608805547521 143.23953768251343 0.19824708268201682 -44.601185833574228 0.9418705824857222 0.013844586107456484
decision_type=2 2 2 2 2 2 2
left_child=1 6 4 -4 -3 -2 -1
right_child=5 2 3 -5 -6 -7 -8
leaf_value=0 0.0015858553550994227 0.011589315977330254 0.016926173300619941 -0.013243143974953049 -0.013602244051332625 0.026559454663234099 0.026856442137328008
leaf_weight=8.2708520740270597 10.905528098344805 9.8779118657112104 19.815804407000545 10.422087803483008 70.863226503133774 13.655997008085249 7.4029382616281501
leaf_count=34 45 40 81 42 290 58 32
internal_value=0.000493653 -0.00280325 -0.00560897 0.00588595 -0.0101334 0.01699 0.0146007
internal_weight=151.214 126.653 110.979 30.2379 80.7411 24.5615 15.6738
internal_count=622 519 453 123 330 103 66
is_linear=0
shrinkage=0.03


Tree=33
num_leaves=9
num_cat=0
split_feature=18 36 11 11 21 26 20 10
split_gain=10.1815 8.45291 6.75482 9.66358 4.11146 3.76762 1.44349 1.34163
threshold=0.90351204850614164 0.0080213846019836638 -0.0014063805756070467 0.026244327908160451 0.014292474880962481 0.34698996655518399 0.019536076997358768 0.011323251753098564
decision_type=2 2 2 2 2 2 2 2
left_child=1 2 4 -4 -1 6 -2 -3
right_child=5 7 3 -5 -6 -7 -8 -9
leaf_value=0.00038255527276050247 -0.0065537784248216003 0.026734418957755437 -0.016409046110955471 0.0041396185653474896 0.030899666139529658 0.00013229523659995745 -0.029013660827915646 0.0071820413128774298
leaf_weight=8.7506569176912326 7.5358515381813111 12.694021657109262 29.570684865117073 55.84805865585804 7.4188363850116721 8.0795421302318555 11.277615636587141 9.815641984343527
leaf_count=36 31 55 121 228 32 33 46 40
internal_value=0.000509034 0.00427662 0.000304819 -0.0030151 0.0170699 -0.0154499 -0.0222321 0.0201021
internal_weight=150.991 124.098 101.588 85.4187 16.1695 26.893 18.8135 22.5097
internal_count=622 512 417 349 68 110 77 95
is_linear=0
shrinkage=0.03


Tree=34
num_leaves=10
num_cat=0
split_feature=36 1 36 5 23 0 0 0 28
split_gain=8.65802 4.86529 6.43279 6.75801 3.62181 3.30289 5.41958 2.84641 1.82243
threshold=0.0080213846019836638 0.014157127774430791 0.0048922641903527452 0.04735431662445589 0.9418705824857222 0.013409360688492968 0.0064866621854892123 0.0027362181110842658 4.5000000000000009
decision_type=2 2 2 2 2 2 2 2 2
left_child=1 2 7 -4 -2 6 -3 -1 -7
right_child=4 5 3 -5 -6 8 -8 -9 -10
leaf_value=0.0047439059632222412 0.0012219189441149464 -0.014866611347304444 0.0031151727459597062 -0.016937212295362776 0.0256301983533181 -0.0038000479014861695 0.013788761354435535 0.027961198213882356 -0.025510721685439362
leaf_weight=16.270285025238994 10.884951025247576 10.733025625348093 41.813212260603905 20.624280214309692 13.516723379492758 8.0003909617662448 8.9797095656394941 7.2806027978658667 12.67890828847885
leaf_count=67 45 44 171 85 58 33 37 30 52
internal_value=0.000507468 -0.00261651 0.00130089 -0.00359583 0.0162278 -0.0109778 -0.0010547 0.0141353 -0.0188485
internal_weight=150.782 126.38 85.9884 62.4375 24.4017 40.392 19.7127 23.5509 20.6793
internal_count=622 519 353 256 103 166 81 97 85
is_linear=0
shrinkage=0.03


Tree=35
num_leaves=8
num_cat=0
split_feature=38 32 17 5 2 11 11
split_gain=7.86006 9.21563 5.74788 6.53483 6.30697 4.17229 1.73099
threshold=0.017782938876266353 -0.0064201318198487947 8.0707851250086318 -0.044598155209340955 0.0378196022727273 0.010520071354614526 0.038284205240183729
decision_type=2 2 2 2 2 2 2
left_child=1 5 3 -3 -4 -1 -7
right_child=-2 2 4 -5 -6 6 -8
leaf_value=0.0019468592386807811 0.028594582146439076 0.025167920825840972 -0.027300270128335014 0.0030475193387935885 0.0034402273236675144 -0.031448824337298682 -0.009184218460731591
leaf_weight=7.5361399352550533 7.0031684935092917 12.640459522604941 8.5609300434589404 86.851025149226189 11.386622250080107 9.1766538619995135 11.332462862133978
leaf_count=31 30 53 35 358 47 38 46
internal_value=0.00136783 -0.000189943 0.0033925 0.00644631 -0.0103548 -0.0151563 -0.0217219
internal_weight=154.487 147.484 119.439 99.4915 19.9476 28.0453 20.5091
internal_count=638 608 493 411 82 115 84
is_linear=0
shrinkage=0.03


Tree=36
num_leaves=9
num_cat=0
split_feature=36 32 17 36 2 21 15 23
split_gain=12.3386 7.26779 5.99224 7.8855 5.13698 4.25205 2.96275 1.86152
threshold=0.0080213846019836638 -0.0064201318198487947 8.0707851250086318 0.0048721049086285712 0.038692160152658202 0.018290404052142353 29.614695383052403 1.0033124150727812
decision_type=2 2 2 2 2 2 2 2
left_child=1 6 3 -3 -4 -2 -1 -8
right_child=5 2 4 -5 -6 -7 7 -9
leaf_value=0 0.0048491572809710561 0.018537770113737261 -0.027501575638633161 -0.00092813744380447949 0.00074107031944855759 0.031687058165538629 -0.029642570319536883 -0.0060537087147179052
leaf_weight=7.6024662852287319 12.386528775095941 24.250705629587173 8.816198870539667 60.321401461958885 10.163671061396597 12.090306863188742 10.616159051656725 8.09892590343952
leaf_count=31 52 100 36 248 42 52 44 33
internal_value=0.0013288 -0.00233936 0.00118746 0.00477968 -0.0130338 0.0200644 -0.0158498 -0.0217287
internal_weight=154.346 129.87 103.552 84.5721 18.9799 24.4768 26.3176 18.7151
internal_count=638 534 426 348 78 104 108 77
is_linear=0
shrinkage=0.03


Tree=37
num_leaves=9
num_cat=0
split_feature=36 36 2 20 16 3 21 36
split_gain=11.782 6.77366 7.44555 6.91897 6.69862 4.54122 4.06984 3.32301
threshold=0.0080213846019836638 0.0048721049086285712 0.030450700291289271 0.018252915887084362 -39.976315905000583 0.010759426735571178 0.018290404052142353 0.0037357669776730451
decision_type=2 2 2 2 2 2 2 2
left_child=1 2 7 5 -5 -3 -2 -1
right_child=6 3 -4 4 -6 -7 -8 -9
leaf_value=0 0.0047262552903654231 -0.0035590244005254054 -0.014524937332552708 0.0082750645488391221 -0.014729249219004516 0.023953736624862245 0.0310547376769102 0.021443415142255166
leaf_weight=10.455259695649149 12.379486382007601 9.5210115760564822 8.05675560235977 11.576991081237791 62.639951169490814 7.6699741482734671 12.008354038000105 19.867398291826248
leaf_count=43 52 39 33 47 258 32 52 82
internal_value=0.00128473 -0.00229419 0.00784495 -0.00678871 -0.0108211 0.00915161 0.0196298 0.0147837
internal_weight=154.175 129.787 38.3794 91.4079 74.2169 17.191 24.3878 30.3227
internal_count=638 534 158 376 305 71 104 125
is_linear=0
shrinkage=0.03


Tree=38
num_leaves=9
num_cat=0
split_feature=36 11 36 2 12 10 22 22
split_gain=11.2139 7.85504 8.80363 5.26558 4.33743 2.89949 2.77902 0.541009
threshold=0.0080213846019836638 -0.012092608805547521 0.0048721049086285712 -0.0049964984382128144 71.048658031281505 0.013913807831852034 -0.0081594506519441761 -0.077051880630328015
decision_type=2 2 2 2 2 2 2 2
left_child=1 6 4 -4 -3 7 -1 -2
right_child=5 2 3 -5 -6 -7 -8 -9
leaf_value=0.027681658323707243 0.012111728625884634 0.013437087561893438 -0.0014275542841166123 -0.017074816475795115 -0.0098705705084522408 0.0037449744580765726 0.00041374312520431566 0.035617556494413276
leaf_weight=7.4813556969165802 7.4651654213666916 25.538068622350693 37.72348241508007 44.476923123002052 7.3476757109165183 9.9694569110870344 7.1142274439334852 6.8613321483135241
leaf_count=32 33 105 154 183 30 41 30 30
internal_value=0.00127446 -0.00221213 -0.00501791 -0.0102766 0.00753215 0.0192077 0.0169461 0.0272721
internal_weight=153.978 129.682 115.086 82.2004 32.8857 24.296 14.5956 14.3265
internal_count=638 534 472 337 135 104 62 63
is_linear=0
shrinkage=0.03


Tree=39
num_leaves=8
num_cat=0
split_feature=36 11 36 16 16 21 22
split_gain=10.7347 7.50709 8.30544 7.35053 4.974 3.98715 2.66113
threshold=0.0080213846019836638 -0.012092608805547521 0.0048721049086285712 -39.976315905000583 22.010041931396184 0.018290404052142353 -0.0081594506519441761
decision_type=2 2 2 2 2 2 2
left_child=1 6 4 -4 -3 -2 -1
right_child=5 2 3 -5 -6 -7 -8
leaf_value=0.027168372571392391 0.0041948260955184669 0.013889647454939749 0.0097534220654108671 -0.0137770077892085 -0.010694934770793354 0.030195883370202903 0.00040407438788652746
leaf_weight=7.432544007897377 12.336459308862688 25.002966344356537 12.062569260597227 70.081388428807259 7.8562134504318228 11.870076075196264 7.1137826740741712
leaf_count=32 52 103 49 288 32 52 30
internal_value=0.00126897 -0.00213842 -0.00488241 -0.00999368 0.00730511 0.0188487 0.016617
internal_weight=153.756 129.549 115.003 82.144 32.8592 24.2065 14.5463
internal_count=638 534 472 337 135 104 62
is_linear=0
shrinkage=0.03


Tree=40
num_leaves=7
num_cat=0
split_feature=12 18 11 11 21 40
split_gain=11.0579 6.5944 6.12903 7.89708 4.11749 3.39319
threshold=32.719066647638087 0.90974768752806001 -0.00031464479106596549 0.025256187727592531 0.014583261516187973 0.036487423975303586
decision_type=2 2 2 2 2 2
left_child=-1 2 4 -4 -2 -3
right_child=1 5 3 -5 -6 -7
leaf_value=0.026233839649266774 0 -0.0014076098544437803 -0.012387022923575259 0.0051637546602184671 0.027577041923440192 -0.024823784654627874
leaf_weight=12.954899430274962 9.6911914050579089 12.189594924449922 33.966422751545906 61.593228057026863 10.665036872029303 11.859825596213339
leaf_count=54 40 50 141 254 47 49
internal_value=0.00167919 -0.000825439 0.00209338 -0.00104692 0.0162809 -0.0145503
internal_weight=152.92 139.965 115.916 95.5597 20.3562 24.0494
internal_count=635 581 482 395 87 99
is_linear=0
shrinkage=0.03


Tree=41
num_leaves=8
num_cat=0
split_feature=12 11 11 12 36 3 21
split_gain=10.5304 6.37885 9.11227 8.46985 5.81838 3.78352 3.4059
threshold=32.719066647638087 0.0037433674333690052 0.025256187727592531 74.2456690275651 0.0090503095185719678 1.0000000180025095e-35 0.016015841645404729
decision_type=2 2 2 2 2 2 2
left_child=-1 5 4 -4 -3 -2 -7
right_child=1 2 3 -5 -6 6 -8
leaf_value=0.025649606844217146 0.024810223692657979 -0.024268962667334821 0.0053578720250735175 -0.022044210690947325 0.0039317701187583064 -0.0063986796787281908 0.01415806145268432
leaf_weight=12.898883968591688 9.1303616762161237 24.181143954396251 65.01035463809967 9.9060688912868482 6.9809321612119666 13.635974541306497 10.985349282622336
leaf_count=54 39 100 268 41 30 56 47
internal_value=0.00163893 -0.000800681 -0.00451991 0.00106054 -0.017643 0.0100679 0.00258431
internal_weight=152.729 139.83 106.078 74.9164 31.1621 33.7517 24.6213
internal_count=635 581 439 309 130 142 103
is_linear=0
shrinkage=0.03


Tree=42
num_leaves=7
num_cat=0
split_feature=5 20 16 28 15 13
split_gain=7.29004 5.63464 4.56545 5.64126 7.28292 6.69762
threshold=-0.044598155209340955 0.024294224753054119 -44.601185833574228 7.5000000000000009 106.85599018819838 -6.3421210930055265
decision_type=2 2 2 2 2 2
left_child=1 -1 -2 4 -4 -5
right_child=2 -3 3 5 -6 -7
leaf_value=0.033175560070996132 0.01692617271049203 0.0016281487484420948 0.0094923557098087977 0.012996230777066655 -0.010035308614370655 -0.014767771716997112
leaf_weight=8.7756618857383746 9.5030512660741788 12.14034530520439 46.778231009840965 7.2398536950349799 24.139278784394264 43.930057257413864
leaf_count=38 39 51 195 30 99 183
internal_value=0.00160328 0.0172592 -0.000994039 -0.00276012 0.00254678 -0.0102163
internal_weight=152.506 20.916 131.59 122.087 70.9175 51.1699
internal_count=635 89 546 507 294 213
is_linear=0
shrinkage=0.03


Tree=43
num_leaves=10
num_cat=0
split_feature=33 14 11 12 20 12 31 14 12
split_gain=10.8911 7.06956 6.78754 5.9733 7.30535 6.68182 5.58764 4.91089 2.05859
threshold=0.80452127659574479 236.80536126487189 0.00088050425294006207 30.812773378312702 0.024294224753054119 40.45864400901683 -1.4999999999999998 74.951162641826627 72.40015929002162
decision_type=2 2 2 2 2 2 2 2 2
left_child=3 2 -2 -1 6 -6 -5 -4 -3
right_child=1 8 7 4 5 -7 -8 -9 -10
leaf_value=0.028612198885145095 0.0030548941857428602 0.016283003036122231 -0.00084570942377335131 -0.0032509643530604943 -0.023277250678817227 0.0024501725235718625 0.017601445294888877 -0.031597229233759315 -0.0027892807049306177
leaf_weight=8.9769956767559034 9.9536795318126661 7.5255420804023725 7.5077165961265591 13.898983255028723 10.470509842038153 29.551527738571167 38.165387436747551 18.695652544498444 7.6272852867841721
leaf_count=38 41 31 31 57 43 123 161 79 31
internal_value=0.0015818 -0.00932656 -0.0163914 0.00733903 0.00454167 -0.00471116 0.011843 -0.024003 0.00660248
internal_weight=152.373 51.3099 36.157 101.063 92.0864 40.022 52.0644 26.2034 15.1528
internal_count=635 213 151 422 384 166 218 110 62
is_linear=0
shrinkage=0.03


Tree=44
num_leaves=8
num_cat=0
split_feature=12 18 36 38 27 17 38
split_gain=9.5659 5.95316 5.32841 7.23115 4.79975 2.89476 1.61537
threshold=32.719066647638087 0.90974768752806001 0.007958393091731757 0.013306632180492451 1.5000000000000002 1.0529653484024275 0.0091083170291591693
decision_type=2 2 2 2 2 2 2
left_child=-1 2 3 -2 -3 -4 -6
right_child=1 4 5 -5 6 -7 -8
leaf_value=0.024533859625486057 0.0014006059448522115 0.0022651141332557848 0.001371092598238431 -0.026340091412195146 -0.032152955624669542 0.023846540948297298 -0.007013814972740855
leaf_weight=12.764406546950338 85.322913721203804 8.7385256290435809 11.200106501579286 7.3108356893062583 7.9052991122007352 11.573416054248808 7.2840317487716675
leaf_count=54 354 36 47 30 33 51 30
internal_value=0.00153657 -0.000781425 0.00199165 -0.00114064 -0.0138568 0.0144016 -0.0231889
internal_weight=152.1 139.335 115.407 92.6337 23.9279 22.7735 15.1893
internal_count=635 581 482 384 99 98 63
is_linear=0
shrinkage=0.03


Tree=45
num_leaves=6
num_cat=0
split_feature=21 36 4 3 5
split_gain=8.79037 5.21715 4.90329 7.91292 3.60036
threshold=0.0098544642318282739 0.0085586150258135565 0.10381966688020507 0.028101824744642626 0.0046994339252642856
decision_type=2 2 2 2 2
left_child=-1 2 3 -2 -3
right_child=1 4 -4 -5 -6
leaf_value=-0.028076148303624884 -0.0021033111272081035 0.02929661858025304 -0.018196220062121949 0.015309295064327723 0
leaf_weight=7.0025354325771323 92.583440914750099 8.2498929649591428 9.7035446316003782 28.927284851670265 7.3921315968036643
leaf_count=29 384 38 40 121 31
internal_value=0.000589828 0.00241633 0.000237034 0.00210133 0.017748
internal_weight=153.859 146.856 131.214 121.511 15.642
internal_count=643 614 545 505 69
is_linear=0
shrinkage=0.03


Tree=46
num_leaves=6
num_cat=0
split_feature=21 8 17 16 38
split_gain=8.38977 4.54817 6.54725 5.31128 4.48754
threshold=0.0098544642318282739 0.098525502588118694 3.9909461249964235 -27.187027400922933 0.013306632180492451
decision_type=2 2 2 2 2
left_child=-1 2 4 -4 -2
right_child=1 -3 3 -5 -6
leaf_value=-0.027448664185957691 0.0016965018311001748 -0.017757751940169247 -0.0043452446780037233 0.0191205147589034 -0.018221848165767076
leaf_weight=6.9935884177684775 88.534396439790726 7.2923119515180579 9.5116681605577451 31.993355363607407 9.426235154271124
leaf_count=29 369 30 40 136 39
internal_value=0.000567966 0.00235499 0.00374885 0.0134456 -0.00039631
internal_weight=153.752 146.758 139.466 41.505 97.9606
internal_count=643 614 584 176 408
is_linear=0
shrinkage=0.03


Tree=47
num_leaves=6
num_cat=0
split_feature=21 36 38 10 15
split_gain=7.99584 5.02686 7.61318 4.22288 1.65422
threshold=0.0098544642318282739 0.0085586150258135565 0.013978998260739355 0.072533291373977474 16.407322219438406
decision_type=2 2 2 2 2
left_child=-1 2 3 -2 -3
right_child=1 4 -4 -5 -6
leaf_value=-0.026842054102094556 0.0039086494107289276 0.025882636411650166 -0.025336869629764766 -0.016045932649868332 0.0033206700485890871
leaf_weight=6.9824523031711569 115.21077498793602 7.9596631079912168 7.7094501852989188 8.2193450480699521 7.583405390381813
leaf_count=29 479 37 32 34 32
internal_value=0.000524511 0.00227165 0.000136322 0.0022256 0.0173633
internal_weight=153.665 146.683 131.14 123.43 15.5431
internal_count=643 614 545 513 69
is_linear=0
shrinkage=0.03


Tree=48
num_leaves=6
num_cat=0
split_feature=21 36 38 4 5
split_gain=7.62823 4.83806 7.25282 5.63212 3.41603
threshold=0.0098544642318282739 0.0085586150258135565 0.013978998260739355 0.10381966688020507 0.0046994339252642856
decision_type=2 2 2 2 2
left_child=-1 2 3 -2 -3
right_child=1 4 -4 -5 -6
leaf_value=-0.026255127332016914 0.0042262072253762724 0.028418766857713832 -0.024773841006403379 -0.017513634786804764 0
leaf_weight=6.9692925959825507 113.73008738458157 8.0881824642419797 7.6938088685274115 9.6764144599437696 7.3812549561262122
leaf_count=29 473 38 32 40 31
internal_value=0.000492847 0.00220198 0.000108565 0.00214983 0.017041
internal_weight=153.539 146.57 131.1 123.407 15.4694
internal_count=643 614 545 513 69
is_linear=0
shrinkage=0.03


Tree=49
num_leaves=7
num_cat=0
split_feature=15 12 39 34 38 13
split_gain=4.61132 4.80141 6.8298 3.72804 3.48238 3.33122
threshold=-32.314578108522184 34.095445862111234 1.0000000180025095e-35 -0.01566275675201689 0.010926169668663256 -5.8533448463325035
decision_type=2 2 2 2 2 2
left_child=3 -2 4 -1 -3 -4
right_child=1 2 5 -5 -6 -7
leaf_value=-0.0020039707714383432 0.016518858027655525 -0.0035180692722054114 0.011533760602274897 0.02244096568980955 -0.028499553713032085 -0.002336475095029847
leaf_weight=7.0322671532630947 9.9528626352548581 11.876261666417124 16.994538545608521 12.305895268917082 10.886358261108397 84.342297270894051
leaf_count=32 42 49 71 53 45 351
internal_value=0.000461123 -0.00147946 -0.00328099 0.013494 -0.0174082 2.26621e-05
internal_weight=153.39 134.052 124.099 19.3382 22.7626 101.337
internal_count=643 558 516 85 94 422
is_linear=0
shrinkage=0.03


end of trees

feature_importances:
macro_usdjpy_vol_20=37
ma_20_60_cross=35
macd_signal=32
volatility=23
macd=21
month=21
rsi=15
atr_pct=15
bb_bandwidth=14
macro_topix_vol_20=14
macd_hist=13
return_20d=12
ma_5_20_cross=12
price_position_20d=12
bb_pct_b=11
macd_hist_change=10
vol_ratio=9
macro_usdjpy_ret_20=9
macro_usdjpy_ret_60=9
return_3d=8
macro_nikkei_ret_20=8
return_5d=7
return_1d=6
vol_change=6
gap=6
candle_body_pct=5
div_ma_60=4
lower_shadow_pct=4
macro_topix_ret_20=4
rsi_change=3
return_2d=2
return_10d=2
div_ma_20=2
streak=2
div_ma_10=1
upper_shadow_pct=1
day_of_week=1
macro_topix_above_200dma=1

parameters:
[boosting: gbdt]
[objective: binary]
[metric: binary_logloss]
[tree_learner: serial]
[device_type: cpu]
[data_sample_strategy: bagging]
[data: ]
[valid: ]
[num_iterations: 50]
[learning_rate: 0.03]
[num_leaves: 15]
[num_threads: 0]
[seed: 42]
[deterministic: 0]
[force_col_wise: 0]
[force_row_wise: 0]
[histogram_pool_size: -1]
[max_depth: 4]
[min_data_in_leaf: 30]
[min_sum_hessian_in_leaf: 0.001]
[bagging_fraction: 0.7]
[pos_bagging_fraction: 1]
[neg_bagging_fraction: 1]
[bagging_freq: 5]
[bagging_seed: 400]
[bagging_by_query: 0]
[feature_fraction: 0.6]
[feature_fraction_bynode: 1]
[feature_fraction_seed: 30056]
[extra_trees: 0]
[extra_seed: 12879]
[early_stopping_round: 0]
[early_stopping_min_delta: 0]
[first_metric_only: 0]
[max_delta_step: 0]
[lambda_l1: 0.5]
[lambda_l2: 2]
[linear_lambda: 0]
[min_gain_to_split: 0]
[drop_rate: 0.1]
[max_drop: 50]
[skip_drop: 0.5]
[xgboost_dart_mode: 0]
[uniform_drop: 0]
[drop_seed: 17869]
[top_rate: 0.2]
[other_rate: 0.1]
[min_data_per_group: 100]
[max_cat_threshold: 32]
[cat_l2: 10]
[cat_smooth: 10]
[max_cat_to_onehot: 4]
[top_k: 20]
[monotone_constraints: ]
[monotone_constraints_method: basic]
[monotone_penalty: 0]
[feature_contri: ]
[forcedsplits_filename: ]
[refit_decay_rate: 0.9]
[cegb_tradeoff: 1]
[cegb_penalty_split: 0]
[cegb_penalty_feature_lazy: ]
[cegb_penalty_feature_coupled: ]
[path_smooth: 0]
[interaction_constraints: ]
[verbosity: -1]
[saved_feature_importance_type: 0]
[use_quantized_grad: 0]
[num_grad_quant_bins: 4]
[quant_train_renew_leaf: 0]
[stochastic_rounding: 1]
[linear_tree: 0]
[max_bin: 255]
[max_bin_by_feature: ]
[min_data_in_bin: 5]
[bin_construct_sample_cnt: 200000]
[data_random_seed: 175]
[is_enable_sparse: 1]
[enable_bundle: 1]
[use_missing: 1]
[zero_as_missing: 0]
[feature_pre_filter: 1]
[pre_partition: 0]
[two_round: 0]
[header: 0]
[label_column: ]
[weight_column: ]
[group_column: ]
[ignore_column: ]
[categorical_feature: ]
[forcedbins_filename: ]
[precise_float_parser: 0]
[parser_config_file: ]
[objective_seed: 16083]
[num_class: 1]
[is_unbalance: 0]
[scale_pos_weight: 1]
[sigmoid: 1]
[boost_from_average: 1]
[reg_sqrt: 0]
[alpha: 0.9]
[fair_c: 1]
[poisson_max_delta_step: 0.7]
[tweedie_variance_power: 1.5]
[lambdarank_truncation_level: 30]
[lambdarank_norm: 1]
[label_gain: ]
[lambdarank_position_bias_regularization: 0]
[eval_at: ]
[multi_error_top_k: 1]
[auc_mu_weights: ]
[num_machines: 1]
[local_listen_port: 12400]
[time_out: 120]
[machine_list_filename: ]
[machines: ]
[gpu_platform_id: -1]
[gpu_device_id: -1]
[gpu_use_dp: 0]
[num_gpu: 1]

end of parameters

pandas_categorical:[]
