tree
version=v4
num_class=1
num_tree_per_iteration=1
label_index=0
max_feature_idx=44
objective=binary sigmoid:1
feature_names=return_1d return_2d return_3d return_5d return_10d return_20d div_ma_5 div_ma_10 div_ma_20 div_ma_60 ma_5_20_cross ma_20_60_cross rsi rsi_change macd macd_signal macd_hist macd_hist_change bb_pct_b bb_bandwidth atr_pct volatility vol_change vol_ratio candle_body_pct upper_shadow_pct lower_shadow_pct day_of_week month is_month_end is_month_start streak gap price_position_20d macro_usdjpy_ret_20 macro_usdjpy_ret_60 macro_usdjpy_vol_20 macro_topix_ret_20 macro_topix_vol_20 macro_topix_above_200dma macro_nikkei_ret_20 macro_nikkei_above_200dma macro_nikkei_vi macro_jgb10y macro_bias_score
feature_infos=[-0.047573324675198925:0.047032439022514749] [-0.052871223227637376:0.050100198868800794] [-0.078625938667899131:0.060579091775125216] [-0.079144063347538429:0.070190430904915058] [-0.10699996948242185:0.11742775503970204] [-0.1182423924334487:0.15884581472014592] [-0.046754045093518014:0.03136102171888943] [-0.065679653588011352:0.057611183675024734] [-0.095283898731975444:0.091383476178522549] [-0.086355409043981882:0.12109266072274501] [-0.058392300957105903:0.065549920908115844] [-0.042748625708304955:0.064274238635985359] [4.3321721234716364:99.078285278722376] [-31.4914123830169:24.909606094271432] [-4.0148556247349632:6.6759841301698373] [-3.5218467914220124:5.4278448928573138] [-2.4130647582626752:2.3328558279840159] [-0.79483865050966607:0.60413765747863146] [-0.29899250290519275:1.2942002598775366] [0.015966985924506762:0.20663538136815932] [0.0062028219888735359:0.03098835320355546] [0.0037467866522835347:0.018685482479757546] [-0.82513331758797714:3.6311208267090622] [0.55432004082819386:1.8220195466454623] [-1:1] [0:0.9499969482421875] [0:0.97058638734056779] [0:4] [1:12] none [0:1] [-11:9] [-0.063431099566931937:0.055611174876266878] [0:1] [-0.10288784967882303:0.08505611680078462] [-0.13986255140503889:0.13160084488587853] [0.0024251968629527628:0.011841457708833433] [-0.22586490939044479:0.19897850606512013] [0.0040695656522785678:0.036437277456277402] [0:1] [-0.22859537662338159:0.23022297972565586] [0:1] none none none
tree_sizes=1390 1627 1497 1629 1517 1292 1193 1409 1297 1308 1103 1184 1094 1501 1106 1101 1421 1165 1091 996 1314 1286 1316 1206 1422 1002 984 895 994 993 1203 882 1287 1192 893 1209 1301 992 1088 1386 1291 1423 997 1299 1526 989 988 772 991 1086

Tree=0
num_leaves=12
num_cat=0
split_feature=37 7 18 28 5 4 7 27 17 28 18
split_gain=24.3197 13.9896 11.8913 8.40827 8.1101 6.15816 11.7428 7.75357 6.28987 4.4948 3.66323
threshold=0.007958072948113017 -0.017441241091737055 0.76742276872535664 8.5000000000000018 0.028032632196722255 -0.0023701991114457028 0.01388847063852962 1.5000000000000002 0.11996674043864887 7.5000000000000009 0.49877571440658114
decision_type=2 2 2 2 2 2 2 2 2 2 2
left_child=1 -1 3 -3 -4 7 10 -2 -8 -9 -7
right_child=5 2 4 -5 -6 6 8 9 -10 -11 -12
leaf_value=-0.12797129580154989 -0.12719905319972907 -0.070044504518489065 -0.13221117032178831 -0.10196507443613512 -0.093747177259782877 -0.11488508744953856 -0.09265968704080764 -0.086213316851360994 -0.12244404938610089 -0.1124744127551927 -0.13888805571136065
leaf_weight=8.7230525165796262 11.464583307504656 21.683016255497932 7.4769021570682517 14.953804314136503 8.224592372775076 9.4707427322864515 10.467663019895555 10.21843294799328 10.716893091797827 8.9722825884819013 33.396829634904861
leaf_count=35 46 87 30 60 33 38 42 41 43 36 134
internal_value=-0.111039 -0.0964528 -0.0904963 -0.0815376 -0.111531 -0.120397 -0.125579 -0.109806 -0.108052 -0.0981696 -0.134324
internal_weight=155.769 61.0614 52.3383 36.6368 15.7015 94.7074 64.0521 30.6553 21.1846 19.1907 42.8676
internal_count=625 245 210 147 63 380 257 123 85 77 172
is_linear=0
shrinkage=1


Tree=1
num_leaves=14
num_cat=0
split_feature=40 23 36 4 8 23 5 23 23 17 5 25 20
split_gain=14.5085 14.0808 9.70933 9.60271 12.5668 9.4739 6.36856 6.35013 5.79293 5.46014 4.38791 2.86787 2.46065
threshold=0.020321626672549557 1.0552429230122866 0.0050549896365396094 -0.0023701991114457028 0.021852800187927457 1.2054626717383552 -0.0077600623006930372 0.87333577214196156 1.1158912122827147 -0.045929606563635587 0.068402997835086313 0.24780462968662917 0.011400090014756233
decision_type=2 2 2 2 2 2 2 2 2 2 2 2 2
left_child=1 2 11 8 6 12 -5 -4 9 -2 -6 -1 -3
right_child=3 5 7 4 10 -7 -8 -9 -10 -11 -12 -13 -14
leaf_value=-0.012772497283007563 -0.021162414702362169 -0.0033313391020441197 0.0095025426545286545 -0.0025858389121378791 0.015633397148177436 0.012109047116228431 -0.034937148808163739 0.037995940183146046 0.024044584675544271 0.0093203227956745009 -0.01155404436548774 0.010283542801341881 -0.02785650275761508
leaf_weight=7.7250502705574018 7.4771847873926207 8.2261618077755028 15.706684291362761 8.716451093554495 9.7177921235561389 12.462569788098333 23.645374685525894 19.202592849731445 7.7287560254335395 9.4696236252784729 7.4750043153762809 7.4803300052881241 10.715515062212942
leaf_count=31 30 33 63 35 39 50 95 77 31 38 30 30 43
internal_value=5.8903e-05 0.00878844 0.0184622 -0.00931007 -0.0167778 -0.00638088 -0.0273177 0.0267919 0.00525816 -0.0041516 0.00305918 -0.000681287 -0.0192571
internal_weight=155.749 81.5189 50.1147 74.2302 49.5546 31.4042 32.3618 34.9093 24.6756 16.9468 17.1928 15.2054 18.9417
internal_count=625 327 201 298 199 126 130 140 99 68 69 61 76
is_linear=0
shrinkage=0.03


Tree=2
num_leaves=13
num_cat=0
split_feature=37 3 28 33 32 8 3 27 12 14 6 11
split_gain=22.2318 7.90464 6.98999 10.7016 6.80223 5.19194 6.68645 5.49752 4.64879 4.22724 5.71402 3.86667
threshold=0.007958072948113017 -0.021447703573174767 8.5000000000000018 0.32071310531004815 0.0014973131652764595 -0.00038241151601215578 0.018317964478553276 1.5000000000000002 59.432714260434274 0.8856385807191175 0.00073274465553525457 0.019534745175754601
decision_type=2 2 2 2 2 2 2 2 2 2 2 2
left_child=1 -1 8 -4 5 7 -7 -2 -3 10 -6 -11
right_child=4 2 3 -5 9 6 -8 -9 -10 11 -12 -13
leaf_value=-0.010033620712049659 -0.021734978950710099 0.034913699469917084 0.026908860784390125 -0.014230376536492444 0.0084101403349763609 -0.031312611315298632 0 0.0062492654813980347 0.0084869683697574878 0.024358930266346418 -0.01932807549807649 -0.00077261849696001229
leaf_weight=8.4684866964817029 7.7196403592824963 20.718602478504181 7.7324730902910259 11.471092984080313 9.2124941647052783 22.624173089861873 8.475720062851904 15.206347912549971 12.719942927360533 7.7227724194526699 13.681470513343809 9.9604286700487119
leaf_count=34 31 83 31 46 37 91 34 61 51 31 55 40
internal_value=5.5638e-05 0.0139956 0.0183615 0.00260291 -0.00889721 -0.0156767 -0.023401 -0.0035597 0.0263306 8.92847e-05 -0.00778478 0.0108009
internal_weight=155.714 61.1106 52.6421 19.2036 94.603 54.0259 31.0999 22.926 33.4385 40.5772 22.894 17.6832
internal_count=625 245 211 77 380 217 125 92 134 163 92 71
is_linear=0
shrinkage=0.03


Tree=3
num_leaves=14
num_cat=0
split_feature=40 23 18 8 36 23 23 19 36 11 11 20 24
split_gain=13.1575 13.1666 10.2604 11.4042 9.23245 9.06864 5.96486 5.94924 5.3893 4.76101 4.18591 3.12546 2.18889
threshold=0.020321626672549557 1.0552429230122866 0.40125718524802217 0.021852800187927457 0.0050549896365396094 1.2054626717383552 0.87333577214196156 0.071000554812107999 0.0060562062630251769 0.0095791948025818491 0.016273708568433024 0.011020353171634625 0.076921948314418467
decision_type=2 2 2 2 2 2 2 2 2 2 2 2 2
left_child=1 4 7 8 12 9 -6 11 -4 -3 -5 -2 -1
right_child=2 5 3 10 6 -7 -8 -9 -10 -11 -12 -13 -14
leaf_value=0.0083147579937946341 0.00084166701542832186 -0.00015713973446219409 -0.010896782768854602 0.015223923433661692 0.0090753759899895089 0.011777814668226447 0.036692512884143907 -0.011629381045590408 -0.037531391659909624 -0.031047527668308199 -0.011326271765695606 0.029306540062229412 -0.011763967978807766
leaf_weight=7.7309836596250516 7.4783884137868899 8.7198304086923653 17.624502673745155 9.7245475500822085 15.714417219161986 12.467697650194166 19.229100495576859 7.476274609565734 16.873527646064758 10.201653376221655 7.4691978842020026 7.4774623364210129 7.4754361361265182
leaf_count=31 30 35 71 39 63 50 77 30 68 41 30 30 30
internal_value=5.46326e-05 0.0083678 -0.0088727 -0.0161282 0.0177211 -0.00629299 0.0258425 0.00718423 -0.0256779 -0.0189048 0.00293027 0.017736 -0.000904195
internal_weight=155.663 81.5391 74.1239 51.6918 50.1499 31.3892 34.9435 22.4321 34.498 18.9215 17.1937 14.9559 15.2064
internal_count=625 327 298 208 201 126 140 90 139 76 69 60 61
is_linear=0
shrinkage=0.03


Tree=4
num_leaves=13
num_cat=0
split_feature=40 18 8 28 3 33 40 19 19 36 5 20
split_gain=12.4411 9.76495 10.839 8.31873 11.8185 9.6676 10.794 6.94627 5.68226 5.12129 4.02927 2.96013
threshold=0.020321626672549557 0.40125718524802217 0.021852800187927457 8.5000000000000018 -0.018491470822762309 0.35569135635408683 -0.0061007846111312261 0.034468848324398775 0.071000554812107999 0.0060562062630251769 0.068402997835086313 0.011020353171634625
decision_type=2 2 2 2 2 2 2 2 2 2 2 2
left_child=3 8 9 4 -1 -5 -7 -6 11 -3 -4 -2
right_child=1 2 10 5 7 6 -8 -9 -10 -11 -12 -13
leaf_value=-0.01409834724593257 0.00082171756741507892 -0.010611997038189932 0.014901955716994103 0.013147377800919249 -0.001490707554237803 -0.038747604081804721 0.0040191207126488689 0.02777554693147451 -0.011360265287777076 -0.036642113812049737 -0.01114322115935768 0.028583833313834888
leaf_weight=7.9695920646190634 7.4787083417177218 17.608468875288963 9.7302693873643893 14.713651627302168 7.7319053560495368 8.4670237898826581 8.9674225747585314 33.687277585268021 7.4712347239255896 16.813968881964684 7.4646739214658728 7.4869384318590164
leaf_count=32 30 71 39 59 31 34 36 135 30 68 30 30
internal_value=4.85687e-05 -0.00863549 -0.015725 0.00813317 0.0156877 -0.00327257 -0.0178288 0.0221498 0.0070126 -0.0250524 0.0028308 0.0173269
internal_weight=155.591 74.0543 51.6174 81.5369 49.3888 32.1481 17.4344 41.4192 22.4369 34.4224 17.1949 14.9656
internal_count=625 298 208 327 198 129 70 166 90 139 69 60
is_linear=0
shrinkage=0.03


Tree=5
num_leaves=11
num_cat=0
split_feature=37 19 21 35 23 37 23 40 22 36
split_gain=11.4384 9.48838 13.8477 10.8711 7.18635 11.7903 5.7892 3.69389 3.43261 3.3953
threshold=0.0034505302741475456 0.029548566676325331 0.0096497827345744264 0.057377036620360873 1.0161890829880329 -0.030802761424181698 1.1048825755857361 -0.034933212424947506 0.044167835406651042 0.005159720709247047
decision_type=2 2 2 2 2 2 2 2 2 2
left_child=4 -2 3 -3 7 -6 -4 -1 -7 -9
right_child=1 2 6 -5 5 8 -8 9 -10 -11
leaf_value=0.0023640072374861653 -0.029512151966292591 0.014475774773181786 -0.022745397933722326 -0.016325710270866774 0.024223207865554226 0 0.0027772007569978317 0.0051000898128668792 -0.028476895309326771 0.033226372191459116
leaf_weight=10.480433508753775 10.916239604353903 43.263923183083534 26.314254492521286 11.157358184456823 7.9798652529716518 7.4781585335731489 9.21480745077133 7.7298772186040905 7.7187874019145966 15.986807957291601
leaf_count=42 44 174 106 45 32 30 37 31 31 64
internal_value=0.000579191 -0.00538204 -0.00171229 0.00754019 0.0111403 -0.00120434 -0.0159309 0.0195254 -0.0166928 0.0257521
internal_weight=158.241 100.867 89.9503 54.4213 57.3739 23.1768 35.5291 34.1971 15.1969 23.7167
internal_count=636 406 362 219 230 93 143 137 61 95
is_linear=0
shrinkage=0.03


Tree=6
num_leaves=10
num_cat=0
split_feature=37 20 2 32 34 24 3 17 11
split_gain=10.8683 7.46639 8.01386 9.7054 6.89435 5.21328 5.88117 3.84823 3.16601
threshold=0.0034505302741475456 0.015064394860144865 -0.0077316064002497234 0.0030668061483822844 0.0050695474508347669 0.63060830601250617 -0.018491470822762309 -0.10688016960670631 0.0012006265000884533
decision_type=2 2 2 2 2 2 2 2 2
left_child=5 2 7 -4 -3 6 -1 -2 -8
right_child=1 4 3 -5 -6 -7 8 -9 -10
leaf_value=-0.0028326286394046475 0 0.0007216608579722868 -0.013700986434109148 0.010294917486805178 -0.031209297397923292 -0.0089034772615865683 0.0056898997308984468 0.029907690515156918 0.026389750248668464
leaf_weight=11.453807726502417 7.7087960541248322 8.1920600235462206 42.407834351062775 20.622242704033852 14.153421372175215 7.9811645448207846 13.476325377821921 7.7268562614917737 24.46043586730957
leaf_count=46 31 33 171 83 57 32 54 31 98
internal_value=0.000557007 -0.00525374 -0.000538883 -0.00554416 -0.0197894 0.0108531 0.0145597 0.0173309 0.0200653
internal_weight=158.183 100.811 78.4657 63.0301 22.3455 57.3717 49.3906 15.4357 37.9368
internal_count=636 406 316 254 90 230 198 62 152
is_linear=0
shrinkage=0.03


Tree=7
num_leaves=12
num_cat=0
split_feature=37 20 19 34 23 23 37 34 36 19 0
split_gain=10.269 7.66468 12.9331 9.90621 7.78617 7.07086 10.9297 4.95136 4.85157 4.46994 0.540756
threshold=0.0083714322577082018 0.01407107197369249 0.029548566676325331 -0.0017128926264934339 1.071264370213507 1.0161890829880329 -0.030802761424181698 0.011476410558069696 0.0063832767231642466 0.08933743976261628 0.0032430142152982682
decision_type=2 2 2 2 2 2 2 2 2 2 2
left_child=5 2 -2 -3 -4 7 -7 9 -8 -1 -5
right_child=1 3 4 10 -6 6 8 -9 -10 -11 -12
leaf_value=-0.0014401998365779003 -0.027661042305845412 0.0083442323738177789 -0.0024935821912340154 -0.034255662939301358 0.019870766032901964 0.023455721439233683 0.0019439870087074468 0.030098781942966592 -0.026034693749235505 0.02353259896241101 -0.012697437646387678
leaf_weight=16.46979853510857 10.383927777409552 7.4433849900960949 33.205274492502213 12.635466665029528 20.674906998872757 7.9853801578283337 7.7267579585313824 15.222359389066694 10.944836318492888 7.4949207901954642 7.9365659803152075
leaf_count=66 42 30 134 51 83 32 31 61 44 30 32
internal_value=0.000548511 -0.00576467 0 -0.0182812 0.00622368 0.00952656 -0.00188058 0.017365 -0.0146629 0.00700335 -0.0284652
internal_weight=158.124 92.2795 64.2641 28.0154 53.8802 65.8441 26.657 39.1871 18.6716 23.9647 20.572
internal_count=636 372 259 113 217 264 107 157 75 96 83
is_linear=0
shrinkage=0.03


Tree=8
num_leaves=11
num_cat=0
split_feature=37 23 37 17 38 22 38 38 13 9
split_gain=9.78183 6.69311 10.3927 6.44486 9.05606 5.51127 5.07726 3.93121 3.47867 2.34038
threshold=0.0083714322577082018 1.0161890829880329 -0.030802761424181698 -0.072936887248236201 0.011723993584779791 0.47467996001735907 0.007939838977807331 0.010284738816402685 -4.9555580196849531 0.025176938058971966
decision_type=2 2 2 2 2 2 2 2 2 2
left_child=1 6 -3 8 5 -5 -1 -4 -2 -8
right_child=3 2 7 4 -6 -7 9 -9 -10 -11
leaf_value=-0.0027017067436142213 -0.0020849473578349086 0.022887183180667636 0 0.0075163611751898358 -0.026212269475983745 -0.017122468123061313 0.026749360977055419 -0.027226111650206941 -0.02693321142608536 0.0042126046402814104
leaf_weight=7.7349032610654822 9.9123812168836611 7.9878697991371181 10.196182936429979 51.877838328480721 8.6511146128177625 7.4374708831310263 23.462727472186092 8.4578434973955137 14.335102081298826 7.9880909025669089
leaf_count=31 40 32 41 209 35 30 94 34 58 32
internal_value=0.000530205 0.00929512 -0.00179531 -0.00563198 -0.000511923 0.00372456 0.0169206 -0.0142837 -0.0182796 0.0220678
internal_weight=158.042 65.8276 26.6419 92.2139 67.9664 59.3153 39.1857 18.654 24.2475 31.4508
internal_count=636 264 107 372 274 239 157 75 98 126
is_linear=0
shrinkage=0.03


Tree=9
num_leaves=11
num_cat=0
split_feature=40 22 23 17 23 21 27 21 20 34
split_gain=8.409 8.97445 6.47725 6.69399 6.44346 5.23528 5.08737 4.79458 10.6228 4.69632
threshold=0.024671143710632618 0.22951593933091699 1.0742907677334026 0.063466764519300264 1.0189733029962209 0.009729073933494271 2.5000000000000004 0.0080741773890430878 0.017548710494298281 -0.01514929189544406
decision_type=2 2 2 2 2 2 2 2 2 2
left_child=1 7 3 5 -3 -2 -4 9 -9 -1
right_child=2 4 6 -5 -6 -7 -8 8 -10 -11
leaf_value=0.0012580724939287799 0.0028053686708386042 0.0066595982327254562 -0.006491549043143907 -0.031012452070549128 -0.022877553661103875 -0.020208293900137196 0.018958881561580675 -0.0046717242904527898 0.028004593817068189 0.029891156462889888
leaf_weight=8.7236247956752795 22.285076141357422 10.473243325948717 13.166769698262216 12.342481449246405 11.670079052448271 11.558623820543287 10.706762135028837 28.627094641327858 10.472372844815252 17.95071679353714
leaf_count=35 90 42 53 50 47 47 43 115 42 72
internal_value=0.000488564 0.00668807 -0.00705267 -0.0135031 -0.00889153 -0.00532501 0.00492589 0.012262 0.00465219 0.0217909
internal_weight=157.977 87.9171 70.0597 46.1862 22.1433 33.8437 23.8735 65.7738 39.0995 26.6743
internal_count=636 353 283 187 89 137 96 264 157 107
is_linear=0
shrinkage=0.03


Tree=10
num_leaves=9
num_cat=0
split_feature=20 19 16 20 17 19 0 20
split_gain=13.4348 12.5208 7.82484 7.36455 6.70286 8.59925 5.45944 5.41155
threshold=0.01407107197369249 0.092828587835569756 -0.5480316026563663 0.017548710494298281 0.059631792821916614 0.041193473544165672 0.0067572017137651494 0.014782687894752624
decision_type=2 2 2 2 2 2 2 2
left_child=2 7 -1 -3 5 -4 -6 -2
right_child=1 3 4 -5 6 -7 -8 -9
leaf_value=0.029502505616896595 -0.0025496492840275417 -0.012825320418982154 -0.0028638224387955032 0.020206524340086063 -0.021301602462661072 0.017827995908521944 0.0020520776494550121 -0.035369402229405766
leaf_weight=7.9747959673404685 7.4589831084013012 10.660168752074243 36.267979443073273 9.4576597660779935 15.377060428261759 31.335615113377571 15.901143699884413 19.308547839522362
leaf_count=32 30 43 146 38 62 126 64 78
internal_value=-0.00168913 -0.0148028 0.0040932 0.0024482 0.00135099 0.00674842 -0.00956857 -0.0275584
internal_weight=153.742 46.8854 106.857 20.1178 98.8818 67.6036 31.2782 26.7675
internal_count=619 189 430 81 398 272 126 108
is_linear=0
shrinkage=0.03


Tree=11
num_leaves=10
num_cat=0
split_feature=21 28 36 19 7 28 35 34 35
split_gain=10.9405 12.8084 14.1455 8.14558 12.5193 7.20138 6.26846 4.36672 2.31232
threshold=0.0079968426891522549 2.5000000000000004 0.0088352077389240637 0.044468316491843927 0.0045900866631737166 9.5000000000000018 0.02950493322693826 0.011641043650135631 0.052646717785798776
decision_type=2 2 2 2 2 2 2 2 2
left_child=3 -2 5 4 7 -3 -5 -1 -8
right_child=1 2 -4 6 -6 -7 8 -9 -10
leaf_value=0.017872702055320849 0.022629694218352731 -0.025432138533860123 0.018832196553009394 0 -0.024072444945752454 -0.0043260345827776858 0.042676129864351646 -0.003240043836444515 0.011395999129712219
leaf_weight=18.671027898788456 8.2081034630537015 41.130638971924782 8.9481736421585065 10.194220617413523 12.598247736692427 26.293426796793938 7.4846038073301298 12.658996149897574 7.4720869958400726
leaf_count=75 33 166 36 41 51 106 30 51 30
internal_value=-0.00164169 -0.00886019 -0.0129271 0.0069862 -0.000641526 -0.0177792 0.019927 0.00920945 0.0311211
internal_weight=153.66 84.5803 76.3722 69.0792 43.9283 67.4241 25.1509 31.33 14.9567
internal_count=619 341 308 278 177 272 101 126 60
is_linear=0
shrinkage=0.03


Tree=12
num_leaves=9
num_cat=0
split_feature=20 38 4 16 40 28 2 37
split_gain=12.4075 12.544 10.1401 7.50997 8.0498 8.48133 8.22207 3.93093
threshold=0.01407107197369249 0.014373774980379292 0.026590938735543638 -0.5480316026563663 0.032343928674441032 8.5000000000000018 -0.0062774608472545004 0.021192698476839026
decision_type=2 2 2 2 2 2 2 2
left_child=3 2 7 -1 5 -5 -6 -2
right_child=1 -3 -4 4 6 -7 -8 -9
leaf_value=0.028877597654778705 -0.015189321017302479 0.017198836385801837 0.0021163501241791174 0.016725210701164249 0.014769200339841316 -0.0050965956015864965 -0.016590718685872467 -0.042680745885634863
leaf_weight=7.9746394902467719 15.632722333073618 7.4583108574151984 10.921245291829107 37.32367305457592 7.7090966850519171 24.396504119038582 29.40170881152153 12.738719329237936
leaf_count=32 63 30 44 150 31 98 119 52
internal_value=-0.0015637 -0.0141919 -0.021058 0.00398533 0.00129507 0.00797494 -0.00927062 -0.0300245
internal_weight=153.557 46.751 39.2927 106.806 98.831 61.7202 37.1108 28.3714
internal_count=619 189 159 430 398 248 150 115
is_linear=0
shrinkage=0.03


Tree=13
num_leaves=13
num_cat=0
split_feature=40 28 7 9 23 7 23 27 24 40 7 6
split_gain=8.88979 9.73827 9.49122 8.82778 5.4363 7.28847 5.27578 8.91416 4.33373 3.70507 2.83692 2.66444
threshold=0.033138170222998038 8.5000000000000018 -0.015625898234274488 0.024807449480457888 1.047306949062371 -0.0052148931240452766 1.0966720391473892 2.5000000000000004 -0.19999440511067704 0.00042701653702481584 -0.00045088270350110269 0.0015379122393095197
decision_type=2 2 2 2 2 2 2 2 2 2 2 2
left_child=1 2 -1 -4 5 -3 8 -8 10 -6 -2 -10
right_child=6 4 3 -5 9 -7 7 -9 11 -11 -12 -13
leaf_value=-0.016001477050334806 -0.016266885440371779 0.022476477282495182 0.025440124549626689 0 -0.032876296255646108 -0.0096971186531392122 -0.017245302422798363 0.021608100952255887 -0.0076153269051890838 -0.0017886956583198742 0.0053617925146947189 -0.034492494369477301
leaf_weight=7.6905294656753531 7.615936920046809 7.7163588851690301 31.857281669974327 20.138749629259109 7.6644285917282087 15.921031475067139 8.4076611697673815 8.7055414319038373 8.3575659543275851 7.4536183476448059 9.6209529936313611 12.272822737693785
leaf_count=31 31 31 128 81 31 64 34 35 34 30 39 50
internal_value=-0.0015127 0.00376678 0.0113214 0.0160834 -0.00748448 0.00115484 -0.0110292 0.00192763 -0.017064 -0.0204252 -0.00411253 -0.0259024
internal_weight=153.422 98.442 59.6866 51.996 38.7554 23.6374 54.9805 17.1132 37.8673 15.118 17.2369 20.6304
internal_count=619 396 240 209 156 95 223 69 154 61 70 84
is_linear=0
shrinkage=0.03


Tree=14
num_leaves=9
num_cat=0
split_feature=21 36 5 33 35 36 11 11
split_gain=9.77894 10.7975 6.93562 10.3441 6.17506 6.15505 5.75261 5.17567
threshold=0.0079968426891522549 0.0088352077389240637 0.036140424518830712 0.55291163067608384 0.028409734978965377 0.0075745090968123889 0.023325559605792304 0.0013991872016809739
decision_type=2 2 2 2 2 2 2 2
left_child=2 5 3 7 -5 6 -2 -1
right_child=1 -3 -4 4 -6 -7 -8 -9
leaf_value=0.0011576510777858398 -0.0010440654784322138 0.019062978688177024 0.02615485216143431 -0.023824580004615636 0.0016167646631643766 -0.029942532568488445 -0.020963436816238693 0.027667560188427878
leaf_weight=14.90476615726948 44.132114812731743 9.1863125413656217 11.444305494427679 13.102289721369745 17.066957905888557 13.189681127667425 17.817045271396637 12.458649545907972
leaf_count=60 178 37 46 53 69 54 72 50
internal_value=-0.00149973 -0.00834254 0.00665371 0.00177426 -0.00976022 -0.0122949 -0.00748404 0.0148009
internal_weight=153.302 84.3252 68.977 57.5327 30.1692 75.1388 61.9492 27.3634
internal_count=619 341 278 232 122 304 250 110
is_linear=0
shrinkage=0.03


Tree=15
num_leaves=9
num_cat=0
split_feature=3 5 37 6 37 5 16 13
split_gain=6.85527 11.9787 11.2281 8.24298 8.72198 9.8053 6.81014 2.98799
threshold=0.0050342260318241303 0.040468682185499157 -0.012118897159999751 -0.012839534118654196 0.059181339398446837 0.011828578586860707 0.80951711994498687 5.0328011437829199
decision_type=2 2 2 2 2 2 2 2
left_child=3 2 -2 -1 5 -5 -3 -4
right_child=1 6 7 4 -6 -7 -8 -9
leaf_value=-0.018424716072691499 0.011190795825395538 0.023881240840264696 -0.028760748238863296 0.018201166343167579 -0.019115871585059376 -0.0054346609164819164 -0.0088583747244433669 -0.0079506148901065301
leaf_weight=10.584789678454397 8.9447723329067212 11.438346192240717 27.092163667082787 49.425495699048042 7.5994769483804694 20.476579815149307 7.6825609505176535 13.329259455204008
leaf_count=43 36 46 110 199 31 83 31 54
internal_value=-0.00146606 -0.00852576 -0.0162774 0.00392377 0.00755141 0.0111103 0.0104234 -0.0229504
internal_weight=156.573 68.4871 49.3662 88.0863 77.5016 69.9021 19.1209 40.4214
internal_count=633 277 200 356 313 282 77 164
is_linear=0
shrinkage=0.03


Tree=16
num_leaves=12
num_cat=0
split_feature=3 21 32 16 16 37 21 26 23 32 33
split_gain=6.43634 10.8118 8.20449 6.94373 8.41311 4.9859 4.38288 4.1835 3.5132 2.36232 1.95237
threshold=0.0050342260318241303 0.010511333758284924 0.0037097307357409908 -0.42922577459232747 0.11192081874742056 -0.0020099661699320977 0.013375943717335538 0.33333212232184811 1.2023110050822849 -0.00046586954075955583 0.81978022618156621
decision_type=2 2 2 2 2 2 2 2 2 2 2
left_child=1 3 5 -1 -5 -2 9 10 -7 -3 -4
right_child=2 6 7 4 -6 8 -8 -9 -10 -11 -12
leaf_value=0.028259072475302436 0.00066521306246511837 -0.029589655428964672 -0.013288572230881295 -0.0041067230324729953 0.0206084639303411 -0.026356226444754438 0.003946051870065824 0.020833490690979211 -0.0017073165954109616 -0.0038126614135879843 0.005251411315773496
leaf_weight=13.424059018492697 10.946518421173094 9.0903854221105593 7.3737580478191402 33.038013145327568 16.815230324864388 25.513943433761597 8.1230833977460843 7.9286532253026953 8.4371227324008924 7.5729189366102245 8.1861623078584653
leaf_count=54 44 37 30 133 68 104 33 32 34 31 33
internal_value=-0.00144258 0.00377531 -0.00829133 0.010413 0.00441364 -0.015659 -0.0121223 0.00532695 -0.0210837 -0.0203425 -0.00319319
internal_weight=156.45 88.0637 68.3862 63.2773 49.8532 44.8976 24.7864 23.4886 33.9511 16.6633 15.5599
internal_count=633 356 277 255 201 182 101 95 138 68 63
is_linear=0
shrinkage=0.03


Tree=17
num_leaves=10
num_cat=0
split_feature=3 15 12 34 40 17 17 40 11
split_gain=6.13378 11.5632 8.49851 7.10132 6.06511 5.82146 5.31287 4.43461 3.15817
threshold=0.0083138028243744406 1.4163081416632941 79.672463090097594 0.02489034192042228 0.035913360362268561 0.19692379302084542 -0.0061016840074299685 0.043582729284102457 -0.0065104532582826438
decision_type=2 2 2 2 2 2 2 2 2
left_child=1 3 5 4 -1 6 -2 -3 -5
right_child=2 7 -4 8 -6 -7 -8 -9 -10
leaf_value=0.020458651846102092 0 -0.025217325511952351 0.013603781690906187 0.0067466838902435714 0 0.0017334989570425572 -0.026973514747825077 9.380571880314841e-07 -0.014382376157626602
leaf_weight=38.277648970484734 7.893056213855739 13.031489089131357 9.6914058178663236 8.4358216822147387 18.990387558937073 12.327586770057676 26.060334801673893 8.7720249444246274 12.863513633608816
leaf_count=154 32 53 39 34 77 50 106 36 52
internal_value=-0.0013975 0.00292631 -0.00924324 0.00842292 0.0138688 -0.0147035 -0.020853 -0.0152937 -0.0055094
internal_weight=156.343 100.371 55.9724 78.5674 57.268 46.281 33.9534 21.8035 21.2993
internal_count=633 406 227 317 231 188 138 89 86
is_linear=0
shrinkage=0.03


Tree=18
num_leaves=9
num_cat=0
split_feature=17 18 5 15 5 9 10 28
split_gain=5.96448 6.39967 15.8192 6.1031 4.76128 6.09357 4.76047 2.77549
threshold=-0.25288314976559384 0.71305189990118645 0.041451999229695786 1.0839478941912601 0.01341788764598695 -0.015141142748372733 0.024120695765654013 6.5000000000000009
decision_type=2 2 2 2 2 2 2 2
left_child=-1 4 3 -3 5 -2 -4 -6
right_child=1 2 6 -5 7 -7 -8 -9
leaf_value=-0.023450877268194632 -0.0031923711868534822 -0.010108951816065269 0.023577377553480095 -0.039473168740001383 0.0024125676522221478 0.014041531433081249 -0.0019389581213021488 -0.020030776081527743
leaf_weight=8.28877045214176 25.460676968097687 25.644556403160095 11.156301856040956 9.0456257015466672 7.3625970035791379 51.005190074443817 10.65368492901325 7.6221562922000885
leaf_count=34 103 104 45 37 30 206 43 31
internal_value=-0.00135636 7.76975e-05 -0.00760352 -0.019909 0.005045 0.00817692 0.0113673 -0.00913474
internal_weight=156.24 147.951 56.5002 34.6902 91.4506 76.4659 21.81 14.9848
internal_count=633 599 229 141 370 309 88 61
is_linear=0
shrinkage=0.03


Tree=19
num_leaves=8
num_cat=0
split_feature=17 3 5 37 37 7 4
split_gain=5.68689 7.84546 12.228 10.2663 6.85044 7.20529 3.4815
threshold=-0.25288314976559384 0.0050342260318241303 0.040468682185499157 -0.012118897159999751 0.059181339398446837 -0.017441241091737055 0.04546334910012307
decision_type=2 2 2 2 2 2 2
left_child=-1 4 3 -3 5 -2 -4
right_child=1 2 6 -5 -6 -7 -8
leaf_value=-0.022949598586800454 -0.011557692293502883 0.011099342403268221 0.021848098004054479 -0.021519631758792776 -0.016885240301470671 0.013417677032264682 -0.0018428838138921802
leaf_weight=8.2598471343517286 10.157618433237074 8.9359295368194562 10.920214891433718 40.128759548068047 7.8398790955543509 62.454132422804832 7.4443069547414771
leaf_count=34 41 36 44 164 32 252 30
internal_value=-0.00134459 5.22121e-05 -0.00727844 -0.0150831 0.00640572 0.00950669 0.0122702
internal_weight=156.141 147.881 67.4292 49.0647 80.4516 72.6118 18.3645
internal_count=633 599 274 200 325 293 74
is_linear=0
shrinkage=0.03


Tree=20
num_leaves=11
num_cat=0
split_feature=37 12 21 35 19 19 32 33 37 0
split_gain=6.07098 7.24351 6.2979 10.4418 8.49491 9.23825 6.86166 5.57255 6.06964 1.37698
threshold=0.038888372652949317 66.190672954543686 0.0072962037176987861 0.013356826289609993 0.090723585177030011 0.059948604378162289 0.0017918036750416146 0.62706940927289379 0.050128477521635968 0.0029557724938129586
decision_type=2 2 2 2 2 2 2 2 2 2
left_child=2 7 3 -1 5 -4 -6 8 -2 -5
right_child=1 -3 4 9 6 -7 -8 -9 -10 -11
leaf_value=-0.0049130420227808443 0.011417098801138193 0.0081511928122406149 0.0023230498009821801 0.03301220935250581 -0.0013335072518438338 -0.020397849067146281 0.034086663576660368 -0.030397837007132233 -0.019444382154385677 0.0094738445871551252
leaf_weight=14.361166715621946 8.8655000776052493 12.613355606794356 39.192121565341949 12.872154861688616 8.1627840697765333 23.875159084796906 7.6857350319623938 13.544044271111487 9.7137779146432859 7.6866772323846808
leaf_count=58 36 51 158 52 33 97 31 56 40 31
internal_value=-0.000250716 -0.00945946 0.0033396 0.0136064 -0.00124208 -0.00641038 0.0168979 -0.0168864 -0.00431087 0.0264966
internal_weight=158.572 44.7367 113.836 34.92 78.9158 63.0673 15.8485 32.1233 18.5793 20.5588
internal_count=643 183 460 141 319 255 64 132 76 83
is_linear=0
shrinkage=0.03


Tree=21
num_leaves=11
num_cat=0
split_feature=5 20 12 37 15 25 5 19 38 38
split_gain=6.78407 8.52818 7.6266 7.47569 6.0467 5.21605 5.00504 4.7937 0.954393 0.924186
threshold=-0.015693070499219971 0.01329236479246409 67.597972850689075 0.046076855652094191 2.2742479157682802 0.48423329309964863 0.032737490505170393 0.092828587835569756 0.0087014496060890938 0.010149329685461372
decision_type=2 2 2 2 2 2 2 2 2 2
left_child=1 9 3 5 6 -2 -4 -3 -5 -1
right_child=2 7 4 8 -6 -7 -8 -9 -10 -11
leaf_value=0.032175467138767094 -0.007423482500053525 -0.014077290647146563 0 -0.032679706799666704 -0.010702619998447117 0.012683942304303501 0.025343676874817946 0.013488590216075146 -0.010692367621589562 0.0097933325742242186
leaf_weight=9.4355126768350619 57.679515764117241 11.803828522562982 10.363764911890032 9.1483408808708209 9.1493653804063779 12.10857607424259 14.880216255784033 7.3948912024497977 8.7567211389541608 7.6997392177581778
leaf_count=38 234 48 42 38 37 49 60 30 36 31
internal_value=-0.000229882 0.0107043 -0.00372496 -0.00845568 0.00772669 -0.00346962 0.0152521 -0.00248112 -0.0248349 0.0249767
internal_weight=158.42 36.334 122.087 87.6932 34.3933 69.7881 25.244 19.1987 17.9051 17.1353
internal_count=643 147 496 357 139 283 102 78 74 69
is_linear=0
shrinkage=0.03


Tree=22
num_leaves=11
num_cat=0
split_feature=5 20 12 40 19 28 10 19 38 38
split_gain=6.47312 8.11641 7.21535 10.9331 7.36282 6.30783 5.26898 4.56402 3.66282 0.859016
threshold=-0.015693070499219971 0.01329236479246409 67.597972850689075 0.035073714590360357 0.053449102528327998 8.5000000000000018 0.024120695765654013 0.092828587835569756 0.008274027163682569 0.010149329685461372
decision_type=2 2 2 2 2 2 2 2 2 2
left_child=1 9 3 4 -2 6 -4 -3 -5 -1
right_child=2 7 5 8 -6 -7 -8 -9 -10 -11
leaf_value=0.031396226128069193 0.0082721644345498148 -0.013730617929536003 0.026216297852256723 -0.032105229813096672 -0.01420771407045855 -0.0099454363933182029 -0.00023276504868592575 0.013163762657271901 -0.009686087886552168 0.0095595118103369275
leaf_weight=9.4293289482593554 35.209597334265709 11.789511114358904 14.352961212396623 14.692656785249708 18.216522082686424 10.385471075773237 9.6439869999885541 7.3993277102708808 19.482926055788994 7.7003375589847556
leaf_count=38 142 48 58 61 74 42 39 30 80 31
internal_value=-0.000216145 0.0104639 -0.00363441 -0.00824129 0.000100554 0.00749881 0.0158097 -0.00238843 -0.0209812 0.0243898
internal_weight=158.303 36.3185 121.984 87.6017 53.4261 34.3824 23.9969 19.1888 34.1756 17.1297
internal_count=643 147 496 357 216 139 97 78 141 69
is_linear=0
shrinkage=0.03


Tree=23
num_leaves=10
num_cat=0
split_feature=5 40 23 23 14 11 21 34 23
split_gain=6.18282 6.11287 7.50816 6.61193 6.39047 9.3864 5.97579 4.4904 3.33338
threshold=-0.016210560185619057 0.035073714590360357 0.78055871418096323 1.0552429230122866 0.21288470177364618 0.016846374533670664 0.0074152390679203132 0.024396315883857048 0.97643763008823192
decision_type=2 2 2 2 2 2 2 2 2
left_child=6 2 -2 -4 -3 -6 -1 8 -8
right_child=1 4 3 -5 5 -7 7 -9 -10
leaf_value=0.03017882627094878 -0.022351225575725716 -0.025581872903638506 0.013513276425078593 -0.0044751185051307612 0.013054568132787901 -0.018848022925199222 0.021274624856343134 -0.013707488382212182 -0.0011846484206311382
leaf_weight=8.1808226108551008 8.1622776985168439 16.987223520874977 37.125274285674095 31.598893836140633 14.746408939361574 14.218354403972624 9.6619883328676277 8.0992899686098081 9.3654417991638166
leaf_count=33 33 70 150 128 60 59 39 33 38
internal_value=-0.000206896 -0.00349719 0.00153654 0.00513759 -0.0119452 -0.00232738 0.0104121 0.00227298 0.0104454
internal_weight=158.146 122.838 76.8864 68.7242 45.952 28.9648 35.3075 27.1267 19.0274
internal_count=643 500 311 278 189 119 143 110 77
is_linear=0
shrinkage=0.03


Tree=24
num_leaves=12
num_cat=0
split_feature=11 17 34 35 7 37 40 20 40 17 32
split_gain=5.45642 9.62669 5.78074 9.1878 9.00557 8.26755 4.72401 4.57243 2.3972 1.80693 0.732426
threshold=0.016273708568433024 -0.068983133725948206 0.0078169247852096797 -0.081090102485088508 0.0048075767353739068 0.011290741771607828 0.021619436998289724 0.009253886120716601 -0.025092470899840177 -0.14004892228020882 0.0013917940702586897
decision_type=2 2 2 2 2 2 2 2 2 2 2
left_child=2 9 3 -1 -5 8 10 -7 -4 -2 -3
right_child=1 6 5 4 -6 7 -8 -9 -10 -11 -12
leaf_value=-0.013518689702265165 -0.010468805471217037 0.0033708493492032835 -0.0017315542915010615 0.029505414977344251 0.0015299485596716007 0.0036202587577823641 -0.009225783458165257 -0.018884844149525563 0.016721685672319891 -0.033463842854281924 0.019678552550254396
leaf_weight=9.3167403787374479 11.92138881981373 8.4325838834047335 7.42898961901665 21.308001279830933 21.214690625667572 9.5023599565029127 13.604184731841086 24.14143194258213 14.871453598141668 8.8514686077833158 7.4289594292640677
leaf_count=38 49 34 30 86 86 39 56 99 60 36 30
internal_value=-0.000206965 -0.00827201 0.00349778 0.0105915 0.016581 -0.00295531 0.00243929 -0.0122612 0.0103205 -0.0230042 0.0131968
internal_weight=158.022 50.2386 107.784 51.8394 42.5227 55.9442 29.4657 33.6438 22.3004 20.7729 15.8615
internal_count=643 205 438 210 172 228 120 138 90 85 64
is_linear=0
shrinkage=0.03


Tree=25
num_leaves=8
num_cat=0
split_feature=37 4 18 18 17 17 11
split_gain=6.70183 9.97775 8.31666 5.92127 5.33721 5.94049 3.79655
threshold=-0.010198208577822885 -0.015751679494167333 0.15251832369738721 0.76742276872535664 -0.075025278930089243 0.059631792821916614 0.021889748396682011
decision_type=2 2 2 2 2 2 2
left_child=1 -1 -2 -3 6 -6 -4
right_child=2 3 4 -5 5 -7 -8
leaf_value=-0.0057122154155644349 0.020860407085964761 0.03623867767256448 -0.0038207699245751143 0.0010834991595406204 0.0074944564609092162 -0.0081282570951115331 -0.027577245771305995
leaf_weight=13.311967700719832 11.363622963428496 13.344083577394487 16.147561788558964 7.4356035739183417 42.214203506708145 41.341011494398117 10.958007290959356
leaf_count=54 46 54 66 30 171 169 45
internal_value=0.00186552 0.0132664 -0.00136133 0.0255172 -0.00410621 -6.92589e-05 -0.0151752
internal_weight=156.116 34.0917 122.024 20.7797 110.661 83.5552 27.1056
internal_count=635 138 497 84 451 340 111
is_linear=0
shrinkage=0.03


Tree=26
num_leaves=8
num_cat=0
split_feature=21 35 38 20 16 35 20
split_gain=5.73851 11.0387 5.72645 6.00051 7.09628 5.08177 4.3338
threshold=0.0067698047604022879 0.023962378459250647 0.014373774980379292 0.015976867269854606 -0.53514485077901808 0.053387747164957096 0.01723510578921188
decision_type=2 2 2 2 2 2 2
left_child=1 -1 3 4 -2 -3 -5
right_child=2 5 -4 6 -6 -7 -8
leaf_value=-0.0081316482965837732 0.019636637766157043 0.032672387798769742 0.019109068320788521 -0.02969782362521689 -0.0035760201379779139 0.0032929236774043602 -0.0023500707415427518
leaf_weight=14.528652489185331 12.085870847105978 15.52488721907139 8.8489253968000394 10.1067962795496 72.693196475505829 10.060480356216429 12.151729017496107
leaf_count=59 49 63 36 42 295 41 50
internal_value=0.00181578 0.0113475 -0.00149292 -0.00365294 0 0.0227401 -0.0168107
internal_weight=156.001 40.114 115.887 107.038 84.7791 25.5854 22.2585
internal_count=635 163 472 436 344 104 92
is_linear=0
shrinkage=0.03


Tree=27
num_leaves=7
num_cat=0
split_feature=37 18 18 18 32 38
split_gain=6.24335 9.29085 7.80975 5.67628 4.82768 3.86231
threshold=-0.010198208577822885 0.30793921636714577 0.15251832369738721 0.76742276872535664 0.0068442990528916345 0.0090826978939952448
decision_type=2 2 2 2 2 2
left_child=1 -1 -2 -3 5 -4
right_child=2 3 4 -5 -6 -7
leaf_value=-0.0052203771923449603 0.020193335781840877 0.035520455121416855 -0.00070912836579765872 0.00096345123309500601 0.013687309362900876 -0.012779673407145377
leaf_weight=13.581165507435797 11.355967715382574 13.002800703048708 57.548287749290466 7.4309850484132758 10.080166488885878 42.898869916796684
leaf_count=55 46 53 235 30 41 175
internal_value=0.00177126 0.0127906 -0.00133976 0.0248283 -0.00400503 -0.00615947
internal_weight=155.898 34.015 121.883 20.4338 110.527 100.447
internal_count=635 138 497 83 451 410
is_linear=0
shrinkage=0.03


Tree=28
num_leaves=8
num_cat=0
split_feature=37 28 18 20 16 20 18
split_gain=5.91743 9.28412 7.40927 6.11258 6.84617 3.68646 3.51816
threshold=-0.010198208577822885 8.5000000000000018 0.15251832369738721 0.015668522909115353 -0.43406313880928088 0.01723510578921188 0.38244700209177013
decision_type=2 2 2 2 2 2 2
left_child=1 6 -2 4 -4 -5 -1
right_child=2 -3 3 5 -6 -7 -8
leaf_value=0.0029000498754258855 0.019687351396233517 -0.0072660016072713472 0.022172966305049058 -0.030045177693306637 -0.0033259278096016403 -0.0025719525621803129 0.031224015899376453
leaf_weight=7.374132156372073 11.349882438778875 11.868868187069891 8.6531508415937406 9.5542933046817797 82.373878464102745 9.8958459347486478 14.728058546781538
leaf_count=30 46 48 35 40 335 41 60
internal_value=0.00173893 0.0124748 -0.00128673 -0.00388662 -0.000316139 -0.0183097 0.0234212
internal_weight=155.798 33.9711 121.827 110.477 91.027 19.4501 22.1022
internal_count=635 138 497 451 370 81 90
is_linear=0
shrinkage=0.03


Tree=29
num_leaves=8
num_cat=0
split_feature=37 18 18 20 19 18 20
split_gain=5.61391 8.49862 7.03792 5.85628 7.25487 5.50588 3.52531
threshold=-0.010198208577822885 0.30793921636714577 0.15251832369738721 0.015668522909115353 0.030807979116214485 0.76742276872535664 0.01723510578921188
decision_type=2 2 2 2 2 2 2
left_child=1 -1 -2 4 -4 -3 -5
right_child=2 5 3 6 -6 -7 -8
leaf_value=-0.0050107254193465919 0.019196996429409377 0.034276261003009859 -0.01751838104013086 -0.029448844711132845 0.0035760127562936284 0.00038531728091143342 -0.0025085449733234081
leaf_weight=13.577044010162352 11.341807618737219 12.917780086398126 16.096040979027748 9.4967042505741137 74.918920651078224 7.4210205227136603 9.8922100663185102
leaf_count=55 46 53 66 40 304 30 41
internal_value=0.00169781 0.0121646 -0.0012463 -0.0037841 -0.000289742 0.0237236 -0.017925
internal_weight=155.662 33.9158 121.746 110.404 91.015 20.3388 19.3889
internal_count=635 138 497 451 370 83 81
is_linear=0
shrinkage=0.03


Tree=30
num_leaves=10
num_cat=0
split_feature=19 20 38 36 23 4 23 20 3
split_gain=7.99061 8.90173 13.2298 7.61912 6.70319 10.2976 6.31672 1.70677 0.718226
threshold=0.033168280779361778 0.01407107197369249 0.015777847931726683 0.0066063857072216113 1.1595079731281348 -0.0052502569132396029 0.97643763008823192 0.010045387239697367 0.018317964478553276
decision_type=2 2 2 2 2 2 2 2 2
left_child=6 4 3 -3 5 -2 -1 -8 -6
right_child=1 2 -4 -5 8 -7 7 -9 -10
leaf_value=0.0035658783324613898 0.021049915376161171 -8.5679548762321314e-05 0.026755515522162373 -0.026867170681285107 0.034498327702392952 -0.0037881282051008022 -0.029970994426047368 -0.0060784986921081762 0.011986632748345681
leaf_weight=12.203951969742777 21.969865769147873 22.210058704018593 7.3660709559917441 16.47808064520359 8.9316386580467242 37.040511846542358 10.470846101641657 7.3728992342948905 8.204174801707266
leaf_count=50 89 91 30 69 36 151 43 30 33
internal_value=0.00138147 0.00489673 -0.00515946 -0.0126211 0.0111472 0.00560025 -0.01186 -0.0224623 0.0268835
internal_weight=152.248 122.2 46.0542 38.6881 76.1462 59.0104 30.0477 17.8437 17.1358
internal_count=622 499 190 160 309 240 123 73 69
is_linear=0
shrinkage=0.03


Tree=31
num_leaves=7
num_cat=0
split_feature=38 21 36 33 5 8
split_gain=4.81849 8.03225 6.95825 7.46709 6.57098 2.15639
threshold=0.017333791950544897 0.01182299831167548 0.0066311649103793432 0.44347976717737186 0.025563967603774222 -0.017442375772201823
decision_type=2 2 2 2 2 2
left_child=1 2 4 -4 -1 -3
right_child=-2 5 3 -5 -6 -7
leaf_value=0.0012879740737082536 0.02166047960896466 -0.0038537904832250201 0.0081585227058922176 -0.013771434255479033 0.019977579341885439 -0.028275139890979073
leaf_weight=47.008044585585594 7.8419441431760779 8.2905812710523623 20.327765464782715 33.857445269823074 26.579255938529968 8.1811079829931241
leaf_count=192 32 34 83 139 108 34
internal_value=0.00135035 0 0.00260008 -0.0052798 0.00858696 -0.0185435
internal_weight=152.086 144.244 127.773 54.1852 73.5873 16.4717
internal_count=622 590 522 222 300 68
is_linear=0
shrinkage=0.03


Tree=32
num_leaves=11
num_cat=0
split_feature=19 20 35 28 7 23 7 9 36 28
split_gain=7.55242 8.43663 12.0367 8.84236 6.47752 6.29719 9.74428 6.24044 4.3276 1.46933
threshold=0.033168280779361778 0.01407107197369249 0.002636271736542906 6.5000000000000009 0.0045900866631737166 1.1595079731281348 -0.0021536464936809737 -0.0012437859546155629 0.0044286083205684603 8.5000000000000018
decision_type=2 2 2 2 2 2 2 2 2 2
left_child=4 5 3 -3 7 6 -2 -1 -4 -7
right_child=1 2 8 -5 -6 9 -8 -9 -10 -11
leaf_value=-0.020825537121653151 0.021624971234492425 0.022903996847744502 0 -0.010872926716230405 -0.031137822541232145 0.035180633471139859 -0.0030358636930971072 0.0096223014525044503 -0.029206645067095808 0.010372430618154637
leaf_weight=7.6357445567846343 19.786185562610626 14.336891338229181 7.3380683511495617 9.883623540401457 8.3840724825859052 8.6732125431299227 39.186894416809082 13.987302705645561 14.343702152371405 8.4615804553031904
leaf_count=31 80 59 30 41 35 35 160 57 60 34
internal_value=0.00131227 0.00473577 -0.00506878 0.00877063 -0.0115653 0.0108195 0.00543007 -0.00134762 -0.0205971 0.0260783
internal_weight=152.017 122.01 45.9023 24.2205 30.0071 76.1079 58.9731 21.623 21.6818 17.1348
internal_count=622 499 190 100 123 309 240 88 90 69
is_linear=0
shrinkage=0.03


Tree=33
num_leaves=10
num_cat=0
split_feature=19 20 38 28 7 18 5 36 28
split_gain=7.20845 8.0327 12.1087 10.665 6.20018 5.8266 7.60915 4.86333 1.51555
threshold=0.033168280779361778 0.01407107197369249 0.015777847931726683 3.5000000000000004 0.0045900866631737166 0.3247005650459755 0.029586450282283797 0.006088598026508435 7.5000000000000009
decision_type=2 2 2 2 2 2 2 2 2
left_child=4 5 3 -3 7 8 -7 -1 -2
right_child=1 2 -4 -5 -6 6 -8 -9 -10
leaf_value=0.010988335785147406 0.032463965464926484 0.01224454070469352 0.025615593587829579 -0.021186401931235832 -0.03053031857494783 -0.0035013233368654446 0.01772146376795386 -0.015036527335937633 0.008570743527212819
leaf_weight=11.024807080626493 10.315178796648981 9.8007899075746518 7.3291868716478339 28.697711378335953 8.3349148035049421 34.352556243538857 23.474129602313042 10.584513962268828 7.9281007498502722
leaf_count=45 42 40 30 120 35 140 95 43 32
internal_value=0.00127083 0.00461786 -0.00495333 -0.0121209 -0.0113208 0.0105552 0.00516754 -0.00131755 0.0246942
internal_weight=151.842 121.898 45.8277 38.4985 29.9442 76.07 57.8267 21.6093 18.2433
internal_count=622 499 190 160 123 309 235 88 74
is_linear=0
shrinkage=0.03


Tree=34
num_leaves=7
num_cat=0
split_feature=31 36 36 36 5 36
split_gain=5.52798 6.20121 7.36224 8.72069 4.90396 2.72004
threshold=-2.4999999999999996 0.0087959143494123811 0.0066311649103793432 0.0052746946737428314 0.021801890562375695 0.0061623745756878541
decision_type=2 2 2 2 2 2
left_child=5 2 3 -2 -4 -1
right_child=1 -3 4 -5 -6 -7
leaf_value=0.027369151623181032 -0.0054075254450980086 0.01736219366974584 -0.0036506205259362488 0.014803198400417416 -0.02413476834652431 0.001554544112987885
leaf_weight=8.100593566894533 44.971220448613167 12.99331785738468 30.000578701496124 30.048957109451294 17.227284789085388 8.2756195217370969
leaf_count=33 184 53 123 123 72 34
internal_value=0.00125179 -0.000729533 -0.00302169 0.00266721 -0.0121043 0.0167292
internal_weight=151.618 135.241 122.248 75.0202 47.2279 16.3762
internal_count=622 555 502 307 195 67
is_linear=0
shrinkage=0.03


Tree=35
num_leaves=10
num_cat=0
split_feature=19 19 18 20 15 21 17 35 14
split_gain=6.20486 11.9047 11.7161 8.66299 9.34755 6.54424 8.16228 7.06861 0.428173
threshold=0.043135093797160282 0.049816951487757798 0.76742276872535664 0.011427646673127954 -1.8569853460889945 0.0067206955099908842 0.028585948338425763 0.023962378459250647 -0.40890137344983651
decision_type=2 2 2 2 2 2 2 2 2
left_child=2 8 5 -3 -5 7 -7 -1 -2
right_child=1 3 -4 4 -6 6 -8 -9 -10
leaf_value=-0.0028885226285680389 0.010837683338960579 0.019189456364516716 -0.030213566370544977 0.021304157628785628 -0.0094850724033241039 -0.020973167844842992 0.012667575897328021 0.030770838280574302 0.031449231409785769
leaf_weight=10.064056038856508 7.3667636066675213 14.485871538519858 13.232106938958166 8.2387751638889295 59.071318611502647 16.504824385046962 7.7795979529619208 8.3377355337142927 10.358178302645682
leaf_count=41 30 59 55 34 244 67 32 34 42
internal_value=0.000121971 0.00468265 -0.00761734 -0.00017641 -0.00499404 9.02404e-05 -0.0094817 0.0131485 0.0256107
internal_weight=155.439 99.5209 55.9183 81.796 67.3101 42.6862 24.2844 18.4018 17.7249
internal_count=638 409 229 337 278 174 99 75 72
is_linear=0
shrinkage=0.03


Tree=36
num_leaves=11
num_cat=0
split_feature=17 19 8 21 36 15 9 36 28 0
split_gain=6.04067 6.8601 14.1808 7.45348 7.31116 6.67427 5.45302 4.26839 3.8924 2.43812
threshold=-0.070725315510799566 0.043135093797160282 0.0087415495063820747 0.008247052134884832 0.0055537524095247833 1.5840580274395077 0.012753662530842466 0.0065854072448085143 9.5000000000000018 0.0035939518569514388
decision_type=2 2 2 2 2 2 2 2 2 2
left_child=5 2 7 9 -5 6 8 -2 -1 -3
right_child=1 3 -4 4 -6 -7 -8 -9 -10 -11
leaf_value=-0.016327327963954093 0.015653517921536582 0.033356409624847969 -0.028975420714448242 -0.011290680126762695 0.012491998265150767 -0.023726129551211492 0.017349626340518013 -0.0048913310215419181 0.0073446824071602577 0.0078770798566641358
leaf_weight=15.414315000176435 17.080220520496372 11.449318394064905 12.912920266389845 17.473362758755684 26.187647998332977 15.020470499992369 8.857291176915167 14.485578909516333 7.2759950011968604 9.1285466104745847
leaf_count=63 70 47 54 71 108 63 36 59 30 37
internal_value=0.000144972 0.0041047 -0.00460581 0.0103192 0.00256789 -0.00857889 0 0.0060489 -0.00814895 0.0244169
internal_weight=155.286 108.718 44.4787 64.2389 43.661 46.5681 31.5476 31.5658 22.6903 20.5779
internal_count=638 446 183 263 179 192 129 129 93 84
is_linear=0
shrinkage=0.03


Tree=37
num_leaves=8
num_cat=0
split_feature=17 18 12 18 31 16 9
split_gain=5.71268 7.57235 7.37113 10.2721 6.55511 7.12237 1.98773
threshold=-0.070725315510799566 1.0476209646685373 71.057485492283519 0.71123655761975046 -2.4999999999999996 0.20738277656326712 0.00040507707540645739
decision_type=2 2 2 2 2 2 2
left_child=4 2 3 -2 -1 6 -6
right_child=1 -3 -4 -5 5 -7 -8
leaf_value=0.0084452774958473278 0.0093409430558014459 -0.021729014383605433 0.025224129664245094 -0.01255251753060725 -0.0075879196784078345 0.00086537559637873908 -0.032780686966624395
leaf_weight=12.639744877815245 62.002198770642281 7.280631259083747 14.01733987033367 25.32071515917778 7.5743776857852962 13.51506921648979 12.766939580440519
leaf_count=52 254 30 57 105 31 56 53
internal_value=0.000143872 0.00399799 0.00637622 0.00268573 -0.00834411 -0.0151519 -0.0255903
internal_weight=155.117 108.621 101.34 87.3229 46.4961 33.8564 20.3413
internal_count=638 446 416 359 192 140 84
is_linear=0
shrinkage=0.03


Tree=38
num_leaves=9
num_cat=0
split_feature=11 17 10 37 14 10 4 38
split_gain=5.65586 7.3522 5.73127 9.67933 10.9906 3.53106 2.95783 0.666918
threshold=0.021889748396682011 -0.054845416132210938 0.01492170834774509 0.058640122891176157 0.45871400784191968 0.020127131994721052 0.0027414966095820064 0.0081573205847119828
decision_type=2 2 2 2 2 2 2 2
left_child=2 7 3 4 -1 -4 -3 -2
right_child=1 6 5 -5 -6 -7 -8 -9
leaf_value=0.0092236402992198867 -0.0091979214016644304 0.014466824876395296 0.026729666523308632 -0.027283235053684185 -0.01491089438255995 0.0025402137060056523 -0.0068534127473282355 -0.030035480530943619
leaf_weight=66.481674998998642 7.4595996290445354 8.3307234346866625 11.467047318816187 8.4885667562484723 20.351032540202141 12.461503133177755 10.825279563665388 9.1160075068473798
leaf_count=272 31 34 47 36 84 51 45 38
internal_value=0.000124804 -0.00992079 0.00337254 0 0.00319 0.0158784 0.0022006 -0.0234654
internal_weight=154.981 35.7316 119.25 95.3213 86.8327 23.9286 19.156 16.5756
internal_count=638 148 490 392 356 98 79 69
is_linear=0
shrinkage=0.03


Tree=39
num_leaves=12
num_cat=0
split_feature=19 19 10 21 21 21 11 38 16 38 14
split_gain=5.49556 11.1824 10.3447 7.27783 8.89979 5.09272 4.01131 3.23421 2.7357 2.31831 0.475073
threshold=0.043135093797160282 0.049816951487757798 0.0039319643729766049 0.0078607013285657921 0.015382159349533901 0.0067206955099908842 0.0043706564156078551 0.010305555402978782 0.26236932603617924 0.0075669445492070981 -0.40890137344983651
decision_type=2 2 2 2 2 2 2 2 2 2 2
left_child=2 10 5 8 -5 9 -4 -7 -3 -1 -2
right_child=1 3 6 4 -6 7 -8 -9 -10 -11 -12
leaf_value=0 0.010174196046097692 0 -0.0057446055142559831 -0.0096408279523068022 0.021569620678937813 0.00026343524879822227 -0.038096563299435428 -0.021072218094028521 0.024201461928972365 0.023404863896895976 0.030493277859186003
leaf_weight=7.5803840607404691 7.3575770556926754 7.2605271190404919 8.1994740217924136 56.495150774717331 7.425504893064498 15.808092325925829 8.683051183819769 7.3896332979202262 10.306347787380217 7.9918043315410614 10.344484478235243
leaf_count=31 30 30 34 234 31 65 36 30 42 33 42
internal_value=0.000101586 0.00440484 -0.00719468 -0.000310298 -0.00524323 0.00124574 -0.025451 -0.00707084 0.0155738 0.0138832 0.0246994
internal_weight=154.842 99.1896 55.6524 81.4875 63.9207 38.7699 16.8825 23.1977 17.5669 15.5722 17.7021
internal_count=638 409 229 337 265 159 70 95 72 64 72
is_linear=0
shrinkage=0.03


Tree=40
num_leaves=11
num_cat=0
split_feature=37 4 21 12 11 12 35 25 19 37
split_gain=9.40381 6.55311 11.4455 7.91121 7.26481 5.27361 3.81121 3.3417 3.01799 2.06847
threshold=0.0099510965333866625 -0.0052502569132396029 0.011616901914524969 66.190672954543686 -0.002018119219518721 37.565334900679794 -0.057609767237490721 0.082646728510722592 0.038784523129005689 0.051416134536963816
decision_type=2 2 2 2 2 2 2 2 2 2
left_child=5 2 8 4 -3 -1 -7 -8 -2 -5
right_child=1 3 -4 9 -6 6 7 -9 -10 -11
leaf_value=0.021217206822667638 0.0019243028194080851 -0.0056373820739133301 -0.019897425961345042 -0.0062756683239386865 -0.03178982489250641 -0.015432124436580284 0.019764474573664665 0 0.028776107651535585 0.011107132326953871
leaf_weight=13.950542256236075 8.3783657997846657 19.700621381402016 9.5378502607345563 11.788723587989809 23.161421403288841 7.981031820178031 8.5252564847469312 33.50540266931057 8.5268993973731977 8.8114868998527509
leaf_count=57 34 82 40 48 98 33 35 137 35 36
internal_value=-0.00240888 -0.0086539 0.00328096 -0.0138043 -0.020891 0.00613796 0.000989148 0.00500732 0.017873 0.00082084
internal_weight=153.868 89.9054 26.4431 63.4623 42.862 63.9622 50.0117 42.0307 16.9053 20.6002
internal_count=635 373 109 264 180 262 205 172 69 84
is_linear=0
shrinkage=0.03


Tree=41
num_leaves=12
num_cat=0
split_feature=37 4 21 12 11 12 16 3 16 24 37
split_gain=8.91985 6.23526 10.9203 7.53861 6.93369 5.0033 4.19368 6.04942 4.08999 3.05035 1.96667
threshold=0.0099510965333866625 -0.0052502569132396029 0.011616901914524969 66.190672954543686 -0.002018119219518721 37.565334900679794 0.11192081874742056 0.012456201400250612 -0.064440179054705879 -0.12499622506809084 0.051416134536963816
decision_type=2 2 2 2 2 2 2 2 2 2 2
left_child=5 2 9 4 -3 -1 8 -8 -7 -2 -5
right_child=1 3 -4 10 -6 6 7 -9 -10 -11 -12
leaf_value=0.020685191196112101 0.027100154827772949 -0.0054882194712044825 -0.019466633331827531 -0.0061155883096511501 -0.031098835270751041 0.0011738328864477347 0.023829938237031813 -0.0040188887711487594 -0.021556497776313646 0.00012012436482249244 0.010827738852237655
leaf_weight=13.931785106658934 9.5840750634670275 19.683596134185791 9.5012695342302305 11.786764457821848 23.012464627623558 17.840112268924713 11.683853656053545 11.876854568719862 8.6007130891084689 7.3200920373201397 8.8191754221916181
leaf_count=57 39 82 40 48 98 73 48 49 35 30 36
internal_value=-0.00233376 -0.00842757 0.0032092 -0.013461 -0.0204014 0.00598548 0.000963252 0.00998861 -0.00668846 0.0174591 0.000788865
internal_weight=153.641 89.7074 26.4054 63.302 42.6961 63.9333 50.0015 23.5607 26.4408 16.9042 20.6059
internal_count=635 373 109 264 180 262 205 97 108 69 84
is_linear=0
shrinkage=0.03


Tree=42
num_leaves=8
num_cat=0
split_feature=34 11 9 5 5 15 19
split_gain=5.09146 5.39104 9.49648 3.84776 9.52527 7.26674 0.817048
threshold=-0.04298410772523014 -0.0090556763452737648 -0.033630494097265144 0.030451800620170947 0.012365114546209146 3.1341784506584873 0.054388579405190804
decision_type=2 2 2 2 2 2 2
left_child=-1 2 -2 4 -3 -5 -4
right_child=1 3 6 5 -6 -7 -8
leaf_value=0.015986865327846475 0.011014547834677273 0.0021074656119651203 -0.014040068684089295 0.016146355491069121 -0.019488749661270514 -0.01471057512139976 -0.034329419351359539
leaf_weight=10.415746390819548 7.346119016408923 59.76603589951992 13.336677610874178 23.239698544144634 23.774851232767105 7.2159322500228873 8.2857471108436567
leaf_count=43 30 246 55 96 100 30 35
internal_value=-0.00226664 -0.00390219 -0.015031 -0.000734439 -0.00417519 0.00791719 -0.0246982
internal_weight=153.381 142.965 28.9685 113.997 83.5409 30.4556 21.6224
internal_count=635 592 120 472 346 126 90
is_linear=0
shrinkage=0.03


Tree=43
num_leaves=11
num_cat=0
split_feature=12 34 26 13 20 11 9 14 12 36
split_gain=6.19823 6.93702 4.61859 6.25211 4.57644 3.87313 5.03669 3.42108 3.21824 1.86661
threshold=37.565334900679794 0.027864674385350344 0.2105253647525864 -2.5620691841023873 0.014715668021394674 0.019534745175754601 -0.01359379563436902 2.1116733396595611 66.471356011569213 0.0059954520813274405
decision_type=2 2 2 2 2 2 2 2 2 2
left_child=1 9 3 4 -2 6 -4 -7 -5 -1
right_child=2 -3 5 8 -6 7 -8 -9 -10 -11
leaf_value=0.0052105001733505022 0.013946078531147136 -0.010891836946951065 -0.01206313391795834 -0.023515056938454699 -0.013641575126186632 -0.022535473842536482 0.0089852016782294864 0.00096945204087068985 -0.0026719155960606786 0.028306773489566929
leaf_weight=8.2973299473524147 11.232694759964945 7.3351802080869666 10.927187412977217 26.445532903075218 6.9155108332633963 9.0240402668714541 42.691464319825172 8.6533869653940183 11.702197104692457 9.9980449676513654
leaf_count=34 46 30 45 111 30 38 176 36 48 41
internal_value=-0.00221275 0.0105536 -0.00501629 -0.0112801 0.0023785 0 0.00414644 -0.0113381 -0.0179465 0.0201169
internal_weight=153.223 25.6306 127.592 56.2959 18.1482 71.2961 53.6187 17.6774 38.1477 18.2954
internal_count=635 105 530 235 76 295 221 74 159 75
is_linear=0
shrinkage=0.03


Tree=44
num_leaves=13
num_cat=0
split_feature=37 4 21 12 12 15 9 15 26 19 4 37
split_gain=8.21985 5.79881 10.3051 6.85308 4.67591 4.03532 3.72189 4.55528 3.47123 2.92501 2.27565 1.91329
threshold=0.0099510965333866625 -0.0052502569132396029 0.011616901914524969 66.190672954543686 54.387059537739177 0.47457034101315804 -0.015518236279015064 0.48689327518675468 0.20483625291075655 0.038784523129005689 0.014304557085049742 0.051416134536963816
decision_type=2 2 2 2 2 2 2 2 2 2 2 2
left_child=4 2 9 8 6 -6 -1 -8 -3 -2 -7 -5
right_child=1 3 -4 11 5 10 7 -9 -10 -11 -12 -13
leaf_value=-0.00080925133557574415 0.0014534556484941787 -0.029223865605509255 -0.018903386818189226 -0.0061601994705165414 -0.017486726734195199 -0.005532062240993718 0.027069329250162314 0.0002880119719508988 -0.0096018178650847177 0.027744019172595745 0.014045797201937441 0.010570933231077136
leaf_weight=11.306682392954825 8.3777276724577003 18.779508143663406 9.4417349845170957 11.771855518221857 9.4859264343976992 7.3122592270374325 16.499885961413387 10.008961275219916 23.568336084485054 8.5019051283597928 9.1861378848552686 8.8162418156862241
leaf_count=46 34 81 40 48 39 30 68 41 99 35 38 36
internal_value=-0.00215971 -0.00803331 0.0031835 -0.012909 0.00582404 -0.00340366 0.0123939 0.0182132 -0.0195671 0.0170262 0.00489784 0.000641948
internal_weight=153.057 89.2573 26.3214 62.9359 63.7999 25.9843 37.8155 26.5088 42.3478 16.8796 16.4984 20.5881
internal_count=635 373 109 264 262 107 155 109 180 69 68 84
is_linear=0
shrinkage=0.03


Tree=45
num_leaves=8
num_cat=0
split_feature=21 21 19 8 16 4 35
split_gain=7.05438 6.32672 8.50397 6.76863 5.51494 4.45331 5.66145
threshold=0.015070088306994552 0.0094529051671314469 0.030807979116214485 0.0048848905313716639 0.6033207094488634 0.029984918449579626 0.011270950048906882
decision_type=2 2 2 2 2 2 2
left_child=1 2 3 -1 -4 6 -3
right_child=-2 5 4 -5 -6 -7 -8
leaf_value=0.002005313898029968 0.028188350843679984 -0.024715540425038447 0.01405201033353541 -0.027338925848070388 -0.0071324830003825232 0.010555735999811452 -0.0014547500173966428
leaf_weight=17.476275533437732 7.3112557083368293 15.805492267012594 63.1942278444767 8.7968480288982374 11.017677798867224 7.5425796359777442 23.767280608415604
leaf_count=72 31 67 260 38 45 31 99
internal_value=0.00279 0.00107162 0.00538755 -0.00852818 0.0106055 -0.00767231 -0.0118481
internal_weight=154.912 147.6 100.485 26.2731 74.2119 47.1154 39.5728
internal_count=643 612 415 110 305 197 166
is_linear=0
shrinkage=0.03


Tree=46
num_leaves=8
num_cat=0
split_feature=21 20 19 7 21 38 33
split_gain=6.76428 10.7682 7.16378 8.37477 5.57512 5.3792 1.55662
threshold=0.015070088306994552 0.014834881369238908 0.030807979116214485 0.004729206848732335 0.0067206955099908842 0.0081573205847119828 0.23465739172768205
decision_type=2 2 2 2 2 2 2
left_child=1 2 3 -1 -4 -3 -7
right_child=-2 5 4 -5 -6 6 -8
leaf_value=0.0035625893758183514 0.02761714148805252 0.0048156150699672903 0.02199432138940215 -0.029273090221629407 0.0045266581958407198 -0.0054612096181839492 -0.027153932578016432
leaf_weight=17.942072689533237 7.2804334908723822 7.7491004317998913 21.875679865479469 8.5190807878971082 69.198135703802109 7.473120033741 14.69139716029167
leaf_count=74 31 33 91 37 283 31 63
internal_value=0.00270412 0.00102052 0.0052331 -0.00779591 0.00926597 -0.014352 -0.021518
internal_weight=154.729 147.449 117.535 26.4612 91.0738 29.9136 22.1645
internal_count=643 612 485 111 374 127 94
is_linear=0
shrinkage=0.03


Tree=47
num_leaves=6
num_cat=0
split_feature=21 38 37 36 21
split_gain=6.48293 7.38617 4.88101 6.40343 5.99074
threshold=0.015070088306994552 0.012673391633790916 -0.0032447397178275157 0.0064093759167840646 0.0077793503950851477
decision_type=2 2 2 2 2
left_child=1 2 3 -1 -4
right_child=-2 -3 4 -5 -6
leaf_value=0.024521520097615261 0.027063398503790581 -0.018415284084967769 0.0079092162723322611 0 -0.0067497339469143706
leaf_weight=17.363034278154373 7.2479298859834662 13.637298479676245 43.109296053647995 18.735417768359184 54.424786597490311
leaf_count=72 31 57 179 77 227
internal_value=0.0026294 0.000979889 0.00331213 0.0124232 -9.11559e-05
internal_weight=154.518 147.27 133.633 36.0985 97.5341
internal_count=643 612 555 149 406
is_linear=0
shrinkage=0.03


Tree=48
num_leaves=8
num_cat=0
split_feature=21 20 26 5 33 34 36
split_gain=6.20955 10.0751 5.83968 5.65012 8.9129 1.97492 0.712988
threshold=0.015070088306994552 0.014834881369238908 0.29167064030628337 0.036140424518830712 0.42631806411253198 0.01876171043557107 0.0066311649103793432
decision_type=2 2 2 2 2 2 2
left_child=1 3 6 4 -1 -5 -3
right_child=-2 2 -4 5 -6 -7 -8
leaf_value=0.012344803536668836 0.026526151306270059 -0.011362788102363516 0.0022640732351678493 0.0058564789103590252 -0.0055492014185159122 0.028607504239094576 -0.031301971153209734
leaf_weight=40.726014584302902 7.2139061093330374 10.24225732684136 10.883086949586867 9.8031401038169879 57.67826996743679 9.1774230748414976 8.651101201772688
leaf_count=167 31 43 46 40 240 38 38
internal_value=0.00256583 0.000950797 -0.0139518 0.00502711 0.00180548 0.0192503 -0.0233331
internal_weight=154.375 147.161 29.7764 117.385 98.4043 18.9806 18.8934
internal_count=643 612 127 485 407 78 81
is_linear=0
shrinkage=0.03


Tree=49
num_leaves=9
num_cat=0
split_feature=37 28 18 33 9 38 35 28
split_gain=5.3143 3.83825 4.42526 4.24935 3.82407 9.39725 6.72285 3.77099
threshold=-0.0032447397178275157 8.5000000000000018 0.23082036218313387 0.28007606801457813 -0.021103654833055822 0.011418544105874319 0.052646717785798776 3.5000000000000004
decision_type=2 2 2 2 2 2 2 2
left_child=1 2 -1 -3 -2 6 -6 -4
right_child=4 3 7 -5 5 -7 -8 -9
leaf_value=-0.0017952483794628899 0.012801242905939338 0.012552059838129686 0.0021884800166467005 -0.014462219969885084 0.0045698838020695473 -0.02989999278554277 -0.014678540710443016 0.03042716469089574
leaf_weight=7.1526665985584286 12.98236560821533 8.5994913876056689 7.6234207749366787 8.3007566928863508 65.558968350291252 8.7139457464218122 19.533832862973213 15.697200655937193
leaf_count=30 54 35 31 34 273 37 82 67
internal_value=0.00250557 0.0106774 0.0167247 -4.90131e-05 -0.00111135 -0.00342038 0 0.0226905
internal_weight=154.163 47.3735 30.4733 16.9002 106.789 93.8067 85.0928 23.3206
internal_count=643 197 128 69 446 392 355 98
is_linear=0
shrinkage=0.03


end of trees

feature_importances:
macro_topix_ret_20=32
bb_bandwidth=28
atr_pct=27
volatility=26
vol_ratio=23
macro_usdjpy_vol_20=22
return_20d=20
bb_pct_b=20
macro_topix_vol_20=19
macd_hist_change=18
month=18
ma_20_60_cross=16
macro_nikkei_ret_20=15
rsi=14
macro_usdjpy_ret_60=13
return_10d=12
div_ma_10=12
macd_hist=12
macro_usdjpy_ret_20=11
return_5d=10
div_ma_60=10
price_position_20d=9
macd_signal=8
div_ma_20=7
gap=7
macd=6
ma_5_20_cross=5
return_1d=4
candle_body_pct=4
lower_shadow_pct=4
day_of_week=4
div_ma_5=3
rsi_change=3
vol_change=3
upper_shadow_pct=3
return_3d=2
streak=2

parameters:
[boosting: gbdt]
[objective: binary]
[metric: binary_logloss]
[tree_learner: serial]
[device_type: cpu]
[data_sample_strategy: bagging]
[data: ]
[valid: ]
[num_iterations: 50]
[learning_rate: 0.03]
[num_leaves: 15]
[num_threads: 0]
[seed: 42]
[deterministic: 0]
[force_col_wise: 0]
[force_row_wise: 0]
[histogram_pool_size: -1]
[max_depth: 4]
[min_data_in_leaf: 30]
[min_sum_hessian_in_leaf: 0.001]
[bagging_fraction: 0.7]
[pos_bagging_fraction: 1]
[neg_bagging_fraction: 1]
[bagging_freq: 5]
[bagging_seed: 400]
[bagging_by_query: 0]
[feature_fraction: 0.6]
[feature_fraction_bynode: 1]
[feature_fraction_seed: 30056]
[extra_trees: 0]
[extra_seed: 12879]
[early_stopping_round: 0]
[early_stopping_min_delta: 0]
[first_metric_only: 0]
[max_delta_step: 0]
[lambda_l1: 0.5]
[lambda_l2: 2]
[linear_lambda: 0]
[min_gain_to_split: 0]
[drop_rate: 0.1]
[max_drop: 50]
[skip_drop: 0.5]
[xgboost_dart_mode: 0]
[uniform_drop: 0]
[drop_seed: 17869]
[top_rate: 0.2]
[other_rate: 0.1]
[min_data_per_group: 100]
[max_cat_threshold: 32]
[cat_l2: 10]
[cat_smooth: 10]
[max_cat_to_onehot: 4]
[top_k: 20]
[monotone_constraints: ]
[monotone_constraints_method: basic]
[monotone_penalty: 0]
[feature_contri: ]
[forcedsplits_filename: ]
[refit_decay_rate: 0.9]
[cegb_tradeoff: 1]
[cegb_penalty_split: 0]
[cegb_penalty_feature_lazy: ]
[cegb_penalty_feature_coupled: ]
[path_smooth: 0]
[interaction_constraints: ]
[verbosity: -1]
[saved_feature_importance_type: 0]
[use_quantized_grad: 0]
[num_grad_quant_bins: 4]
[quant_train_renew_leaf: 0]
[stochastic_rounding: 1]
[linear_tree: 0]
[max_bin: 255]
[max_bin_by_feature: ]
[min_data_in_bin: 5]
[bin_construct_sample_cnt: 200000]
[data_random_seed: 175]
[is_enable_sparse: 1]
[enable_bundle: 1]
[use_missing: 1]
[zero_as_missing: 0]
[feature_pre_filter: 1]
[pre_partition: 0]
[two_round: 0]
[header: 0]
[label_column: ]
[weight_column: ]
[group_column: ]
[ignore_column: ]
[categorical_feature: ]
[forcedbins_filename: ]
[precise_float_parser: 0]
[parser_config_file: ]
[objective_seed: 16083]
[num_class: 1]
[is_unbalance: 0]
[scale_pos_weight: 1]
[sigmoid: 1]
[boost_from_average: 1]
[reg_sqrt: 0]
[alpha: 0.9]
[fair_c: 1]
[poisson_max_delta_step: 0.7]
[tweedie_variance_power: 1.5]
[lambdarank_truncation_level: 30]
[lambdarank_norm: 1]
[label_gain: ]
[lambdarank_position_bias_regularization: 0]
[eval_at: ]
[multi_error_top_k: 1]
[auc_mu_weights: ]
[num_machines: 1]
[local_listen_port: 12400]
[time_out: 120]
[machine_list_filename: ]
[machines: ]
[gpu_platform_id: -1]
[gpu_device_id: -1]
[gpu_use_dp: 0]
[num_gpu: 1]

end of parameters

pandas_categorical:[]
