tree
version=v4
num_class=1
num_tree_per_iteration=1
label_index=0
max_feature_idx=44
objective=binary sigmoid:1
feature_names=return_1d return_2d return_3d return_5d return_10d return_20d div_ma_5 div_ma_10 div_ma_20 div_ma_60 ma_5_20_cross ma_20_60_cross rsi rsi_change macd macd_signal macd_hist macd_hist_change bb_pct_b bb_bandwidth atr_pct volatility vol_change vol_ratio candle_body_pct upper_shadow_pct lower_shadow_pct day_of_week month is_month_end is_month_start streak gap price_position_20d macro_usdjpy_ret_20 macro_usdjpy_ret_60 macro_usdjpy_vol_20 macro_topix_ret_20 macro_topix_vol_20 macro_topix_above_200dma macro_nikkei_ret_20 macro_nikkei_above_200dma macro_nikkei_vi macro_jgb10y macro_bias_score
feature_infos=[-0.16666666666666663:0.19061662198391427] [-0.27176781002638517:0.20463980463980458] [-0.31885488647581439:0.2192288680177954] [-0.30566037735849061:0.26472386386794367] [-0.40156114483954897:0.3340482573726542] [-0.42773857011353178:0.36497481596280501] [-0.23051187688190033:0.13647882781182316] [-0.31586644523213447:0.16540223841358076] [-0.36153232242617722:0.22639738358018704] [-0.38482341534449516:0.40727750986409467] [-0.24676845031949657:0.16145407764120923] [-0.2281952695356203:0.21104476411055106] [12.877263581488933:90.803484995159721] [-24.751632131705939:24.964920671622636] [-246.11018337863516:192.88370672358906] [-208.57889151587599:172.33347138171652] [-109.77008339350925:51.563713697091032] [-26.431330252652195:23.582627904451954] [-0.30566024095514865:1.3295331420727112] [0.046549537977757842:0.69971979479703872] [0.019844624240228637:0.10328125] [0.011947526579058084:0.076702792416382878] [-0.84136746799875117:4.9555205668175555] [0.45201244855463885:2.099961599919967] [-0.9576271186440678:1] [0:0.88803088803088803] [0:0.92567567567567566] [0:4] [1:12] none [0:1] [-7:7] [-0.1871980676328503:0.20639834881320951] [0:1] [-0.10288784967882303:0.08505611680078462] [-0.13986255140503889:0.13160084488587853] [0.0024251968629527628:0.011841457708833433] [-0.22586490939044479:0.19897850606512013] [0.0040695656522785678:0.036437277456277402] [0:1] [-0.22859537662338159:0.23022297972565586] [0:1] none none none
tree_sizes=1489 1199 1085 1212 1185 1210 1317 1308 1504 1101 991 1076 1262 1105 1277 965 1291 1102 1275 1309 785 786 1516 785 980 1000 1309 1105 1203 1101 878 992 762 977 786 1317 1200 1309 1421 1305 991 987 1493 1091 1402 996 997 994 1085 1297

Tree=0
num_leaves=13
num_cat=0
split_feature=28 7 36 7 5 28 1 16 4 4 28 16
split_gain=23.8335 20.9815 12.4465 12.7579 7.86704 6.89075 6.17705 5.92349 4.49915 3.79964 3.79441 1.83209
threshold=6.5000000000000009 -0.016701912018567223 0.0070624294123895282 0.012527261667285619 -0.028723834448320103 9.5000000000000018 -0.018906896997929631 21.695676480335525 -0.067869146742036465 0.091113504130001535 11.500000000000002 1.7848917020667534
decision_type=2 2 2 2 2 2 2 2 2 2 2 2
left_child=2 5 3 6 -3 8 -1 11 -2 -5 -6 -4
right_child=1 4 7 9 10 -7 -8 -9 -10 -11 -12 -13
leaf_value=-0.15044634826350572 -0.16738511784002308 -0.15119576149142147 -0.13577191271899799 -0.17507900903001383 -0.18333377459997435 -0.12458809402697164 -0.12219044940726305 -0.14845995910046936 -0.13960720708555008 -0.15044634826350572 -0.15797764863914746 -0.10565232143615884
leaf_weight=11.932353258132936 8.2034928649663943 13.921078801155089 7.4577207863330903 11.683762565255167 32.316790074110031 10.937990486621855 13.42389741539955 7.4577207863330832 8.4520835578441638 8.4520835578441602 9.943627715110777 11.186581179499624
leaf_count=48 33 56 30 47 130 44 54 30 34 34 40 45
internal_value=-0.15093 -0.16176 -0.138498 -0.148633 -0.172111 -0.141153 -0.134732 -0.122752 -0.152834 -0.165299 -0.178316 -0.114385
internal_weight=155.369 83.7751 71.5941 45.4921 56.1815 27.5936 25.3563 26.102 16.6556 20.1358 42.2604 18.6443
internal_count=625 337 288 183 226 111 102 105 67 81 170 75
is_linear=0
shrinkage=1


Tree=1
num_leaves=10
num_cat=0
split_feature=38 7 28 20 28 5 7 3 20
split_gain=28.9952 21.2906 11.7578 10.1238 9.11611 8.54559 6.42699 3.66194 3.28415
threshold=0.0072297456335562596 -0.016266799092998618 8.5000000000000018 0.041440693061723259 6.5000000000000009 -0.033307255605970192 -0.063305291964545943 0.053836696733425067 0.042651083998346891
decision_type=2 2 2 2 2 2 2 2 2
left_child=2 6 7 4 -3 -5 -2 -1 -8
right_child=1 3 -4 5 -6 -7 8 -9 -10
leaf_value=0.044452516111652442 -0.011805326428066684 -0.0062359289671847879 -0.0033058527357097923 0.024066629368230012 -0.031382194302510658 -0.01138877831478265 0.0081415760068151866 0.011250227538775968 0.030580599794243175
leaf_weight=14.438762187957769 7.7046540528535834 24.115178510546684 8.4459405094385129 7.4601170420646694 35.97685319185257 15.146712034940718 26.12277315557003 7.4622620642185202 8.4595801979303342
leaf_count=58 31 97 34 30 145 61 105 30 34
internal_value=-0.000447045 -0.0069929 0.0248142 -0.0157884 -0.0220584 0.000706837 0.00980552 0.0356552 0.0154125
internal_weight=155.333 124.986 30.347 82.6989 60.092 22.6068 42.287 21.901 34.5824
internal_count=625 503 122 333 242 91 170 88 139
is_linear=0
shrinkage=0.03


Tree=2
num_leaves=9
num_cat=0
split_feature=38 3 28 38 33 20 3 37
split_gain=27.4321 19.0943 11.1585 7.89802 6.80759 4.55621 3.40712 3.25593
threshold=0.0072297456335562596 -0.0018899987631857405 8.5000000000000018 0.0078374021876776705 0.22078295912492804 0.042924366133847862 0.053836696733425067 0.00096627202711174764
decision_type=2 2 2 2 2 2 2 2
left_child=2 3 6 -2 -5 7 -1 -3
right_child=1 5 -4 4 -6 -7 -8 -9
leaf_value=0.043190258274294867 -0.020406313705796042 -0.036932372807890024 -0.0032263674578957729 0.020868143482420234 0 -0.00095625785307254594 0.010977421033687498 -0.015828018521865918
leaf_weight=14.472810044884687 7.4604116082191458 11.645333334803579 8.4437025785446149 22.638089463114738 32.300504371523857 12.917685911059378 7.4678954333066931 37.92645163834095
leaf_count=58 30 47 34 91 130 52 30 153
internal_value=-0.000410782 -0.00678791 0.0241382 0.00471853 0.00899075 -0.0183003 0.0346856 -0.0223167
internal_weight=155.273 124.888 30.3844 62.399 54.9386 62.4895 21.9407 49.5718
internal_count=625 503 122 251 221 252 88 200
is_linear=0
shrinkage=0.03


Tree=3
num_leaves=10
num_cat=0
split_feature=38 3 35 19 2 38 5 0 36
split_gain=26.0209 18.0948 10.6268 8.10546 13.1424 7.51633 5.43214 3.16995 0.495469
threshold=0.0072297456335562596 -0.0018899987631857405 0.019875049976255447 0.1495672834287147 0.013258325103895354 0.0078374021876776705 -0.028723834448320103 0.013529808828138147 0.0070624294123895282
decision_type=2 2 2 2 2 2 2 2 2
left_child=2 5 8 7 -5 -2 -7 -3 -1
right_child=1 3 -4 4 -6 6 -8 -9 -10
leaf_value=0.017506153100506114 -0.019948298232908331 -0.039728735393175368 -0.0018953328550680379 0.014398111482468697 -0.020517854661643079 0.017651277685490734 -0.00035445613127432036 -0.011900340940945952 0.041479306388591888
leaf_weight=8.9714091867208534 7.4488463401794425 14.823600992560388 9.20037132501602 13.148604720830916 24.284227356314659 27.637254536151886 27.331480637192726 10.131244063377379 12.234914764761923
leaf_count=36 30 60 37 53 98 111 110 41 49
internal_value=-0.000403198 -0.00662181 0.0234918 -0.017844 -0.00776471 0.00456786 0.00873705 -0.0307086 0.0343666
internal_weight=155.212 124.805 30.4067 62.3877 37.4328 62.4176 54.9687 24.9548 21.2063
internal_count=625 503 122 252 151 251 221 101 85
is_linear=0
shrinkage=0.03


Tree=4
num_leaves=10
num_cat=0
split_feature=38 3 28 19 38 33 3 3 0
split_gain=24.7177 17.1359 10.2777 7.75564 7.14889 6.27487 5.0607 3.21989 3.00581
threshold=0.0072297456335562596 -0.0018899987631857405 8.5000000000000018 0.1495672834287147 0.0078374021876776705 0.22078295912492804 0.04636107388752831 0.053836696733425067 0.013529808828138147
decision_type=2 2 2 2 2 2 2 2 2
left_child=2 4 7 8 -2 -6 -5 -1 -3
right_child=1 3 -4 6 5 -7 -8 -9 -10
leaf_value=0.041224254309337113 -0.019503284892153833 -0.038839786635262177 -0.0032916298373779703 0.0040713486148147822 0.019870913046632875 0 -0.016779708526593259 0.010149791275735004 -0.011615027630375393
leaf_weight=14.495768010616308 7.4360720664262763 14.754793629050257 8.4450741708278638 16.356105029582977 22.685163557529449 32.310914248228073 21.043815359473228 7.4806629419326773 10.118036165833471
leaf_count=58 30 60 34 66 91 130 85 30 41
internal_value=-0.000395954 -0.00646452 0.0228821 -0.0174014 0.00441321 0.00848105 -0.00753642 0.0330013 -0.0300119
internal_weight=155.126 124.705 30.4215 62.2728 62.4321 54.9961 37.3999 21.9764 24.8728
internal_count=625 503 122 252 251 221 151 88 101
is_linear=0
shrinkage=0.03


Tree=5
num_leaves=10
num_cat=0
split_feature=8 37 28 37 4 20 34 20 4
split_gain=19.6753 17.9877 16.5058 18.3949 9.9477 8.39742 5.99389 5.79772 2.23195
threshold=-0.0069996698420226868 0.0064353997501002133 6.5000000000000009 0.059569274358281639 -0.10461210312140655 0.042924366133847862 0.014670077654009185 0.033196831872578277 0.052997819212754267
decision_type=2 2 2 2 2 2 2 2 2
left_child=4 8 3 -3 -1 7 -4 -6 -2
right_child=1 2 6 -5 5 -7 -8 -9 -10
leaf_value=-0.010453060121679628 -0.036273329009716575 0.024950540069243292 -0.0033611178143500716 -0.020180649470834235 0.021123556293925618 0.040136960566185195 -0.029980931734154379 -0.00015622648964331296 -0.010227370687449297
leaf_weight=11.716215237975119 16.762307628989223 27.361785024404526 19.269959568977356 9.1832663863897306 20.135767862200737 10.719302698969839 13.299922019243239 21.123960867524147 8.1619386076927167
leaf_count=47 68 110 78 37 81 43 54 85 33
internal_value=-0.000135725 -0.00887962 -0.000538423 0.0127619 0.0124227 0.0180531 -0.0157709 0.0103786 -0.0296945
internal_weight=157.734 94.0392 69.1149 36.5451 63.6952 51.979 32.5699 41.2597 24.9242
internal_count=636 380 279 147 256 209 132 166 101
is_linear=0
shrinkage=0.03


Tree=6
num_leaves=11
num_cat=0
split_feature=11 38 5 14 35 2 24 3 2 20
split_gain=14.0078 13.7699 13.4837 10.9669 8.17322 6.96457 6.9644 6.43055 6.03192 2.83848
threshold=0.0095721409404359043 0.0072885904398247965 -0.05616814460794111 -12.925293661395925 0.051589454852216783 -0.0068871987850064311 -0.40713837792642132 0.013926192426887087 0.035338898626336886 0.032560560228344193
decision_type=2 2 2 2 2 2 2 2 2 2
left_child=2 -2 5 9 6 -1 -3 -6 -5 -4
right_child=1 4 3 8 7 -7 -8 -9 -10 -11
leaf_value=0.036123821889999783 0.016647292641467595 -0.0015396938208393038 -0.0014542824252667325 0.020017410063275433 0.021636567728127071 0.0022342598804891436 -0.025931840987856565 -0.012691168848333927 -0.0083226236792044231 -0.025890115408898143
leaf_weight=16.962765097618107 13.980529844760893 16.378457739949226 8.8761733025312441 19.342288151383404 7.7067417055368406 9.4418727010488492 38.811317667365074 7.6231490671634674 7.6708992570638648 10.852136015892027
leaf_count=68 56 66 36 78 31 38 157 31 31 44
internal_value=-0.000149983 -0.00847034 0.0092319 -0.000345296 -0.0139785 0.0255441 -0.0192624 0.00420612 0.0114338 -0.0167321
internal_weight=157.646 84.5002 73.1461 46.7415 70.5197 26.4046 55.1898 15.3299 27.0132 19.7283
internal_count=636 341 295 189 285 106 223 62 109 80
is_linear=0
shrinkage=0.03


Tree=7
num_leaves=11
num_cat=0
split_feature=33 28 37 37 20 16 28 33 14 32
split_gain=13.9373 16.3522 12.2786 16.9364 8.58884 6.1243 5.16623 4.77463 5.2601 2.96972
threshold=0.46274169979950391 6.5000000000000009 0.0064353997501002133 0.055450840752883986 0.043875647025226637 -29.366017774672759 10.500000000000002 0.21528924422815102 -11.326189534761395 -0.011407009021512813
decision_type=2 2 2 2 2 2 2 2 2 2
left_child=5 2 -2 -4 6 -1 -3 9 -9 -7
right_child=1 4 3 -5 -6 7 -8 8 -10 -11
leaf_value=-0.0097659852096259828 -0.021719063898982694 -0.034677833486254472 0.02620835469277695 -0.016099981001636187 0.0063390629379722419 0.0044976150215418837 -0.0089151277760609795 -0.0054789077594859575 0.017273499615428255 0.029912962062805071
leaf_weight=9.7078817784786207 9.8856237977743131 23.015061408281326 24.89092481136322 10.399618178606032 7.4157789051532736 8.233825698494913 14.780223011970518 17.335550159215927 14.670126214623449 17.210174918174744
leaf_count=39 40 94 100 42 30 33 60 70 59 69
internal_value=-0.000138233 -0.00785163 0.00459954 0.0131436 -0.0202787 0.00995315 -0.0259344 0.0137541 0.00491135 0.0231621
internal_weight=157.545 90.3872 45.1762 35.2905 45.2111 67.1576 37.7953 57.4497 32.0057 25.444
internal_count=636 366 182 142 184 270 154 231 129 102
is_linear=0
shrinkage=0.03


Tree=8
num_leaves=13
num_cat=0
split_feature=18 28 37 37 11 32 25 11 14 10 28 1
split_gain=15.3591 16.2033 12.2659 16.9009 9.99405 9.6499 8.18119 7.86139 9.25846 2.79363 0.94563 0.214011
threshold=0.46000423276112762 6.5000000000000009 0.0064353997501002133 0.055450840752883986 0.011293243016009093 0.0027132592431347029 0.083554817275747525 -0.01454842795841199 -7.1393349239134514 -0.015220748881585864 8.5000000000000018 0.0076218628524552532
decision_type=2 2 2 2 2 2 2 2 2 2 2 2
left_child=4 2 -2 -4 6 9 -1 8 -3 -6 -8 -9
right_child=1 7 3 -5 5 -7 10 11 -10 -11 -12 -13
leaf_value=-0.0041802321788378212 -0.023487499460159426 -0.019577813083360669 0.025325516081216207 -0.016466330907331718 -0.022868868863541485 0.019428858111470101 0.034238877762088192 -0.018456415182582137 0.017751120730285976 0 0.015102181296136575 -0.037968051241420907
leaf_weight=7.9450108259916297 8.8676037639379484 13.243620514869692 25.660532891750336 10.63136278092861 11.450678795576097 9.4576709121465665 15.946710228919985 12.750668436288835 7.6469215154647818 7.4525833725929287 13.442285209894179 12.917875126004217
leaf_count=32 36 54 103 43 46 38 64 52 31 30 54 53
internal_value=-0.000139462 -0.0080941 0.00439513 0.0124707 0.0106557 -0.00229832 0.0204941 -0.0201989 -0.00490129 -0.0147053 0.0274838 -0.0308526
internal_weight=157.414 91.7186 45.1595 36.2919 65.6949 28.3609 37.334 46.5591 20.8905 18.9033 29.389 25.6685
internal_count=636 372 182 146 264 114 150 190 85 76 118 105
is_linear=0
shrinkage=0.03


Tree=9
num_leaves=9
num_cat=0
split_feature=8 21 19 4 20 1 40 25
split_gain=16.6145 12.5823 11.0615 9.03086 7.85849 6.39085 5.98802 2.61788
threshold=-0.0069996698420226868 0.016002550971431856 0.14749001316270996 -0.10461210312140655 0.042924366133847862 0.0096730688950308358 0.075167417120873395 0.14463601532567052
decision_type=2 2 2 2 2 2 2 2
left_child=3 -2 7 -1 5 -5 -4 -3
right_child=1 2 6 4 -6 -7 -8 -9
leaf_value=-0.010387262109531987 0.023595630206343112 -0.0068879358748988413 0.0028135978150146254 0.015290647426446377 0.038032929399750594 -0.01143955754880341 -0.019235215134997444 -0.030340438681350727
leaf_weight=11.706190481781958 7.9508747160434714 9.0481879860162717 40.072333335876465 33.100124925374985 10.735069483518599 8.1974198371171934 12.790681451559065 23.661573186516762
leaf_count=47 32 37 162 133 43 33 52 97
internal_value=-0.000150575 -0.00822846 -0.011828 0.0113636 0.0167381 0.00935503 -0.00275463 -0.0250559
internal_weight=157.262 93.5237 85.5728 63.7388 52.0326 41.2975 52.863 32.7098
internal_count=636 380 348 256 209 166 214 134
is_linear=0
shrinkage=0.03


Tree=10
num_leaves=8
num_cat=0
split_feature=21 33 16 28 20 21 18
split_gain=15.9719 17.1787 13.6895 11.602 11.4591 7.30207 6.35518
threshold=0.016002550971431856 0.31966591101206493 -22.586687221851985 6.5000000000000009 0.041440693061723259 0.026017940998063063 0.91569081240148076
decision_type=2 2 2 2 2 2 2
left_child=-1 2 -2 6 -5 -4 -3
right_child=1 3 5 4 -6 -7 -8
leaf_value=0.034967505842383534 -0.014245991333804827 0.0075677521188368714 0.006633438784463287 -0.027147122819589753 0.0043984599203060115 0.035387413894190853 -0.016102618601247103
leaf_weight=9.2112144529819471 10.944188669323919 35.947611972689629 18.949512809514999 37.520058855414391 12.327030837535856 16.206039279699326 11.862572222948073
leaf_count=37 44 145 76 154 50 65 48
internal_value=0.000387 -0.00217523 0.0124497 -0.00934086 -0.0191879 0.0214835 0.000982819
internal_weight=152.968 143.757 46.0997 97.6573 49.8471 35.1556 47.8102
internal_count=619 582 185 397 204 141 193
is_linear=0
shrinkage=0.03


Tree=11
num_leaves=9
num_cat=0
split_feature=38 7 14 16 34 21 36 28
split_gain=18.79 10.6749 13.7668 12.3528 10.7639 8.85495 5.56145 2.98467
threshold=0.0071404268679443892 -0.016266799092998618 -40.770608350914465 -29.366017774672759 0.014670077654009185 0.024081074579233384 0.0054978643801710412 5.5000000000000009
decision_type=2 2 2 2 2 2 2 2
left_child=6 3 -3 -2 -4 -5 -1 -8
right_child=1 2 4 5 -6 -7 7 -9
leaf_value=0 -0.021882455125724405 0.017556115024939402 -0.0055419377353296481 -0.0035467779195502589 -0.02967101529461796 0.026722556393242183 0.037468040156253948 0.0080711680533748133
leaf_weight=7.4509073793888119 7.9455715864896765 11.134194701910017 44.385026708245277 11.965584024786947 28.050588145852089 21.196926280856133 13.20813372731209 7.4704882055521002
leaf_count=30 32 45 181 48 115 85 53 30
internal_value=0.00039039 -0.00458165 -0.0107294 0.00748618 -0.0156336 0.0157938 0.021767 0.0291577
internal_weight=152.807 124.678 83.5698 41.1081 72.4356 33.1625 28.1295 20.6786
internal_count=619 506 341 165 296 133 113 83
is_linear=0
shrinkage=0.03


Tree=12
num_leaves=11
num_cat=0
split_feature=38 33 18 21 19 16 40 28 21 12
split_gain=17.851 12.5764 12.1257 7.1423 5.21392 7.83234 6.27972 4.87688 3.98507 1.75092
threshold=0.0071404268679443892 0.31966591101206493 0.16935971542196546 0.026017940998063063 0.14749001316270996 -4.3399517163629007 0.053548436504946346 8.5000000000000018 0.026266021318793624 54.781773811928673
decision_type=2 2 2 2 2 2 2 2 2 2
left_child=7 2 8 -4 5 -3 -6 9 -2 -1
right_child=1 4 3 -5 6 -7 -8 -9 -10 -11
leaf_value=0.04066389560961696 0.0024676838125600774 0.00086353759073265729 0 0.035644761760084555 0.0037070361704699514 -0.02779072880751696 -0.018492152333946271 0 -0.021995412889331146 0.015256152841310279
leaf_weight=7.7108006030321183 12.467066437005998 10.763888090848921 8.2157764136791247 13.210029184818266 30.853856027126312 26.107073858380318 15.211028605699537 7.4513214081525794 7.6959812194108954 12.944170400500296
leaf_count=31 50 44 33 53 125 108 62 30 31 52
internal_value=0.000386107 -0.00446144 0.00853636 0.0234637 -0.0112034 -0.0194257 -0.0037757 0.021231 -0.00733505 0.0281558
internal_weight=152.631 124.525 41.5889 21.4258 82.9358 36.871 46.0649 28.1063 20.163 20.655
internal_count=619 506 167 86 339 152 187 113 81 83
is_linear=0
shrinkage=0.03


Tree=13
num_leaves=9
num_cat=0
split_feature=38 8 16 34 32 6 23 36
split_gain=16.9919 11.109 10.5193 9.70338 10.6875 7.09753 3.37562 3.09002
threshold=0.0071404268679443892 -0.010420586063985918 -20.958814321265407 0.01044105190434619 0.0093311891836083145 0.011506556783175661 0.83912345415701572 0.0076995000225777216
decision_type=2 2 2 2 2 2 2 2
left_child=5 2 -2 4 -3 -1 -5 -4
right_child=1 3 7 6 -6 -7 -8 -9
leaf_value=0.034185092082004258 -0.015078642351494424 0.0092271733806987069 0.018616906791004261 -0.0058067738608742602 -0.020719042267724221 0.0030480412217067008 -0.03002971915572147 -0.00047384858967800182
leaf_weight=14.414256498217584 12.903152346611021 27.025636360049248 29.380203783512115 10.221124887466429 14.888871520757673 13.664441138505934 21.966997548937798 7.9707452207803717
leaf_count=58 52 110 118 42 61 55 91 32
internal_value=0.00039397 -0.00433713 0.00621498 -0.0116656 -0.00152789 0.0207412 -0.0235663 0.0143447
internal_weight=152.435 124.357 50.2541 74.1026 41.9145 28.0787 32.1881 37.3509
internal_count=619 506 202 304 171 113 133 150
is_linear=0
shrinkage=0.03


Tree=14
num_leaves=11
num_cat=0
split_feature=38 33 18 21 34 32 36 21 22 32
split_gain=16.1549 11.4028 11.2946 6.7664 6.01181 6.61037 5.22361 3.70481 2.60457 0.501424
threshold=0.0071404268679443892 0.31966591101206493 0.16935971542196546 0.026017940998063063 0.021567747216707515 0.0093311891836083145 0.0054978643801710412 0.026266021318793624 0.014259622408587138 0.0069936578938397673
decision_type=2 2 2 2 2 2 2 2 2 2
left_child=6 2 7 -4 5 -3 -1 -2 -6 -8
right_child=1 4 3 -5 8 -7 9 -9 -10 -11
leaf_value=0 0.0022422593722742318 0.0022775182741925424 0 0.03440056699643184 -0.032465306352128215 -0.017481107121814658 0.033193407414738918 -0.021330796719059637 -0.0079125160035174273 0.012410479209154796
leaf_weight=7.4564016610384014 12.466216892004015 38.044752687215805 8.2170753628015536 13.200751796364782 12.293315351009371 21.935074493288994 12.406356230378153 7.6768455505371085 10.367992222309111 8.1977114975452405
leaf_count=30 50 155 33 53 51 90 50 31 43 33
internal_value=0.000373563 -0.00424096 0.00812402 0.0225413 -0.0106817 -0.00503727 0.0202207 -0.00717958 -0.0233929 0.0274178
internal_weight=152.262 124.202 41.5609 21.4178 82.6411 59.9798 28.0605 20.1431 22.6613 20.6041
internal_count=619 506 167 86 339 245 113 81 94 83
is_linear=0
shrinkage=0.03


Tree=15
num_leaves=8
num_cat=0
split_feature=38 20 26 3 38 5 6
split_gain=8.6001 13.3452 9.34096 8.25663 7.09246 5.88069 4.08174
threshold=0.012085292895264737 0.042441018555837061 0.32889969067609376 0.0039117187917772087 0.0068199106301578523 -0.067140876313660211 0.012009286436211342
decision_type=2 2 2 2 2 2 2
left_child=1 2 4 -3 -1 -2 -4
right_child=5 3 6 -5 -6 -7 -8
leaf_value=0.012731656916569087 0.00070339539606272016 0.038718108244643612 0.018006924108873296 0 -0.010753763505705444 -0.027537045967112189 -0.00072467723015584541
leaf_weight=11.93876329064369 10.425768584012987 12.661577537655832 25.910701483488083 8.5795759856700879 59.79110299050808 12.179499596357344 14.145013377070425
leaf_count=48 42 51 105 35 244 50 58
internal_value=0.00129172 0.00433498 0 0.0250192 -0.00640206 -0.0149042 0.0113156
internal_weight=155.632 133.027 111.786 21.2412 71.7299 22.6053 40.0557
internal_count=633 541 455 86 292 92 163
is_linear=0
shrinkage=0.03


Tree=16
num_leaves=11
num_cat=0
split_feature=38 15 26 7 33 28 35 7 7 21
split_gain=8.17214 9.2559 7.77667 7.80914 8.11101 7.44669 7.6354 1.39739 0.862093 0.245003
threshold=0.012085292895264737 -95.519300434600368 0.32889969067609376 0.0037458181332544922 0.86714329220894015 2.5000000000000004 0.06025034829001575 -0.028368409347317807 0.021329791659015645 0.032135479238353339
decision_type=2 2 2 2 2 2 2 2 2 2
left_child=2 -2 5 7 -5 8 -7 -4 -1 -3
right_child=1 9 3 4 -6 6 -8 -9 -10 -11
leaf_value=0.023747740222163773 0.0098162394973066135 -0.01237907699657053 0.0083302889736985575 -0.01246746405528164 0.022266861608539468 -0.010519041230636107 0.012190016089397885 0.029755797711180157 0.0046252655427432105 -0.034115050905586079
leaf_weight=7.4128465205430967 7.4394510984420803 7.3229648470878583 8.195745527744295 14.361525461077692 7.5937565714120856 55.965857326984406 14.966843307018278 17.092034518718719 7.3776697963476181 7.7947844862937927
leaf_count=30 30 30 33 59 31 228 61 69 30 32
internal_value=0.00126811 -0.0145334 0.00423556 0.0137617 0 -0.00103748 -0.00531886 0.024481 0.0167897 -0.027139
internal_weight=155.523 22.5572 132.966 47.2431 21.9553 85.7232 70.9327 25.2878 14.7905 15.1177
internal_count=633 92 541 192 90 349 289 102 60 62
is_linear=0
shrinkage=0.03


Tree=17
num_leaves=9
num_cat=0
split_feature=38 11 17 15 38 12 36 33
split_gain=7.8252 8.44216 8.28644 7.80727 6.40856 5.21599 5.98261 3.37409
threshold=0.011883443035612526 0.0089338955155123818 -1.5015836763767039 -95.519300434600368 0.0092596370726621951 77.735276462936142 0.0050336948839173829 0.37975891390472516
decision_type=2 2 2 2 2 2 2 2
left_child=1 2 -1 -2 -4 6 -3 -5
right_child=3 5 4 7 -6 -7 -8 -9
leaf_value=0.032022752986568953 0.0095813899935250201 0.0048821224011498434 -0.0022691204688224426 -0.0045191633739423568 0.023285596992880953 0.017649266853562311 -0.012214535120214039 -0.033765401127584319
leaf_weight=13.867555364966391 7.4421257525682476 29.856113135814667 27.491698741912842 7.9163130968809154 10.292294412851332 8.636535704135893 39.842572212219238 10.088210478425024
leaf_count=56 30 122 112 32 42 35 162 42
internal_value=0.00125191 0.00435347 0.0135585 -0.0132077 0.00513556 -0.00171575 -0.00474991 -0.0233935
internal_weight=155.433 129.987 51.6515 25.4466 37.784 78.3352 69.6987 18.0045
internal_count=633 529 210 104 154 319 284 74
is_linear=0
shrinkage=0.03


Tree=18
num_leaves=11
num_cat=0
split_feature=26 28 35 20 18 5 23 13 13 5
split_gain=7.55577 6.38576 6.89431 7.54754 6.04076 10.476 5.16863 5.13602 4.14066 2.60676
threshold=0.32889969067609376 2.5000000000000004 0.06025034829001575 0.0432752171477035 0.59696149860187109 0.12778717111284535 0.93903729332930963 4.2817692619842136 -5.0796012445703438 0.11317518240177639
decision_type=2 2 2 2 2 2 2 2 2 2
left_child=1 9 3 -3 7 -6 -4 8 -2 -1
right_child=4 2 6 -5 5 -7 -8 -9 -10 -11
leaf_value=0.02280141183634633 0.0044346520316293978 -0.017149429636975862 0.025134843204709212 0.004799864497863118 -0.017574068648854604 0.020621647725499376 -0.0049491639109532195 -0.0010224441641367454 0.032553984947800749 0
leaf_weight=7.8759035468101484 9.1629488319158536 50.113459944725037 7.3681994974613216 17.006763696670532 13.737929597496988 8.8745038062334043 8.8206918686628324 8.3883172869682294 16.113683849573139 7.8878877460956573
leaf_count=32 37 205 30 69 57 36 36 34 65 32
internal_value=0.00122793 -0.00364104 -0.00709855 -0.011393 0.00988764 -0.00151668 0.00917675 0.0176239 0.023983 0.0125289
internal_weight=155.35 99.0729 83.3091 67.1202 56.2774 22.6124 16.1889 33.6649 25.2766 15.7638
internal_count=633 404 340 274 229 93 66 136 102 64
is_linear=0
shrinkage=0.03


Tree=19
num_leaves=11
num_cat=0
split_feature=11 33 4 2 16 12 36 16 34 4
split_gain=7.27633 10.3667 7.19672 6.74566 6.53581 6.51624 7.37058 9.52707 7.37607 3.74645
threshold=0.0089338955155123818 0.22950735999673347 0.03206699666112401 0.035338898626336886 4.9554595841344424 77.735276462936142 0.0050336948839173829 -4.3399517163629007 -0.033177908022588513 -0.067869146742036465
decision_type=2 2 2 2 2 2 2 2 2 2
left_child=1 9 4 -4 -3 6 7 -2 -8 -1
right_child=5 2 3 -5 -6 -7 8 -9 -10 -11
leaf_value=0.0055319824828539621 0.023907429293848554 0.0014311320765038403 0.025824613694781614 -0.005266012653133775 -0.025839167223081688 0.017262887925205563 0.0074777620625425621 -0.0084942806275866822 -0.020699363737797929 0.037054069382488827
leaf_weight=7.4683317244052914 10.903327167034151 20.363909691572193 13.302698537707331 8.5251513421535474 9.8816635459661466 8.6359120756387693 8.6196853369474393 19.693087384104729 37.186072766780853 10.648718029260634
leaf_count=30 44 83 54 35 41 35 35 81 152 43
internal_value=0.0012207 0.00832269 0.000920121 0.0136295 -0.00806333 -0.0045255 -0.00755715 0.00335062 -0.0149922 0.0266473
internal_weight=155.229 70.1905 52.0734 21.8278 30.2456 85.0381 76.4022 30.5964 45.8058 18.117
internal_count=633 286 213 89 124 347 312 125 187 73
is_linear=0
shrinkage=0.03


Tree=20
num_leaves=6
num_cat=0
split_feature=21 15 15 8 19
split_gain=10.7496 10.2403 8.43556 7.99318 6.57262
threshold=0.016002550971431856 -103.46081595140116 -16.946687903173039 -0.010082556733027636 0.21440778921544315
decision_type=2 2 2 2 2
left_child=-1 -2 4 -4 -3
right_child=1 2 3 -5 -6
leaf_value=0.029902893204754893 0.029049628362228561 -0.0061781891376139044 0.014512090690177115 -0.003308143211515447 -0.03648312203276733
leaf_weight=9.3808255642652494 7.9512298554182044 28.660181745886803 29.940361231565475 74.081543937325478 7.6171493530273429
leaf_count=38 32 117 121 304 31
internal_value=0.00179128 -0.000262067 -0.00241361 0.00185653 -0.014507
internal_weight=157.631 148.25 140.299 104.022 36.2773
internal_count=643 605 573 425 148
is_linear=0
shrinkage=0.03


Tree=21
num_leaves=6
num_cat=0
split_feature=21 15 38 20 8
split_gain=10.2438 9.75691 17.0501 10.7105 2.52734
threshold=0.016002550971431856 -103.46081595140116 0.011883443035612526 0.042924366133847862 -0.015232099301473923
decision_type=2 2 2 2 2
left_child=-1 -2 3 -3 -4
right_child=1 2 4 -5 -6
leaf_value=0.029212488091433553 0.02835233511257837 -0.0020409399394647164 -0.0095840488796123807 0.020907926903833755 -0.036160598327363326
leaf_weight=9.3620016276836378 7.9515523463487616 99.724201217293739 9.4239012002944964 20.171149536967278 10.91345554590225
leaf_count=38 32 407 38 82 46
internal_value=0.00174593 -0.000255393 -0.00235885 0.00197661 -0.0264779
internal_weight=157.546 148.184 140.233 119.895 20.3374
internal_count=643 605 573 489 84
is_linear=0
shrinkage=0.03


Tree=22
num_leaves=13
num_cat=0
split_feature=28 12 3 0 26 18 20 2 18 5 11 8
split_gain=7.57347 14.2471 9.47904 8.85262 5.41122 4.61482 5.73355 3.78443 3.20653 2.91368 2.67447 2.4612
threshold=6.5000000000000009 49.119497754088137 0.077042608874907118 -0.0072860106105837033 0.18274582560296851 0.18979993118139885 0.038190053384862942 0.03668078934310471 0.43953843302883328 -0.084686979273387628 -0.023242063544693044 0.030935226085848717
decision_type=2 2 2 2 2 2 2 2 2 2 2 2
left_child=2 5 3 8 11 9 -7 -5 -1 -2 -6 -3
right_child=1 4 -4 7 10 6 -8 -9 -10 -11 -12 -13
leaf_value=0.010435820674468254 0.0058743776078363239 -0.037450718676010859 -0.014198162354843311 0.027183822914426774 0.0059435925200255028 0.001612636309632588 0.028764588021688835 0.003329460030282159 -0.010434636443806947 -0.015737111397543298 -0.014067546664453192 -0.0085771140726986269
leaf_weight=9.609736844897272 8.6944112181663531 11.029581487178804 11.278449073433874 28.845301300287247 8.5299103856086749 18.354315727949146 11.104457795619963 10.066098019480703 13.055711820721625 8.9165907949209195 10.734115093946455 7.2010854184627524
leaf_count=39 35 46 46 117 35 75 45 41 53 36 45 30
internal_value=0.00170337 -0.00424704 0.00873944 0.0134911 -0.0176844 0.00643565 0.0135024 0.021844 -0.000849113 -0.00479183 -0.00477578 -0.0287626
internal_weight=157.42 84.5645 72.8553 61.5768 37.4947 47.0698 29.4588 38.9114 22.6654 17.611 19.264 18.2307
internal_count=643 347 296 250 156 191 120 158 92 71 80 76
is_linear=0
shrinkage=0.03


Tree=23
num_leaves=6
num_cat=0
split_feature=21 15 15 18 5
split_gain=9.64949 9.09199 7.79135 8.51579 6.75306
threshold=0.016002550971431856 -103.46081595140116 -16.946687903173039 0.43953843302883328 -0.05616814460794111
decision_type=2 2 2 2 2
left_child=-1 -2 4 -4 -3
right_child=1 2 3 -5 -6
leaf_value=0.028355090355461424 0.027333518519693338 5.4143907631544338e-05 0.014298653607902055 -0.0038064504552768829 -0.024633435032476239
leaf_weight=9.3229042142629606 7.940310835838317 15.868543922901152 31.870593518018723 71.988393351435661 20.29072792828083
leaf_count=38 32 64 129 296 84
internal_value=0.00164681 -0.000291783 -0.00232688 0.00177284 -0.0139712
internal_weight=157.281 147.959 140.018 103.859 36.1593
internal_count=643 605 573 425 148
is_linear=0
shrinkage=0.03


Tree=24
num_leaves=8
num_cat=0
split_feature=15 28 15 8 15 8 28
split_gain=7.40456 8.75154 9.13817 7.99224 7.8682 5.31957 4.7932
threshold=-103.46081595140116 6.5000000000000009 102.26351411851316 0.0057131262788693588 -12.716681423051043 0.033966735635209862 9.5000000000000018
decision_type=2 2 2 2 2 2 2
left_child=-1 2 4 6 -2 -5 -3
right_child=1 3 -4 5 -6 -7 -8
leaf_value=0.02669853774262786 -0.013208832131230896 -0.0081413455079607892 -0.016090096831301883 -0.027967496693724735 0.016517959917002733 -0.0015043393586091729 0.0098199216729129377
leaf_weight=7.9329554438590995 7.3057280033826819 24.623028099536896 10.047430694103239 18.010410860180858 51.943628057837486 12.66268467903137 24.613462954759598
leaf_count=32 30 100 41 76 211 53 100
internal_value=0.00161725 0 0.00763396 -0.00674041 0.012296 -0.0182627 0.000577613
internal_weight=157.139 149.206 69.2968 79.9096 59.2494 30.6731 49.2365
internal_count=643 611 282 329 241 129 200
is_linear=0
shrinkage=0.03


Tree=25
num_leaves=8
num_cat=0
split_feature=38 34 5 38 38 34 4
split_gain=7.86434 8.3098 8.48636 6.62263 8.82519 8.79363 1.87916
threshold=0.0066337153159080455 0.02349006098530915 -0.034352730905605026 0.012005549554043303 0.014373774980379292 -0.0032981526639749843 -0.012343873164468498
decision_type=2 2 2 2 2 2 2
left_child=-1 3 -3 5 -5 -2 -4
right_child=1 2 6 4 -6 -7 -8
leaf_value=0.019068564767701923 -0.0053175420625579343 0.0035183387353898937 -0.0070831235776281226 -0.031231442162750429 0.007200464550189925 0.013131075717028816 -0.031199933599317848
leaf_weight=13.321405202150343 42.020587533712387 12.120118394494055 7.3184188753366497 10.128280937671663 7.6326609402894965 46.093988671898842 16.349245011806488
leaf_count=54 172 49 30 42 31 188 69
internal_value=-0.00123351 -0.00348592 -0.0155823 0.000676895 -0.0148993 0.00424398 -0.02546
internal_weight=154.985 141.663 35.7878 105.876 17.7609 88.1146 23.6677
internal_count=635 581 148 433 73 360 99
is_linear=0
shrinkage=0.03


Tree=26
num_leaves=11
num_cat=0
split_feature=28 9 3 38 28 38 35 35 2 18
split_gain=13.4039 10.2345 10.1829 10.8131 8.83864 7.11525 5.69845 5.6881 4.64473 1.15059
threshold=6.5000000000000009 -0.029872085365660408 0.078807395668584315 0.0072885904398247965 10.500000000000002 0.0090070162966548028 0.0036970239351236116 0.01387135079352997 -0.010726427215595245 0.43953843302883328
decision_type=2 2 2 2 2 2 2 2 2 2
left_child=2 6 3 -1 9 -6 -2 -5 -8 -3
right_child=1 4 -4 7 5 -7 8 -9 -10 -11
leaf_value=0.034739284782582973 -0.013196971282840461 -0.012275029214317845 -0.017546047509934968 -0.0065030676702818304 -0.021158243269088554 0.0096145665723006112 0.021909755945376235 0.013936733511004823 -0.0015561676889742349 -0.034664241396642856
leaf_weight=13.941092804074286 11.435429155826567 8.600027725100519 9.3049314916133863 18.960956886410713 9.5969475209713 13.762598708271979 12.94731430709362 26.126265376806259 12.722373336553574 17.438257083296776
leaf_count=57 47 35 38 77 39 57 52 106 52 75
internal_value=-0.00120744 -0.0090446 0.00847541 0.0132637 -0.0177585 -0.00310812 0.00248751 0.00511132 0.0104657 -0.0292075
internal_weight=154.836 86.5029 68.3332 59.0283 49.3978 23.3595 37.1051 45.0872 25.6697 26.0383
internal_count=635 357 278 240 206 96 151 183 104 110
is_linear=0
shrinkage=0.03


Tree=27
num_leaves=9
num_cat=0
split_feature=38 34 18 38 38 34 22 9
split_gain=7.17015 7.88664 6.63911 6.17254 8.505 8.03265 4.33148 3.07146
threshold=0.0066337153159080455 0.02349006098530915 0.44715876999914395 0.012005549554043303 0.014373774980379292 -0.0032981526639749843 0.014259622408587138 -0.053765750862278229
decision_type=2 2 2 2 2 2 2 2
left_child=-1 3 7 5 -5 -2 -4 -3
right_child=1 2 6 4 -6 -7 -8 -9
leaf_value=0.018228093048716497 -0.0049943786313825138 0.010998051642045734 -0.039316596788320626 -0.030480002139009095 0.0072590267841297308 0.012639707022895052 -0.0052275442722256671 -0.011251829104346373
leaf_weight=13.261446535587309 41.921493366360664 7.4656690359115627 9.7934422194957751 10.061320513486864 7.6322199404239646 46.097383230924606 7.252181500196456 11.097874492406843
leaf_count=54 172 30 42 42 31 188 31 45
internal_value=-0.00118953 -0.00334526 -0.0151643 0.000704355 -0.0143554 0.00414998 -0.0276727 -0.00137482
internal_weight=154.583 141.322 35.6092 105.712 17.6935 88.0189 17.0456 18.5635
internal_count=635 581 148 433 73 360 73 75
is_linear=0
shrinkage=0.03


Tree=28
num_leaves=10
num_cat=0
split_feature=28 12 3 38 12 1 38 9 38
split_gain=12.5252 9.93869 9.61814 10.1338 5.98019 4.21064 3.4084 5.43948 2.70354
threshold=6.5000000000000009 49.119497754088137 0.078807395668584315 0.0072885904398247965 38.270810051750537 0.0096730688950308358 0.0078995955767183126 -0.055208795241709907 0.0088339553591261707
decision_type=2 2 2 2 2 2 2 2 2
left_child=2 6 3 -1 -5 8 -2 -8 -3
right_child=1 5 -4 4 -6 -7 7 -9 -10
leaf_value=0.033715863533424359 -0.012523214837075995 -0.019628534075409897 -0.017121411917699267 -0.014629160977283825 0.010525875204940771 -0.029369390093571167 0.016951577719943867 -0.0051019328907026019 9.3583819175109014e-05
leaf_weight=13.854785665869711 10.904194474220274 7.9752565026283291 9.2733965069055539 8.6641945540904981 36.424286887049675 18.976015239953995 16.832263991236687 18.665912300348282 12.84976890683174
leaf_count=57 44 33 38 35 148 81 68 77 54
internal_value=-0.00117173 -0.00876683 0.00818869 0.012848 0.0049575 -0.0193886 0.000458624 0.0053016 -0.00786023
internal_weight=154.42 86.2034 68.2167 58.9433 45.0885 39.801 46.4024 35.4982 20.825
internal_count=635 357 278 240 183 168 189 145 87
is_linear=0
shrinkage=0.03


Tree=29
num_leaves=9
num_cat=0
split_feature=38 34 18 38 20 38 22 9
split_gain=6.56823 7.47035 6.29158 5.9087 10.6123 8.15239 4.19864 2.85051
threshold=0.0066337153159080455 0.02349006098530915 0.44715876999914395 0.012005549554043303 0.042651083998346891 0.014373774980379292 0.014259622408587138 -0.053765750862278229
decision_type=2 2 2 2 2 2 2 2
left_child=-1 3 7 4 -2 -5 -4 -3
right_child=1 2 6 5 -6 -7 -8 -9
leaf_value=0.017464741942874309 -0.00063205526521093445 0.010561220896480601 -0.038541961770411179 -0.029896108036322117 0.025642225576934897 0.0070734103956618371 -0.004926904229320051 -0.01087154408726332
leaf_weight=13.194263607263563 73.147506415843964 7.4625753760337856 9.6698403060436267 10.001911923289301 14.762530118227003 7.6297600865364066 7.2199501544237128 11.082817420363424
leaf_count=54 300 30 42 42 60 31 31 45
internal_value=-0.00115577 -0.00322334 -0.0147588 0.000712616 0.00408554 -0.0140434 -0.0270095 -0.00132848
internal_weight=154.171 140.977 35.4352 105.542 87.91 17.6317 16.8898 18.5454
internal_count=635 581 148 433 360 73 73 75
is_linear=0
shrinkage=0.03


Tree=30
num_leaves=7
num_cat=0
split_feature=40 10 40 37 11 24
split_gain=7.71226 5.49162 7.71853 9.21537 3.03317 2.43228
threshold=-0.05782760526214397 -0.033017813963749247 0.060229482967975041 0.0087152227498208407 -0.001197751825287807 -0.16749174917491746
decision_type=2 2 2 2 2 2
left_child=-1 4 3 -3 -2 -4
right_child=1 2 5 -5 -6 -7
leaf_value=0.024794441967902522 0 -0.0047458706357789556 -0.021368851834650052 0.013550783296301959 -0.024911362429359988 -0.0019580003511945748
leaf_weight=9.8524685204029065 8.8701414465904254 39.682741120457649 11.228054344654085 57.156170442700386 9.6187348216772062 14.62540429830551
leaf_count=40 36 164 47 235 39 61
internal_value=0.00153209 -0.000310191 0.00195337 0.00595708 -0.0147877 -0.0118557
internal_weight=151.034 141.181 122.692 96.8389 18.4889 25.8535
internal_count=622 582 507 399 75 108
is_linear=0
shrinkage=0.03


Tree=31
num_leaves=8
num_cat=0
split_feature=40 28 15 34 25 9 34
split_gain=7.35395 5.68271 9.4748 15.5684 8.84391 10.0088 5.55321
threshold=-0.05782760526214397 6.5000000000000009 91.959201676610718 0.028669557730868104 0.030776515151515155 -0.055208795241709907 0.012379088295233378
decision_type=2 2 2 2 2 2 2
left_child=-1 2 3 -2 -3 -6 -4
right_child=1 4 6 -5 5 -7 -8
leaf_value=0.02419656270837147 0.019520915405709445 0.020921874303170128 -0.028054643011810734 -0.02197921857409986 0.0086050437158669037 -0.016472670219869014 0.0039668003683699824
leaf_weight=9.8426010906696302 42.885921746492386 7.5042821019887915 8.0006401687860471 7.8761676251888266 17.442805677652359 50.113124117255211 7.3099233210086814
leaf_count=40 175 31 33 32 71 210 30
internal_value=0.00146933 -0.00032682 0.00588357 0.0122085 -0.00599906 -0.00972075 -0.0132078
internal_weight=150.975 141.133 66.0727 50.7621 75.0602 67.5559 15.3106
internal_count=622 582 270 207 312 281 63
is_linear=0
shrinkage=0.03


Tree=32
num_leaves=6
num_cat=0
split_feature=21 15 35 28 36
split_gain=7.04728 7.53399 7.28042 8.60696 6.8027
threshold=0.016002550971431856 -103.46081595140116 0.055666227439163725 6.5000000000000009 0.0050722237368389655
decision_type=2 2 2 2 2
left_child=-1 -2 3 -3 -4
right_child=1 2 4 -5 -6
leaf_value=0.026140766850643548 0.024360383877280949 0.0026489855517265863 0.028981517504551909 -0.013919469348711805 0
leaf_weight=7.7371779084205619 8.401992514729498 52.793670207262039 9.5358332246541995 54.556649550795555 17.755806863307953
leaf_count=32 34 216 39 228 73
internal_value=0.00143391 -0.000141079 -0.00211399 -0.0057347 0.011035
internal_weight=150.781 143.044 134.642 107.35 27.2916
internal_count=622 590 556 444 112
is_linear=0
shrinkage=0.03


Tree=33
num_leaves=8
num_cat=0
split_feature=21 20 35 28 37 36 26
split_gain=6.72308 6.70448 10.0748 9.14385 5.55312 4.63929 4.19293
threshold=0.016002550971431856 0.040358605554067589 0.05685331462893662 6.5000000000000009 0.055450840752883986 0.0051283570860321129 0.11696765459834674
decision_type=2 2 2 2 2 2 2
left_child=-1 2 3 -2 6 -4 -3
right_child=1 4 5 -5 -6 -7 -8
leaf_value=0.02558697043965328 0.00078497542955540593 -0.00037192320840421627 0.028229406650528435 -0.019975785993726843 -0.011696353496868754 0 0.018815072521055909
leaf_weight=7.7111795246601096 33.319597825407982 12.880544930696486 7.5624607354402569 38.516550794243813 7.9029575139284125 13.359164148569105 29.392407074570656
leaf_count=32 136 53 31 162 33 55 120
internal_value=0.00142257 -0.000112687 -0.00496655 -0.0103828 0.00841935 0.0122594 0.0128773
internal_weight=150.645 142.934 92.7578 71.8361 50.1759 20.9216 42.273
internal_count=622 590 384 298 206 86 173
is_linear=0
shrinkage=0.03


Tree=34
num_leaves=6
num_cat=0
split_feature=40 40 37 2 28
split_gain=6.65488 4.78953 6.65936 15.1714 10.4101
threshold=-0.05782760526214397 0.0861992711441565 0.0053298383682746095 0.010006840235119665 6.5000000000000009
decision_type=2 2 2 2 2
left_child=-1 2 3 -2 -4
right_child=1 -3 4 -5 -6
leaf_value=0.023062794514433403 0.0042113785805587773 -0.019418599640013749 0.016866972712380732 -0.029935202579030977 -0.0036436544720057319
leaf_weight=9.796967148780821 31.906137272715569 8.9916074126958829 40.751771301031113 15.664774090051649 43.368015885353088
leaf_count=40 130 38 167 66 181
internal_value=0.0013996 -0.000306002 0.00115775 -0.00748437 0.00627948
internal_weight=150.479 140.682 131.691 47.5709 84.1198
internal_count=622 582 544 196 348
is_linear=0
shrinkage=0.03


Tree=35
num_leaves=11
num_cat=0
split_feature=18 4 22 32 18 21 2 6 8 13
split_gain=9.33932 8.72377 9.78657 8.21225 6.19807 7.72429 5.02813 4.62872 5.21028 3.78328
threshold=0.43953843302883328 0.052997819212754267 0.52212292164344543 0.0050091240875911333 0.16935971542196546 0.027896714206022879 -0.0055253303665915845 -0.0018324961782787007 0.0073403737528629489 -2.4252229576063971
decision_type=2 2 2 2 2 2 2 2 2 2
left_child=4 7 3 -3 9 6 -6 -2 -9 -1
right_child=1 2 -4 -5 5 -7 -8 8 -10 -11
leaf_value=0.0068557773322327487 -0.028176582039767806 0.0070762760250576732 0.029708202139415763 -0.020375115857639396 0.014813654284008208 0.029978257620039077 -0.011423125115257881 0.011640877429736272 -0.014284424416734774 -0.014653098622181213
leaf_weight=12.109384551644327 17.202575668692589 20.503630086779594 7.2876427024602881 14.987087890505789 11.811091125011444 15.081214681267737 10.242115065455437 7.0996680408716193 25.058603450655937 12.583482593297957
leaf_count=49 72 85 30 62 48 62 42 30 107 51
internal_value=-0.00155644 -0.0076228 0.00198862 -0.00458439 0.00720463 0.0147393 0.00206831 -0.0159976 -0.00777523 -0.00381984
internal_weight=153.966 92.1392 42.7784 35.4907 61.8273 37.1344 22.0532 49.3608 32.1583 24.6929
internal_count=638 386 177 147 252 152 90 209 137 100
is_linear=0
shrinkage=0.03


Tree=36
num_leaves=10
num_cat=0
split_feature=12 12 33 19 4 21 19 36 5
split_gain=9.50257 11.568 7.51367 6.59098 4.75591 9.68908 4.69198 4.35164 1.21538
threshold=49.119497754088137 68.433694789342056 0.46945085406623871 0.17487562732328413 -0.10461210312140655 0.027896714206022879 0.13337884817230619 0.0071026271226287954 -0.011349572897352498
decision_type=2 2 2 2 2 2 2 2 2
left_child=4 2 -2 -4 -1 6 -6 -3 -7
right_child=1 7 3 -5 5 8 -8 -9 -10
leaf_value=-0.0085263561745489228 0.0057829400570482414 -0.0021049780968942643 -0.026323325536303795 -0.0025419112137000524 0.010056293445285615 0.036964751464232372 -0.010330334938009014 0.021585814770199867 0.011358921665994115
leaf_weight=12.083655327558516 11.418881699442862 12.361920595169069 35.671879723668098 17.220974206924438 22.774074450135231 8.9380774497985858 14.92354743182659 10.869377657771109 7.4949929863214484
leaf_count=49 47 51 152 71 94 37 61 45 31
internal_value=-0.00150194 -0.00798881 -0.0145209 -0.0192285 0.00683732 0.0107158 0.00149403 0.0092173 0.0285995
internal_weight=153.757 87.543 64.3117 52.8929 66.2143 54.1307 37.6976 23.2313 16.4331
internal_count=638 366 270 223 272 223 155 96 68
is_linear=0
shrinkage=0.03


Tree=37
num_leaves=11
num_cat=0
split_feature=12 33 36 7 16 21 19 3 8 38
split_gain=9.00408 11.1244 12.117 10.8726 5.7484 9.75098 5.85475 4.43467 1.47511 0.538311
threshold=49.119497754088137 0.74839315978677134 0.004619464286071664 -0.016266799092998618 -21.611309004744104 0.026414713810793324 0.13337884817230619 0.078807395668584315 0.0057131262788693588 0.011579435837130612
decision_type=2 2 2 2 2 2 2 2 2 2
left_child=4 3 -3 -2 -1 6 -6 -4 -5 -7
right_child=1 2 7 8 5 9 -8 -9 -10 -11
leaf_value=-0.0087795501278602976 0.0055553823382555757 -0.02632776061994286 0.016899665402326673 -0.0079357169581163161 0.0099245269364929799 0.032595478298536082 -0.015051689402012458 -0.0061225873759778639 -0.029812798361949239 0.011383334535218469
leaf_weight=14.245100632309912 11.553655534982679 7.7977896481752387 26.459131166338921 7.3460370749235144 21.10151495039463 12.100965887308123 11.243497520685194 7.9367253631353369 26.258013933897018 7.4759117662906638
leaf_count=58 47 33 110 31 87 50 46 33 112 31
internal_value=-0.00144266 -0.00776893 0.00299042 -0.0178406 0.00667193 0.0113577 0.00043484 0.0111307 -0.0261661 0.0269963
internal_weight=153.518 87.3514 42.1936 45.1577 66.167 51.9219 32.345 34.3959 33.6041 19.5769
internal_count=638 366 176 190 272 214 133 143 143 81
is_linear=0
shrinkage=0.03


Tree=38
num_leaves=12
num_cat=0
split_feature=12 12 10 38 10 11 37 32 32 26 14
split_gain=8.56477 10.6146 6.38936 5.71415 4.83005 5.88802 4.36369 3.93451 3.06482 1.07292 0.13054
threshold=49.119497754088137 68.433694789342056 -0.0049125407524378542 0.0093106049949179589 -0.031706310980781298 -0.016325938699391914 0.0064353997501002133 -0.01713174678124085 -0.0018564437375560015 0.27977878615995472 -31.193486404047345
decision_type=2 2 2 2 2 2 2 2 2 2 2
left_child=4 2 -2 9 5 -1 -4 -6 -9 -3 -7
right_child=1 3 6 -5 7 10 -8 8 -10 -11 -12
leaf_value=0.011288122180158769 0.0051717934996831699 0.025787445287842319 -0.0323251638166763 -0.010207999275131479 -0.0039634975707943283 -0.019595179544737044 -0.011329053883910475 0.028849885252037005 0.0077469568186071796 0.0054073531977707479 -0.0056356684645225792
leaf_weight=11.72358623147011 10.997912988066672 8.3001644462347048 14.060786381363867 7.2292948812246314 7.7443042844533911 7.3921049833297729 38.913019314408302 12.221686959266664 19.696402326226234 7.6730581223964682 7.3418429195880872
leaf_count=48 46 34 60 30 32 30 164 50 82 32 30
internal_value=-0.0014087 -0.007589 -0.0138764 0.00887641 0.00650294 -0.00287354 -0.0181482 0.0129554 0.0174944 0.0185231 -0.0150405
internal_weight=153.294 87.1742 63.9717 23.2025 66.1199 26.4575 52.9738 39.6624 31.9181 15.9732 14.7339
internal_count=638 366 270 96 272 108 224 164 132 66 60
is_linear=0
shrinkage=0.03


Tree=39
num_leaves=11
num_cat=0
split_feature=12 33 36 33 35 16 21 19 14 3
split_gain=8.09169 10.2946 11.4084 10.3075 5.84423 5.22965 9.32587 5.3992 2.42218 1.84991
threshold=49.119497754088137 0.74839315978677134 0.004619464286071664 0.46945085406623871 0.0087858095680255505 -21.611309004744104 0.026414713810793324 0.13337884817230619 -16.424517271711007 -0.019057328985298879
decision_type=2 2 2 2 2 2 2 2 2 2
left_child=5 3 -3 -2 -4 -1 7 -7 -8 -5
right_child=1 2 4 9 -6 6 8 -9 -10 -11
leaf_value=-0.0084033465753913621 0.0057754974810563433 -0.025589618790856142 -0.0017858093299793442 -0.008145199431392915 0.021485849852055473 0.0092829934190991874 0.011227276811676673 -0.014723014399215481 0.037870816532117227 -0.029693968373285657
leaf_weight=14.221357896924017 11.403290912508963 7.7338527292013159 15.826479077339171 8.838654085993765 18.53997865319252 21.110532268881798 10.903897479176523 11.23262609541416 8.6174433678388578 24.659313827753067
leaf_count=58 47 33 66 37 77 87 45 46 36 106
internal_value=-0.00136523 -0.00738295 0.00295686 -0.0171103 0.0108475 0.0063209 0.0107989 0.000137168 0.0261121 -0.02521
internal_weight=153.087 87.0016 42.1003 44.9013 34.3665 66.0859 51.8645 32.3432 19.5213 33.498
internal_count=638 366 176 190 143 272 214 133 81 143
is_linear=0
shrinkage=0.03


Tree=40
num_leaves=8
num_cat=0
split_feature=21 19 35 3 15 3 35
split_gain=7.02373 11.8533 9.07891 10.5591 8.1426 7.29686 5.7709
threshold=0.017483119148410959 0.17487562732328413 0.01387135079352997 0.071383950452021075 -103.46081595140116 -0.05462021746262901 0.068911875297431271
decision_type=2 2 2 2 2 2 2
left_child=-1 5 4 -4 -3 -2 -7
right_child=1 2 3 -5 -6 6 -8
leaf_value=0.020078475876398535 0.010827524042528219 0.01903379105933168 0.030177298493866998 -0.0078605058936100092 -0.012104451599768241 -0.016006602426329366 0.0090407268739548501
leaf_weight=13.395523622632025 11.881711483001707 8.7887242734432238 21.530094042420391 7.3615066409111014 22.547084525227547 59.398560762405396 7.4466062337160102
leaf_count=56 49 36 88 31 93 251 31
internal_value=0.000788824 -0.00122283 0.00851248 0.0201184 -0.00230319 -0.00888271 -0.0128168
internal_weight=152.35 138.954 60.2274 28.8916 31.3358 78.7269 66.8452
internal_count=635 579 248 119 129 331 282
is_linear=0
shrinkage=0.03


Tree=41
num_leaves=8
num_cat=0
split_feature=21 19 21 17 15 3 0
split_gain=6.65688 11.1756 7.82699 9.01185 8.16122 6.91369 5.57069
threshold=0.017483119148410959 0.17487562732328413 0.027733721287650098 0.99421631432228186 91.959201676610718 -0.05462021746262901 0.0070078104903771319
decision_type=2 2 2 2 2 2 2
left_child=-1 5 3 -3 -4 -2 -7
right_child=1 2 4 -5 -6 6 -8
leaf_value=0.019582449311671572 0.010557379477077213 0.034539809938031768 0.0074270069678479813 -0.002462187846740647 -0.023137971095602498 -0.019229229400297136 -0.00095549370897788906
leaf_weight=13.373778343200682 11.871502846479414 14.228911921381952 29.715752005577087 7.8078500032424918 8.4520052224397642 40.319557562470436 26.399193331599236
leaf_count=56 49 58 123 32 35 170 112
internal_value=0.000789428 -0.00116731 0.0082809 0.0216916 0 -0.00861718 -0.0124552
internal_weight=152.169 138.795 60.2045 22.0368 38.1678 78.5903 66.7188
internal_count=635 579 248 90 158 331 282
is_linear=0
shrinkage=0.03


Tree=42
num_leaves=13
num_cat=0
split_feature=28 19 7 10 19 19 9 38 11 7 16 19
split_gain=7.67388 11.76 7.70264 5.92032 7.5122 7.1226 5.10569 4.44434 4.42035 3.9318 2.38929 1.35757
threshold=7.5000000000000009 0.17487562732328413 -0.017331746864194319 0.015902976878044098 0.17905324283240434 0.17487562732328413 0.21548868824449988 0.012085292895264737 0.031703598671892104 0.016654948876080492 -5.0138224833703413 0.10356431352664479
decision_type=2 2 2 2 2 2 2 2 2 2 2 2
left_child=3 2 10 4 8 9 -7 -3 -1 -5 -2 -4
right_child=1 7 11 5 -6 6 -8 -9 -10 -11 -12 -13
leaf_value=0.035386412421954644 -0.0083849368277828969 0.022540402711043604 -0.010519840567752842 -0.02527431473541197 -0.0017552504116103715 0.019013436991902902 -0.0052107385222745026 -0.0033111241835471895 0.0074277548331539564 0 0.012525605741729406 -0.029161650770657896
leaf_weight=13.305593937635424 7.5983261913061142 11.23373317718506 12.110878303647043 9.8149900883436221 13.925884485244749 16.381426796317104 11.093026012182234 8.5140316039323789 12.078514248132704 9.8886263370513898 7.6410789936780912 18.427379980683327
leaf_count=56 31 46 52 41 57 67 46 36 50 42 31 80
internal_value=0.000773658 -0.00674384 -0.015046 0.00666231 0.0149656 -0.00027844 0.00903392 0.0114256 0.0241447 -0.0135905 0.00146635 -0.0233307
internal_weight=152.013 65.5254 45.7777 86.4881 39.31 47.1781 27.4745 19.7478 25.3841 19.7036 15.2394 30.5383
internal_count=635 276 194 359 163 196 113 82 106 83 62 132
is_linear=0
shrinkage=0.03


Tree=43
num_leaves=9
num_cat=0
split_feature=21 20 35 12 38 9 36 32
split_gain=6.27601 7.82577 9.5612 10.8818 7.28505 12.6718 6.30726 4.01183
threshold=0.017483119148410959 0.040358605554067589 0.0052147498903151188 65.494930025288099 0.012005549554043303 -0.12918054152608102 0.0063280936571889638 0.012907575805041429
decision_type=2 2 2 2 2 2 2 2
left_child=-1 2 7 -4 6 -6 -3 -2
right_child=1 4 3 -5 5 -7 -8 -9
leaf_value=0.019033188555957939 -0.027837370459822749 0.026999539494266946 -0.0073117624041109924 0.01901005666851082 0.016070912750918851 -0.029888063127037571 -0.0010017626630341235 -0.001090516325578278
leaf_weight=13.317432194948195 18.467281699180607 18.83263182640076 48.165663257241249 17.679061070084572 9.259429484605791 8.1907141208648664 9.3524510711431486 8.5231736749410612
leaf_count=56 77 78 203 73 38 35 39 36
internal_value=0.000748283 -0.00114944 -0.00621004 0 0.00865888 -0.00558512 0.0177604 -0.0205665
internal_weight=151.788 138.47 92.8352 65.8447 45.6352 17.4501 28.1851 26.9905
internal_count=635 579 389 276 190 73 117 113
is_linear=0
shrinkage=0.03


Tree=44
num_leaves=12
num_cat=0
split_feature=28 19 6 10 12 18 21 10 38 10 38
split_gain=7.11276 11.0489 6.17203 5.67163 12.2222 8.44988 8.10927 4.91367 4.19631 3.66946 3.25974
threshold=7.5000000000000009 0.17487562732328413 -0.018348948944452981 0.015902976878044098 64.419996697490106 0.92457529778450886 0.034849089780277266 -0.031706310980781298 0.012085292895264737 -0.023735987852386339 0.0092026063218191099
decision_type=2 2 2 2 2 2 2 2 2 2 2
left_child=3 2 -2 6 10 -6 7 -1 -3 -4 -5
right_child=1 8 9 4 5 -7 -8 -9 -10 -11 -12
leaf_value=0 0.0056735742035756457 0.021854739196257234 -0.00080101314277962801 -0.028101363237197939 0.02431730729768181 -0.0066657668412031341 -0.010251910206421713 0.027795065624038346 -0.0032430944824143907 -0.02494590252742972 -0.0014544585344769565
leaf_weight=8.5579271018505114 8.8325523883104307 11.253748178482057 8.7704004496335966 10.532735899090769 16.646651700139049 11.518747538328169 7.4887536615133277 23.164101004600525 8.4855388104915601 27.959542453289032 8.3906576037406904
leaf_count=35 36 46 36 44 69 48 31 97 36 122 35
internal_value=0.000726039 -0.00652114 -0.0146026 0.00640326 -0.000386569 0.0115471 0.0145443 0.0211037 0.0110699 -0.019907 -0.0182714
internal_weight=151.601 65.3018 45.5625 86.2996 47.0888 28.1654 39.2108 31.722 19.7393 36.7299 18.9234
internal_count=635 276 194 359 196 117 163 132 82 158 79
is_linear=0
shrinkage=0.03


Tree=45
num_leaves=8
num_cat=0
split_feature=21 18 19 10 32 36 4
split_gain=8.36975 9.8341 7.34686 7.77746 7.52215 7.137 9.04811
threshold=0.015740112464384327 0.43953843302883328 0.18858926654211325 -0.003663995206015513 0.0062803439398176905 0.0077365257041046914 -0.092644465376139615
decision_type=2 2 2 2 2 2 2
left_child=-1 5 3 -3 -4 6 -2
right_child=1 2 4 -5 -6 -7 -8
leaf_value=0.024242634503595765 -0.01309327294466079 0.0057008782332951084 0.011606094181607437 -0.022400853500051939 -0.015792272197589097 -0.013030386879480641 0.017200988534048365
leaf_weight=8.6945491880178434 9.1099946498870832 9.2912483513355237 21.17952036857605 40.842140004038811 12.68082235753536 11.983226761221884 39.770141497254372
leaf_count=37 37 40 87 177 53 49 163
internal_value=-0.00124121 -0.00318225 -0.00980479 -0.0168861 0.000618515 0.00573967 0.0109674
internal_weight=153.552 144.857 83.9937 50.1334 33.8603 60.8634 48.8801
internal_count=643 606 357 217 140 249 200
is_linear=0
shrinkage=0.03


Tree=46
num_leaves=8
num_cat=0
split_feature=21 18 38 19 20 4 33
split_gain=7.99068 9.26089 8.12832 11.7037 6.85982 9.65933 0.213171
threshold=0.015740112464384327 0.43953843302883328 0.010926169668663256 0.18858926654211325 0.028858346565511114 -0.092644465376139615 0.61481238004563943
decision_type=2 2 2 2 2 2 2
left_child=-1 4 3 -3 -2 -6 -4
right_child=1 2 6 -5 5 -7 -8
leaf_value=0.023736207079799163 -0.016873613176812862 -0.013223780669233739 -0.010747892575055477 0.012489564655286119 -0.010566630100674294 0.017172894120449776 -0.03033713886955262
leaf_weight=8.6568942517042142 8.1300186067819578 41.748345464468002 6.8232847005128887 22.733603984117508 13.286496147513388 39.40356270968914 12.480488628149031
leaf_count=37 33 179 30 93 54 162 55
internal_value=-0.00120582 -0.00310474 -0.00954395 -0.00382971 0.00554858 0.00977312 -0.0257761
internal_weight=153.263 144.606 83.7857 64.4819 60.8201 52.6901 19.3038
internal_count=643 606 357 272 249 216 85
is_linear=0
shrinkage=0.03


Tree=47
num_leaves=8
num_cat=0
split_feature=21 18 38 37 21 7 9
split_gain=7.63958 8.75036 7.8093 8.243 6.60969 4.40097 2.22729
threshold=0.015740112464384327 0.43953843302883328 0.010926169668663256 0.0072019260460983734 0.020822336834076281 -0.066818799924687713 -0.026713755171637946
decision_type=2 2 2 2 2 2 2
left_child=-1 4 3 -3 -2 -6 -4
right_child=1 2 6 -5 5 -7 -8
leaf_value=0.023243850888481871 -0.015790118849134283 -0.020644381577959 -0.0066028501043615753 0.0025513610420876084 -0.0086017571950881729 0.013392958664204556 -0.03294203893586848
leaf_weight=8.618013456463812 8.8131800442934018 16.798861920833588 7.2364241778850582 47.583779230713844 7.6327355355024329 44.307756990194321 11.952692925930021
leaf_count=37 36 73 32 199 31 182 53
internal_value=-0.00118624 -0.00304529 -0.00931618 -0.0037146 0.0053638 0.00968362 -0.0252779
internal_weight=152.943 144.325 83.5718 64.3826 60.7537 51.9405 19.1891
internal_count=643 606 357 272 249 213 85
is_linear=0
shrinkage=0.03


Tree=48
num_leaves=9
num_cat=0
split_feature=21 18 38 37 26 21 4 11
split_gain=7.30899 8.27808 7.49723 7.84044 6.6279 6.34665 3.78917 0.814967
threshold=0.015740112464384327 0.43953843302883328 0.010926169668663256 0.0072019260460983734 0.30673871582962497 0.022039281005321317 -0.080452824052212366 -0.0095429867627069825
decision_type=2 2 2 2 2 2 2 2
left_child=-1 4 3 -3 5 -2 -6 -4
right_child=1 2 7 -5 6 -7 -8 -9
leaf_value=0.022764874869181519 -0.022845956858775763 -0.020172693120495654 -0.010346622515616393 0.0024772556291460576 0 0.0041363815567509307 0.02349696290969535 -0.031398697960336529
leaf_weight=8.578045189380644 8.5644190013408643 16.723821938037872 8.2999056130647677 47.59663251042366 7.5838792622089413 27.066123232245445 17.489008381962776 10.766715407371519
leaf_count=37 35 73 37 199 31 111 72 48
internal_value=-0.00117361 -0.00299354 -0.00910295 -0.00361648 0.00518226 -0.0028202 0.0164767 -0.0247988
internal_weight=152.669 144.091 83.3871 64.3205 60.7034 35.6305 25.0729 19.0666
internal_count=643 606 357 272 249 146 103 85
is_linear=0
shrinkage=0.03


Tree=49
num_leaves=11
num_cat=0
split_feature=38 18 38 37 26 36 28 36 18 9
split_gain=5.96239 8.13176 5.80831 6.12028 5.36795 5.83104 4.28567 4.34036 4.22274 2.09203
threshold=0.0072297456335562596 0.43953843302883328 0.010926169668663256 0.0072019260460983734 0.30673871582962497 0.0051944971243863798 8.5000000000000018 0.0070624294123895282 0.18979993118139885 -0.026713755171637946
decision_type=2 2 2 2 2 2 2 2 2 2
left_child=6 4 3 -3 5 -2 7 -1 -6 -4
right_child=1 2 9 -5 8 -7 -8 -9 -10 -11
leaf_value=0 0.014275075852560701 -0.020650822312296251 -0.0062216930986178252 0.0014013840676600788 -6.5090012993531993e-05 -0.011383251320712381 -0.0059849478784636768 0.028253969642482359 0.024484398086594302 -0.031845951494722191
leaf_weight=8.6571522355079704 9.4451690018177015 13.50981195271015 7.2118543237447765 37.362303093075752 8.5614894926548022 23.052922055125237 7.6011152416467658 11.644630610942839 13.60916520655155 11.736297413706778
leaf_count=36 39 60 32 157 35 94 31 50 56 53
internal_value=-0.00115254 -0.00407306 -0.0107893 -0.00473082 0.00431791 -0.00309591 0.0107767 0.0176988 0.0151627 -0.0243343
internal_weight=152.392 124.489 69.8203 50.8721 54.6687 32.4981 27.9029 20.3018 22.1707 18.9482
internal_count=643 526 302 217 224 133 117 86 91 85
is_linear=0
shrinkage=0.03


end of trees

feature_importances:
macro_topix_vol_20=43
month=30
volatility=29
bb_pct_b=20
bb_bandwidth=18
return_5d=17
atr_pct=17
macro_usdjpy_vol_20=16
price_position_20d=15
rsi=14
macd_signal=14
macro_topix_ret_20=14
return_10d=13
div_ma_10=12
macd_hist=12
macro_usdjpy_ret_20=12
macro_usdjpy_ret_60=12
return_20d=11
div_ma_20=10
ma_20_60_cross=10
gap=10
div_ma_60=9
ma_5_20_cross=9
return_3d=8
lower_shadow_pct=8
macro_nikkei_ret_20=7
macd=6
return_1d=4
return_2d=4
div_ma_5=4
vol_change=4
rsi_change=3
upper_shadow_pct=3
macd_hist_change=2
vol_ratio=2
candle_body_pct=2

parameters:
[boosting: gbdt]
[objective: binary]
[metric: binary_logloss]
[tree_learner: serial]
[device_type: cpu]
[data_sample_strategy: bagging]
[data: ]
[valid: ]
[num_iterations: 50]
[learning_rate: 0.03]
[num_leaves: 15]
[num_threads: 0]
[seed: 42]
[deterministic: 0]
[force_col_wise: 0]
[force_row_wise: 0]
[histogram_pool_size: -1]
[max_depth: 4]
[min_data_in_leaf: 30]
[min_sum_hessian_in_leaf: 0.001]
[bagging_fraction: 0.7]
[pos_bagging_fraction: 1]
[neg_bagging_fraction: 1]
[bagging_freq: 5]
[bagging_seed: 400]
[bagging_by_query: 0]
[feature_fraction: 0.6]
[feature_fraction_bynode: 1]
[feature_fraction_seed: 30056]
[extra_trees: 0]
[extra_seed: 12879]
[early_stopping_round: 0]
[early_stopping_min_delta: 0]
[first_metric_only: 0]
[max_delta_step: 0]
[lambda_l1: 0.5]
[lambda_l2: 2]
[linear_lambda: 0]
[min_gain_to_split: 0]
[drop_rate: 0.1]
[max_drop: 50]
[skip_drop: 0.5]
[xgboost_dart_mode: 0]
[uniform_drop: 0]
[drop_seed: 17869]
[top_rate: 0.2]
[other_rate: 0.1]
[min_data_per_group: 100]
[max_cat_threshold: 32]
[cat_l2: 10]
[cat_smooth: 10]
[max_cat_to_onehot: 4]
[top_k: 20]
[monotone_constraints: ]
[monotone_constraints_method: basic]
[monotone_penalty: 0]
[feature_contri: ]
[forcedsplits_filename: ]
[refit_decay_rate: 0.9]
[cegb_tradeoff: 1]
[cegb_penalty_split: 0]
[cegb_penalty_feature_lazy: ]
[cegb_penalty_feature_coupled: ]
[path_smooth: 0]
[interaction_constraints: ]
[verbosity: -1]
[saved_feature_importance_type: 0]
[use_quantized_grad: 0]
[num_grad_quant_bins: 4]
[quant_train_renew_leaf: 0]
[stochastic_rounding: 1]
[linear_tree: 0]
[max_bin: 255]
[max_bin_by_feature: ]
[min_data_in_bin: 5]
[bin_construct_sample_cnt: 200000]
[data_random_seed: 175]
[is_enable_sparse: 1]
[enable_bundle: 1]
[use_missing: 1]
[zero_as_missing: 0]
[feature_pre_filter: 1]
[pre_partition: 0]
[two_round: 0]
[header: 0]
[label_column: ]
[weight_column: ]
[group_column: ]
[ignore_column: ]
[categorical_feature: ]
[forcedbins_filename: ]
[precise_float_parser: 0]
[parser_config_file: ]
[objective_seed: 16083]
[num_class: 1]
[is_unbalance: 0]
[scale_pos_weight: 1]
[sigmoid: 1]
[boost_from_average: 1]
[reg_sqrt: 0]
[alpha: 0.9]
[fair_c: 1]
[poisson_max_delta_step: 0.7]
[tweedie_variance_power: 1.5]
[lambdarank_truncation_level: 30]
[lambdarank_norm: 1]
[label_gain: ]
[lambdarank_position_bias_regularization: 0]
[eval_at: ]
[multi_error_top_k: 1]
[auc_mu_weights: ]
[num_machines: 1]
[local_listen_port: 12400]
[time_out: 120]
[machine_list_filename: ]
[machines: ]
[gpu_platform_id: -1]
[gpu_device_id: -1]
[gpu_use_dp: 0]
[num_gpu: 1]

end of parameters

pandas_categorical:[]
