tree
version=v4
num_class=1
num_tree_per_iteration=1
label_index=0
max_feature_idx=44
objective=binary sigmoid:1
feature_names=return_1d return_2d return_3d return_5d return_10d return_20d div_ma_5 div_ma_10 div_ma_20 div_ma_60 ma_5_20_cross ma_20_60_cross rsi rsi_change macd macd_signal macd_hist macd_hist_change bb_pct_b bb_bandwidth atr_pct volatility vol_change vol_ratio candle_body_pct upper_shadow_pct lower_shadow_pct day_of_week month is_month_end is_month_start streak gap price_position_20d macro_usdjpy_ret_20 macro_usdjpy_ret_60 macro_usdjpy_vol_20 macro_topix_ret_20 macro_topix_vol_20 macro_topix_above_200dma macro_nikkei_ret_20 macro_nikkei_above_200dma macro_nikkei_vi macro_jgb10y macro_bias_score
feature_infos=[-0.13745928338762214:0.1378500451671183] [-0.22686131386861319:0.15143504531722063] [-0.26074818537130096:0.25242876982569085] [-0.24234620886981406:0.26599660902167077] [-0.27729257641921401:0.27077039274924464] [-0.31059619890653478:0.33717238455339249] [-0.18382443595117742:0.14393682377711142] [-0.21619701633909544:0.18997976039501152] [-0.25839833083612229:0.21654379206497437] [-0.20871174107820992:0.2995228691108035] [-0.14301436515291943:0.15266398800189296] [-0.059929702622551706:0.17907539075611356] [16.246153846153845:95.89201877934272] [-25.958237986270028:32.979376197318004] [-144.93670216840883:200.24002404316616] [-95.145219559381673:174.95215747837] [-106.86844845711995:63.030049900443089] [-37.024264467429134:23.620331873829983] [-0.43704843318069425:1.4197284531332079] [0.026322100301778138:0.3867378575489886] [0.011286271818567636:0.07061068702290077] [0.0074931733191771358:0.057025359846079864] [-0.88397725954287043:5.0700000000000003] [0.42594761199470305:1.9990686081936462] [-1:1] [0:0.94286043129335695] [0:0.9749970245452132] [0:4] [1:12] none [0:1] [-7:11] [-0.099859353023910025:0.16856368563685642] [0:1] [-0.10288784967882303:0.08505611680078462] [-0.13986255140503889:0.13160084488587853] [0.0024251968629527628:0.011841457708833433] [-0.22586490939044479:0.19897850606512013] [0.0040695656522785678:0.036437277456277402] [0:1] [-0.22859537662338159:0.23022297972565586] [0:1] none none none
tree_sizes=1261 1400 1416 1201 1419 1308 1201 1204 1511 1188 1096 888 1310 1311 1293 983 762 786 883 993 1204 1097 1383 782 1074 988 1211 971 1100 1067 1200 1614 1495 997 1290 854 941 1098 980 985 1088 1073 1076 1000 1047 993 955 968 776 963

Tree=0
num_leaves=11
num_cat=0
split_feature=28 9 15 17 16 5 15 9 15 16
split_gain=17.9879 21.5475 13.7787 13.7898 8.23028 7.26227 4.11141 2.76436 1.67962 0.386528
threshold=5.5000000000000009 -0.011967696390943781 -7.4354844430146541 -1.0357520607312976 17.318843555737431 0.0027473114458503871 -18.459616405600723 -0.045111610220928793 -16.505078542386929 4.6666865050197801
decision_type=2 2 2 2 2 2 2 2 2 2
left_child=4 7 -3 -4 5 6 -1 -2 -9 -7
right_child=1 2 3 -5 -6 9 -8 8 -10 -11
leaf_value=0.14630949411352631 0.1328594360074776 0.082735643570226114 0.10407211339391792 0.13294847217665529 0.12129293889086326 0.14959655715419076 0.11870213891344551 0.13809738783087724 0.15970210983179914 0.1650207993339505
leaf_weight=7.9647531509399414 7.7158546149730709 8.2136516869068128 22.400868237018585 39.823765754699707 8.7114487588405591 20.907477021217346 7.4669560790061933 8.7114487588405645 10.45373851060867 13.191622406244276
leaf_count=32 31 33 90 160 35 84 30 35 42 53
internal_value=0.132426 0.124498 0.115806 0.121833 0.145266 0.150062 0.132948 0.146365 0.152005 0.157425
internal_weight=155.562 97.3193 70.4383 62.2246 58.2423 49.5308 15.4317 26.881 19.1652 34.0991
internal_count=625 391 283 250 234 199 62 108 77 137
is_linear=0
shrinkage=1


Tree=1
num_leaves=12
num_cat=0
split_feature=28 9 36 38 40 38 16 5 36 23 20
split_gain=17.044 20.4635 10.9855 10.5716 10.1081 8.81647 7.83523 6.90677 4.1562 3.83231 1.11673
threshold=5.5000000000000009 -0.011967696390943781 0.0061623745756878541 0.012454505997219914 0.012513422361671968 0.01021716255666162 17.318843555737431 0.0027473114458503871 0.0061335412762187442 0.88894564203616244 0.018096527342442541
decision_type=2 2 2 2 2 2 2 2 2 2 2
left_child=6 3 4 10 -3 -4 7 8 -1 -9 -2
right_child=1 2 5 -5 -6 -7 -8 9 -10 -11 -12
leaf_value=-0.014325762644496422 0.010757783241724253 0.012457404784111432 -0.040811757890291053 -0.0082091464445828294 -0.016986567844089459 -0.0052718940965167278 -0.011364210562774018 0.0049359452240618018 0.013432201622576153 0.030133184203649105 0.035539425219519083
leaf_weight=7.4650059044361097 7.458808943629271 15.192425385117529 19.930296525359157 10.699252337217329 24.166042149066925 11.210084557533262 8.7178960442543012 9.9409513771533948 7.96597620844841 24.102197408676147 8.6995868384838086
leaf_count=30 30 61 80 43 97 45 35 40 32 97 35
internal_value=-0.000509291 -0.00822484 -0.0166893 0.0130906 -0.00520566 -0.0295608 0.0119942 0.0166832 0 0.0238737 0.027371
internal_weight=155.549 97.3565 70.4988 26.8576 39.3585 31.1404 58.192 49.4741 15.431 34.0431 16.1584
internal_count=625 391 283 108 158 125 234 199 62 137 65
is_linear=0
shrinkage=0.03


Tree=2
num_leaves=12
num_cat=0
split_feature=28 11 37 15 6 11 32 37 3 3 2
split_gain=16.094 11.1818 10.6302 11.4435 9.1793 8.25269 7.55811 7.1592 6.12334 5.02542 3.26542
threshold=5.5000000000000009 0.030580307816585165 0.021192698476839026 -1.7798554907492261 0.0095436129283492637 0.061948845796943715 -0.010189024992825755 -0.0043938986928843118 0.0042700008036163925 0.017836599907822163 -0.01204203591723235
decision_type=2 2 2 2 2 2 2 2 2 2 2
left_child=6 2 4 -4 -2 7 -1 -3 10 -10 -8
right_child=1 5 3 -5 -6 -7 8 -9 9 -11 -12
leaf_value=-0.012635280404167268 0.018301484748463367 -0.0014789668109652569 -0.037299064988564459 0.0035643726395323309 -0.01499470320505404 -0.00017473716423171178 0.0074626257577766787 -0.038446120484009846 -0.0089249508761838122 0.014638247615403313 0.03791732730238314
leaf_weight=7.7100467234849921 28.350699469447136 7.4680300503969219 9.221743971109392 11.707744941115378 7.7238693684339514 14.454571977257727 7.4547930806875256 18.456033498048782 10.183391988277437 20.86009307205677 11.923210516571997
leaf_count=31 114 30 37 47 31 58 30 74 41 84 48
internal_value=-0.000486833 -0.00798306 0.000422942 -0.0154692 0.0103654 -0.019664 0.0116693 -0.0292027 0.0160122 0.00638236 0.0286972
internal_weight=155.514 97.3827 57.0041 20.9295 36.0746 40.3786 58.1315 25.9241 50.4215 31.0435 19.378
internal_count=625 391 229 84 145 162 234 104 203 125 78
is_linear=0
shrinkage=0.03


Tree=3
num_leaves=10
num_cat=0
split_feature=19 17 14 2 20 0 20 14 11
split_gain=8.77504 13.0337 12.606 10.4157 7.58501 6.95983 4.42906 3.63097 1.43275
threshold=0.13922164004803594 2.2189984335934381 33.030015162300295 -0.011738806862937821 0.032326614575740972 -0.011803123965571481 0.020012932061358967 50.935386437745599 -0.0028728459265419666
decision_type=2 2 2 2 2 2 2 2 2
left_child=1 3 8 6 7 -5 -1 -2 -3
right_child=4 2 -4 5 -6 -7 -8 -9 -10
leaf_value=-0.01905286079690291 -0.0052494366651382957 -0.012490236064800689 0.013887736052325529 -0.0076291540378568791 0.0065853235357249563 0.018941822193322935 0.0028489407801803837 -0.030996503587509421 -0.038070278131263131
leaf_weight=11.199934318661692 10.707129120826723 8.9628459066152608 7.4541933536529532 8.4553601592779142 10.203416407108305 56.646624401211739 18.90378625690937 14.453987181186674 8.477100133895874
leaf_count=45 43 36 30 34 41 228 76 58 34
internal_value=-0.000487029 0.00331424 -0.0150404 0.00847857 -0.0132842 0.0151427 -0.0055116 -0.0217856 -0.0283331
internal_weight=155.464 120.1 24.8941 95.2057 35.3645 65.102 30.1037 25.1611 17.4399
internal_count=625 483 100 383 142 262 121 101 70
is_linear=0
shrinkage=0.03


Tree=4
num_leaves=12
num_cat=0
split_feature=28 9 36 38 40 38 38 21 38 38 20
split_gain=15.1146 18.8024 10.2921 9.87403 9.11404 8.01871 4.8246 11.1025 6.97955 5.02234 1.07746
threshold=5.5000000000000009 -0.011967696390943781 0.0061623745756878541 0.012454505997219914 0.012513422361671968 0.01021716255666162 0.0064205304458383296 0.015570936226438679 0.011382375323703722 0.007939838977807331 0.018096527342442541
decision_type=2 2 2 2 2 2 2 2 2 2 2
left_child=6 3 4 10 -3 -4 -1 9 -9 -8 -2
right_child=1 2 5 -5 -6 -7 7 8 -10 -11 -12
leaf_value=0.028951425320130435 0.010281155867211681 0.011993611859159491 -0.039037263288126706 -0.0078629433502276896 -0.015958239435031923 -0.0050631701071722603 -0.020424932570754964 0.029091451608579164 -0.002123039113193045 0.0053576745612546745 0.034514394927918531
leaf_weight=9.8952571004629117 7.4446401149034562 15.171077623963354 19.976110830903057 10.706556618213652 24.200141742825508 11.212373927235602 11.911300197243692 17.617254763841633 7.9511553347110739 10.673716127872465 8.6615531742572767
leaf_count=40 30 61 80 43 97 45 48 71 32 43 35
internal_value=-0.000502245 -0.00776655 -0.0158759 0.0126738 -0.00476575 -0.0283166 0.0112861 0.00634716 0.0193906 -0.0081853 0.0265146
internal_weight=155.421 97.3725 70.5597 26.8127 39.3712 31.1885 58.0487 48.1534 25.5684 22.585 16.1062
internal_count=625 391 283 108 158 125 234 194 103 91 65
is_linear=0
shrinkage=0.03


Tree=5
num_leaves=11
num_cat=0
split_feature=33 23 36 37 37 19 40 12 33 4
split_gain=10.859 13.2336 12.0352 9.39848 7.92814 7.41786 7.62292 6.26578 5.20066 1.34261
threshold=0.62214051312383767 0.90832903609514071 0.008040828320118017 0.014867367559046831 0.0083714322577082018 0.10727329432071545 0.056249465035666198 78.825282250072547 0.30621638592018857 0.020247814418055125
decision_type=2 2 2 2 2 2 2 2 2 2
left_child=2 4 5 -3 -2 6 -1 -5 -7 -6
right_child=1 3 -4 7 9 8 -8 -9 -10 -11
leaf_value=0.018249712111656751 0.0022685715286610191 -0.015644646737536679 0.035763567986146334 0.017680643459454637 -0.010829616295406018 0.0024675311624887467 -0.011075346635209626 -0.0085818445747643263 -0.024704293152259613 -0.035173807529955567
leaf_weight=32.523167416453362 8.7013671547174471 13.924507170915602 11.901646614074705 30.521318838000298 7.4645194113254574 12.676006540656092 8.2222931385040265 8.7053012549877149 8.7167589217424375 14.691330835223196
leaf_count=131 35 56 48 123 30 51 33 35 35 59
internal_value=0.00202523 -0.00518932 0.0103296 0.00369881 -0.0202488 0.00426089 0.0117398 0.011355 -0.00912831 -0.0291687
internal_weight=158.048 84.0083 74.0399 53.1511 30.8572 62.1382 40.7455 39.2266 21.3928 22.1559
internal_count=636 338 298 214 124 250 164 158 86 89
is_linear=0
shrinkage=0.03


Tree=6
num_leaves=10
num_cat=0
split_feature=14 38 17 35 9 32 21 37 20
split_gain=8.52322 11.3197 8.61679 8.90199 6.90745 5.00391 7.69067 2.77506 1.93066
threshold=54.591377630460563 0.0098216860171829439 2.2189984335934381 -0.019552645938641363 0.16265495859554668 0.0085144105271556265 0.015524434584264042 0.0259310074210547 0.020012932061358967
decision_type=2 2 2 2 2 2 2 2 2
left_child=2 4 5 -4 -2 6 -1 -5 -7
right_child=1 -3 3 7 -6 8 -8 -9 -10
leaf_value=-0.0011504238351066978 -0.034991140748134669 0.012439704962772136 0.012203073534955247 -0.029711267161058829 -0.0011884205565667505 0.035502093685659909 0.01695263781374387 -0.0029600605212203842 0.0083107230930035917
leaf_weight=47.648398756980896 13.217439204454424 10.664778724312781 9.6977560520172137 10.210145756602289 10.183300897479056 7.4323423504829389 33.750607863068581 7.4825216978788367 7.6850740611553192
leaf_count=192 53 43 39 41 41 30 136 30 31
internal_value=0.00194909 -0.0107972 0.0056884 -0.0084415 -0.0221235 0.00994056 0.00640236 -0.0206091 0.0251415
internal_weight=157.972 34.0655 123.907 27.3904 23.4007 96.5164 81.399 17.6927 15.1174
internal_count=636 137 499 110 94 389 328 71 61
is_linear=0
shrinkage=0.03


Tree=7
num_leaves=10
num_cat=0
split_feature=33 23 36 37 17 17 37 5 14
split_gain=10.1433 12.4874 11.3424 8.7906 8.06116 12.5193 7.34874 5.75634 0.740469
threshold=0.62214051312383767 0.90832903609514071 0.008040828320118017 0.014867367559046831 2.2189984335934381 -0.87894319940704591 0.0083714322577082018 0.10895894142993547 48.163733031173486
decision_type=2 2 2 2 2 2 2 2 2
left_child=2 6 4 -3 5 -1 -2 -5 -8
right_child=1 3 -4 7 -6 -7 8 -9 -10
leaf_value=-0.0052177495375589442 0.0019768446659472003 -0.015118321275265601 0.034677354661469074 0.019536601615445931 -0.017987436245189226 0.022991899738365403 -0.016746113809500519 -0.0027123274924988781 -0.038210827647619051
leaf_weight=25.842437431216236 8.6920103430748004 13.937228411436079 11.848087474703787 24.264500766992569 9.9764976501464826 26.253524988889698 13.462466672062876 14.905610531568525 8.7214407175779325
leaf_count=104 35 56 48 98 40 106 54 60 35
internal_value=0.00189465 -0.00507254 0.00993296 0.00356253 0.00404075 0.00904554 -0.0196945 0.0109853 -0.0282672
internal_weight=157.904 83.9833 73.9205 53.1073 62.0725 52.096 30.8759 39.1701 22.1839
internal_count=636 338 298 214 250 210 124 158 89
is_linear=0
shrinkage=0.03


Tree=8
num_leaves=13
num_cat=0
split_feature=4 23 11 28 40 26 28 23 9 37 22 38
split_gain=9.10164 12.4987 13.6497 11.3295 7.59547 6.99063 4.95748 4.61682 5.41787 4.6032 3.44216 3.16017
threshold=-0.0058379666076440176 0.92765791852085899 0.023444184641788216 8.5000000000000018 0.018746010933414329 0.21927932579758277 6.5000000000000009 0.96553072527023531 -0.013415885809228915 0.016216918756090663 -0.022877682710976618 0.010674946576874482
decision_type=2 2 2 2 2 2 2 2 2 2 2 2
left_child=5 2 3 -2 10 7 -6 -1 -9 -4 -3 -7
right_child=1 4 9 -5 6 11 -8 8 -10 -11 -12 -13
leaf_value=0.014313286598397784 0.015680841985899197 0.0056785945097774194 -0.0084765351684588444 -0.020981480203953219 0.02223978349501295 0.029301932130157405 -0.00053060526425603521 0.005225655073678565 -0.024567048128711834 -0.043284007444058185 -0.016669884392098135 0.005886739432498931
leaf_weight=11.155811816453935 15.376823186874391 8.2037093341350573 7.7133162468671825 11.456432610750197 22.459641054272652 16.809682577848438 11.202359616756437 9.6324875950813311 7.9726239889860144 11.97219158709049 12.431649208068846 11.411693066358565
leaf_count=45 62 33 31 46 91 68 45 39 32 48 50 46
internal_value=0.0018247 -0.00347825 -0.0146739 0 0.00602765 0.0112611 0.0146366 0.000133037 -0.00863094 -0.0323768 -0.00740572 0.0213462
internal_weight=157.798 100.816 46.5188 26.8333 54.2974 56.9823 33.662 28.7609 17.6051 19.6855 20.6354 28.2214
internal_count=636 406 187 108 219 230 136 116 71 79 83 114
is_linear=0
shrinkage=0.03


Tree=9
num_leaves=10
num_cat=0
split_feature=12 19 15 19 34 19 8 40 7
split_gain=9.4146 7.16695 7.77032 9.44343 9.2488 6.4708 10.3706 6.447 4.86268
threshold=45.429255017857791 0.064149129492033719 38.692637976113808 0.095315314506887516 -0.014559244352543519 0.10727329432071545 -0.046393176329304626 0.022709992043297381 -0.015023651632149184
decision_type=2 2 2 2 2 2 2 2 2
left_child=5 7 4 -4 -3 8 -7 -2 -1
right_child=1 2 3 -5 -6 6 -8 -9 -10
leaf_value=0.0062194114488061418 0.0017547446493470136 -0.010870998409793739 0.017714889665325619 -0.015025969609910532 0.016972409977862809 0.02408491027758343 -0.015372432459605295 -0.030157932662330994 0.034463565791943131
leaf_weight=12.859913155436518 7.6766600757837322 12.903988659381865 7.9011650979518881 35.304033741354942 34.674328818917274 7.9186844825744656 13.149032264947889 12.446004360914229 12.85272306203842
leaf_count=52 31 52 32 142 140 32 53 50 52
internal_value=0.00176551 -0.00290845 0.000649892 -0.0081878 0.00898438 0.0128189 0 -0.0182474 0.0223471
internal_weight=157.687 110.906 90.7835 43.2052 47.5783 46.7804 21.0677 20.1227 25.7126
internal_count=636 447 366 174 192 189 85 81 104
is_linear=0
shrinkage=0.03


Tree=10
num_leaves=9
num_cat=0
split_feature=28 9 15 11 9 33 17 3
split_gain=11.3517 16.5752 8.7842 12.2282 8.08758 5.13957 3.88955 2.57613
threshold=5.5000000000000009 -0.011967696390943781 -5.5153413404495488 0.0099130890744230111 -0.035000929847916466 0.92978327612306255 -3.2732931959661964 0.026274577315830498
decision_type=2 2 2 2 2 2 2 2
left_child=5 4 -3 -4 -2 6 -1 -8
right_child=1 2 3 -5 -6 -7 7 -9
leaf_value=-0.0020131805536363306 -0.0043345769037118759 -0.040634815619736871 0.012858464245560674 -0.016279399784024751 0.026368495738616875 -0.0068648109595313344 0.011549609923195207 0.031184106474151096
leaf_weight=7.9450197219848624 11.648607298731806 7.7358195483684531 15.408403784036635 46.827317953109741 15.502588823437689 9.649264454841612 27.405542120337486 11.328176185488699
leaf_count=32 47 31 62 188 63 39 111 46
internal_value=0.000392197 -0.00569285 -0.013431 -0.00865615 0.0132878 0.0109769 0.0151037 0.0189094
internal_weight=153.451 97.1227 69.9715 62.2357 27.1512 56.328 46.6787 38.7337
internal_count=619 391 281 250 110 228 189 157
is_linear=0
shrinkage=0.03


Tree=11
num_leaves=7
num_cat=0
split_feature=15 38 19 5 26 7
split_gain=11.1188 9.20095 8.94446 8.54709 7.02914 0.63568
threshold=-41.343136849403066 0.012557300122894317 0.13757558997141264 0.072810868284734834 0.16666920979817709 0.0035042231039373916
decision_type=2 2 2 2 2 2
left_child=-1 2 3 -2 -4 -3
right_child=1 5 4 -5 -6 -7
leaf_value=0.026889442709726111 0.00082811178359737674 -0.029993248284031972 0.005477579355086735 0.023669623087961372 -0.022875375290196277 -0.0091518134565908901
leaf_weight=11.124953120946882 80.677693456411362 7.4619512408971769 10.192165866494181 16.534456729888916 19.652006417512894 7.7009103298187256
leaf_count=45 326 30 41 67 79 31
internal_value=0.00037982 -0.001934 0.000725697 0.00526317 -0.0129856 -0.0225822
internal_weight=153.344 142.219 127.056 97.2122 29.8442 15.1629
internal_count=619 574 513 393 120 61
is_linear=0
shrinkage=0.03


Tree=12
num_leaves=11
num_cat=0
split_feature=28 9 38 40 33 37 21 33 17 26
split_gain=10.6207 15.752 8.71193 8.4368 9.12258 8.42645 4.98522 4.85791 3.57011 3.32778
threshold=5.5000000000000009 -0.011967696390943781 0.012673391633790916 0.0057617531057838631 0.67901701541891912 0.046902554699084227 0.014245161015961733 0.92978327612306255 -3.2732931959661964 0.44373815705502234
decision_type=2 2 2 2 2 2 2 2 2 2
left_child=7 2 6 4 -3 -5 -2 8 -1 -10
right_child=1 3 -4 5 -6 -7 -8 -9 9 -11
leaf_value=-0.001707690744799494 0.0036042346338056308 0.013999736304068542 -0.0067253046473691779 -0.028975696706215918 -0.017594488988042379 0.00074764247741408881 0.03874792648154407 -0.0066952542474335262 0.023217821754401215 0.0012039029539041152
leaf_weight=7.9507771283388129 7.6295344531536164 15.893423169851305 10.443704485893248 30.683538287878036 13.193676605820654 10.196538895368574 9.0288631618022901 9.6495207250118238 28.753316193819046 9.8723821192979795
leaf_count=32 31 64 42 123 53 41 37 39 117 40
internal_value=0.000366801 -0.00551499 0.0130013 -0.0130578 -5.86021e-05 -0.021523 0.0255677 0.0106195 0.0146434 0.0182967
internal_weight=153.295 97.0693 27.1021 69.9672 29.0871 40.8801 16.6584 56.226 46.5765 38.6257
internal_count=619 391 110 281 117 164 68 228 189 157
is_linear=0
shrinkage=0.03


Tree=13
num_leaves=11
num_cat=0
split_feature=28 9 38 40 10 8 16 38 23 34
split_gain=10.002 14.9459 8.33968 7.95288 8.04484 7.84916 3.36135 3.51761 6.35942 0.7269
threshold=5.5000000000000009 -0.011967696390943781 0.012673391633790916 0.0057617531057838631 0.0028800158822698267 0.049074398669237941 16.366976098960716 0.010926169668663256 0.90377930088838065 0.013821019345783616
decision_type=2 2 2 2 2 2 2 2 2 2
left_child=6 2 9 4 -3 -5 7 8 -1 -2
right_child=1 3 -4 5 -6 -7 -8 -9 -10 -11
leaf_value=0.0001120559131936158 0.032333758071418771 0.014647449496462853 -0.0065537363019159914 -0.027665033820448617 -0.014933931152925609 0.0017858358637397335 -0.0056719494805684452 -0.00013439546327668756 0.026550606850133451 0.010484684362173322
leaf_weight=13.852522775530813 8.7454740852117592 14.140637904405596 10.447888180613516 31.670159041881561 14.937726259231566 9.2114210426807386 7.7095076739788047 11.333104386925696 23.250173538923264 7.8545871078968039
leaf_count=56 36 57 42 127 60 37 31 46 95 32
internal_value=0.000364231 -0.00534107 0.0127095 -0.0126875 -4.91551e-05 -0.0209056 0.0103245 0.013292 0.0175738 0.025041
internal_weight=153.153 97.0079 27.0479 69.9599 29.0784 40.8816 56.1453 48.4358 37.1027 16.6001
internal_count=619 391 110 281 117 164 228 197 151 68
is_linear=0
shrinkage=0.03


Tree=14
num_leaves=11
num_cat=0
split_feature=11 38 11 34 26 13 21 10 36 4
split_gain=8.03586 7.87276 7.27257 6.31057 5.54805 4.55991 4.32554 4.10629 5.93421 0.752521
threshold=0.031151697539379856 0.0064205304458383296 0.053134840563286552 0.023798587721067469 0.062573404671799573 -4.1539213232245968 0.015435163158199658 0.031085968047285809 0.0050549896365396094 0.023192513774987215
decision_type=2 2 2 2 2 2 2 2 2 2
left_child=1 -1 5 4 -3 -2 -5 8 -4 -7
right_child=2 3 7 6 -6 9 -8 -9 -10 -11
leaf_value=0.032699558198315291 0 -0.00974006589296488 0.022800812523451966 -0.021240677830272389 0.01238500538968028 -0.011964228100934424 0.0037772105293410172 -0.0095789460381413023 -0.0063131785207304674 -0.031886585384806883
leaf_weight=7.2970749139785758 9.3882342725992221 10.38891790807247 11.865371450781824 11.632434055209162 49.11184449493885 10.156762510538103 8.9222010821104032 14.164389386773108 9.1559139341115934 10.912011727690695
leaf_count=30 38 42 48 47 199 41 36 57 37 44
internal_value=0.00036606 0.00635746 -0.00733734 0.00303508 0.00808692 -0.0176292 -0.0103441 0.00163705 0.0100217 -0.0248026
internal_weight=152.995 87.3525 65.6427 80.0554 59.5008 30.457 20.5546 35.1857 21.0213 21.0688
internal_count=619 354 265 324 241 123 83 142 85 85
is_linear=0
shrinkage=0.03


Tree=15
num_leaves=8
num_cat=0
split_feature=32 0 28 28 8 32 16
split_gain=5.67311 7.99023 6.64365 10.3492 10.1543 4.50427 4.04612
threshold=-0.01349375225472149 0.014239873508027025 5.5000000000000009 1.5000000000000002 0.0043995587827444409 0.0052863482793428238 6.3778211279049968
decision_type=2 2 2 2 2 2 2
left_child=-1 2 3 -2 -4 -3 -7
right_child=1 5 4 -5 -6 6 -8
leaf_value=-0.01876915176718796 -0.0082841625393529385 -0.027995564438495567 0.010478578973214409 0.023445350060108065 -0.011124280284862681 -0.013563164123479386 0.010469744114739034
leaf_weight=10.903578609228132 10.849303930997847 8.1865754127502459 38.858581259846687 30.931645676493645 35.596860736608505 11.884183824062349 9.1747379153966886
leaf_count=44 44 33 158 126 143 48 37
internal_value=0.000201187 0.00195993 0.00558669 0.0148614 0 -0.0114095 -0.0024423
internal_weight=156.385 145.482 116.236 41.7809 74.4554 29.2455 21.0589
internal_count=633 589 471 170 301 118 85
is_linear=0
shrinkage=0.03


Tree=16
num_leaves=6
num_cat=0
split_feature=15 15 12 16 21
split_gain=9.02216 5.92587 6.52516 6.21038 4.80508
threshold=-41.343136849403066 -12.41207069040272 80.493101083864801 11.604661629625753 0.014998103443507309
decision_type=2 2 2 2 2
left_child=-1 4 3 -3 -2
right_child=1 2 -4 -5 -6
leaf_value=0.024666573298966578 -0.026890380668911789 0 -0.019189507831288297 0.018524295058826121 -5.2657077922348154e-05
leaf_weight=10.558544754981993 11.89619202911854 92.504105180501938 10.897744625806807 17.833123669028282 12.601633518934248
leaf_count=43 48 375 44 72 51
internal_value=0.000173655 -0.00180927 0.000869514 0.00329059 -0.0146972
internal_weight=156.291 145.733 121.235 110.337 24.4978
internal_count=633 590 491 447 99
is_linear=0
shrinkage=0.03


Tree=17
num_leaves=6
num_cat=0
split_feature=15 24 38 12 13
split_gain=8.59855 5.80736 6.91278 4.42641 3.37705
threshold=-41.343136849403066 0.68356835544076378 0.0064205304458383296 79.773720814704447 3.5171802458707266
decision_type=2 2 2 2 2
left_child=-1 2 -2 -4 -3
right_child=1 4 3 -5 -6
leaf_value=0.024110226057798924 0.023771542976601757 -0.0025763087815870475 0.00019224100715408215 -0.021082599969204235 -0.028334650419194963
leaf_weight=10.524779960513113 8.6959896236658079 11.334176540374758 109.53757439553738 7.4553125649690619 8.7043023705482465
leaf_count=43 36 46 443 30 35
internal_value=0.000162269 -0.00176877 0.000598014 -0.00136899 -0.0160018
internal_weight=156.252 145.727 125.689 116.993 20.0385
internal_count=633 590 509 473 81
is_linear=0
shrinkage=0.03


Tree=18
num_leaves=7
num_cat=0
split_feature=15 15 9 28 23 27
split_gain=8.19524 5.61128 5.00004 7.3782 4.49804 1.20768
threshold=-41.343136849403066 -12.41207069040272 -0.01130130175461028 6.5000000000000009 0.86582036798842721 2.5000000000000004
decision_type=2 2 2 2 2 2
left_child=-1 4 -3 -4 -2 -6
right_child=1 2 3 -5 5 -7
leaf_value=0.023571013343340944 0.0031181400900957704 0.016557434864814667 0.0058725813128971171 -0.0095687951047010375 -0.0089311179137381499 -0.031022224217442957
leaf_weight=10.488875329494475 7.41575959324837 14.075787246227263 56.614397749304771 50.49590739607811 9.1688387691974658 7.9220547229051581
leaf_count=43 30 58 230 203 37 32
internal_value=0.000153303 -0.00172741 0.000877283 -0.00131156 -0.0142679 -0.0221338
internal_weight=156.182 145.693 121.186 107.11 24.5067 17.0909
internal_count=633 590 491 433 99 69
is_linear=0
shrinkage=0.03


Tree=19
num_leaves=8
num_cat=0
split_feature=15 19 19 26 11 26 25
split_gain=7.80964 7.55086 11.8288 7.24775 6.88006 4.45302 2.40066
threshold=-41.343136849403066 0.13922164004803594 0.064149129492033719 0.17155205625627198 0.061948845796943715 0.11215932914046123 0.18310015344862662
decision_type=2 2 2 2 2 2 2
left_child=-1 2 5 -3 -4 -2 -5
right_child=1 3 4 6 -6 -7 -8
leaf_value=0.023048007991697865 -0.031692229548252231 0.0031222669701420069 0.0026071058268919106 -0.033667635625626087 0.023289977822580243 -0.0043397178874302091 -0.008708954058600853
leaf_weight=10.451039731502531 7.9522891491651562 12.382325887680052 70.362709566950798 10.696009248495104 17.258571624755859 16.820707693696022 10.171911060810087
leaf_count=43 32 50 286 43 70 68 41
internal_value=0.000148834 -0.0016827 0.00196777 -0.0138593 0.00727717 -0.0153919 -0.0239833
internal_weight=156.096 145.645 112.394 33.2502 87.6213 24.773 20.8679
internal_count=633 590 456 134 356 100 84
is_linear=0
shrinkage=0.03


Tree=20
num_leaves=10
num_cat=0
split_feature=19 21 17 17 32 19 2 23 15
split_gain=7.50162 18.6982 6.98677 7.04994 6.87166 5.18027 3.73752 1.03661 0.0581319
threshold=0.13757558997141264 0.040273330896256065 2.2189984335934381 4.3403489720046844 0.0085144105271556265 0.060592147993778829 -0.014729964883334555 0.92765791852085899 39.737373491678788
decision_type=2 2 2 2 2 2 2 2 2
left_child=2 6 4 7 5 -1 -2 -4 -8
right_child=1 -3 3 -5 -6 -7 8 -9 -10
leaf_value=-0.011856275123211269 -0.0042755822698059944 0.020096124932727617 -0.0086008935633337478 0.006463361802499467 0.023134070908996648 0.0054706435963808499 -0.015582618322959223 -0.031056859706961835 -0.037993107569148053
leaf_weight=18.059325158596039 7.6983854919672039 8.8246389180421811 7.6730948239564958 9.5968259721994382 13.911860749125479 64.378658056259155 7.4478347599506405 8.4328360408544523 12.445431113243101
leaf_count=73 31 36 31 39 57 262 30 34 50
internal_value=-0.00232958 -0.0139259 0.00117819 -0.0119935 0.0050169 0.00130634 -0.0259369 -0.0233188 -0.032478
internal_weight=158.469 36.4163 122.053 25.7028 96.3498 82.438 27.5917 16.1059 19.8933
internal_count=643 147 496 104 392 335 111 65 80
is_linear=0
shrinkage=0.03


Tree=21
num_leaves=9
num_cat=0
split_feature=19 21 11 11 38 36 2 4
split_gain=7.12298 17.8171 6.36954 8.20442 9.63552 5.17999 3.534 1.3412
threshold=0.13757558997141264 0.040273330896256065 0.067106064558478021 0.032132630562765614 0.0071143805668462496 0.00760446360765783 -0.014729964883334555 0.055464200451741615
decision_type=2 2 2 2 2 2 2 2
left_child=2 6 3 4 -1 -5 -2 -8
right_child=1 -3 -4 5 -6 -7 7 -9
leaf_value=0.023987754332697096 -0.0041734308962089522 0.019646701802227103 0.018722483468716026 -0.021011212545084517 -0.0014126768247072932 0.0043743397400561584 -0.042299317247363827 -0.016630783174784426
leaf_weight=14.798087835311888 7.6991522163152721 8.8018060475587827 14.233500093221663 22.76203811168671 62.070612832903862 8.1202806830406171 8.9517579227685946 10.935846433043478
leaf_count=61 31 36 58 92 252 33 36 44
internal_value=-0.00228396 -0.0135885 0.00113206 -0.00135373 0.0037713 -0.01402 -0.0253108 -0.0316794
internal_weight=158.373 36.3886 121.985 107.751 76.8687 30.8823 27.5868 19.8876
internal_count=643 147 496 438 313 125 111 80
is_linear=0
shrinkage=0.03


Tree=22
num_leaves=12
num_cat=0
split_feature=19 19 28 5 37 36 36 19 3 2 3
split_gain=6.79586 11.2089 7.0125 8.34764 6.4347 8.12194 5.63723 5.58964 4.65154 4.51934 3.77059
threshold=0.13757558997141264 0.30877603602376519 8.5000000000000018 0.010664822440438095 0.03159189211310743 0.0061508225952353109 0.0062550648346461181 0.0713817193264452 0.0087013011291408055 -0.014729964883334555 0.036274873404949066
decision_type=2 2 2 2 2 2 2 2 2 2 2
left_child=2 9 4 7 8 -6 -5 -4 -1 -2 -11
right_child=1 -3 3 6 5 -7 -8 -9 -10 10 -12
leaf_value=0.0081664997551249788 -0.00011328523301860834 0.015756632243548625 -0.015059579807815646 -0.0018216055901623296 0 0.032756744795126511 -0.033628818450601609 0.011149557895847697 -0.010495822779437601 -0.03817182791459979 -0.0077126828734337075
leaf_weight=26.477417454123497 7.9356637150049236 7.3396450877189627 8.4059623628854769 10.19741113483906 11.531300574541094 13.782061696052549 11.190668970346449 21.571587100625038 18.761868476867676 12.663562655448915 8.417794540524481
leaf_count=108 32 30 34 41 47 57 45 88 76 51 34
internal_value=-0.0022236 -0.0132714 0.0011109 -0.00702141 0.00726869 0.0187716 -0.0205577 0.00284898 0 -0.02164 -0.0283815
internal_weight=158.275 36.3567 121.918 51.3656 70.5526 25.3134 21.3881 29.9775 45.2393 29.017 21.0814
internal_count=643 147 496 208 288 104 86 122 184 117 85
is_linear=0
shrinkage=0.03


Tree=23
num_leaves=6
num_cat=0
split_feature=21 14 39 5 15
split_gain=5.94084 8.3196 5.75683 12.865 7.50624
threshold=0.040273330896256065 104.87879910971175 1.0000000180025095e-35 0.020490225184604197 -12.057716761793511
decision_type=2 2 2 2 2
left_child=1 2 3 -1 -4
right_child=-2 -3 4 -5 -6
leaf_value=0.0037579118493509828 0.019168944939331665 -0.02877546180257276 -0.012623314213595782 -0.036690306774066109 0.0052925322995768138
leaf_weight=14.298203483223917 8.7700329124927503 9.174580052495001 25.09000226855278 10.454794928431509 90.349229201674461
leaf_count=58 36 37 102 42 368
internal_value=-0.00217958 -0.00376886 -0.00164515 -0.014231 0.00112225
internal_weight=158.137 149.367 140.192 24.753 115.439
internal_count=643 607 570 100 470
is_linear=0
shrinkage=0.03


Tree=24
num_leaves=9
num_cat=0
split_feature=15 25 25 17 35 2 23 25
split_gain=4.58067 6.32812 9.57952 13.3578 6.002 5.29715 3.52215 3.40982
threshold=-43.747113378490397 0.15342679276510368 0.25715365437290599 -1.1222914547045975 0.039027212967684639 0.013611229537949467 1.15185407676983 0.070088286924505847
decision_type=2 2 2 2 2 2 2 2
left_child=-1 4 5 -4 6 -3 -2 -6
right_child=1 2 3 -5 7 -7 -8 -9
leaf_value=0.016225261778940261 -0.02358281514452084 0.023176772708747167 -0.02527649457757742 0.003839855392130049 0.010403438050186158 -0.00094289660055017852 0 -0.011096963587374852
leaf_weight=9.1586144864559156 26.824180126190186 19.655226305127147 18.772725507616997 41.482906877994537 12.862941503524782 11.093568116426466 8.3484831899404508 9.8778770267963392
leaf_count=38 109 80 76 169 52 45 34 40
internal_value=-0.00213082 -0.00355919 0.00125219 -0.00551105 -0.0111595 0.0144907 -0.0186003 0.000315969
internal_weight=158.077 148.918 91.0044 60.2556 57.9135 30.7488 35.1727 22.7408
internal_count=643 605 370 245 235 125 143 92
is_linear=0
shrinkage=0.03


Tree=25
num_leaves=8
num_cat=0
split_feature=15 15 11 21 23 38 36
split_gain=6.59986 6.09033 12.9054 7.36112 6.81455 5.89059 5.53051
threshold=-41.343136849403066 -2.1466158519247851 0.0099130890744230111 0.012449041602479687 0.90377930088838065 0.011418544105874319 0.007376851008273979
decision_type=2 2 2 2 2 2 2
left_child=-1 3 6 -2 -4 -5 -3
right_child=1 2 4 5 -6 -7 -8
leaf_value=0.023759198707811104 -0.026112685278077648 0.034121953314912738 -0.013131216076994794 0.010828288803629562 0.0048054750227986926 -0.014692840959410931 0.0010303865208593083
leaf_weight=10.108675539493559 12.619464144110678 14.058332666754724 26.203464820981026 17.109458670020107 56.01138824224472 12.178804308176039 7.8639700412750235
leaf_count=42 51 57 106 70 228 49 32
internal_value=0.00244109 0.000563169 0.00453688 -0.00872643 -0.000909264 0 0.0239569
internal_weight=156.154 146.045 104.137 41.9077 82.2149 29.2883 21.9223
internal_count=635 593 423 170 334 119 89
is_linear=0
shrinkage=0.03


Tree=26
num_leaves=10
num_cat=0
split_feature=9 28 21 5 23 38 25 26 32
split_gain=5.38975 11.4716 7.29936 10.0468 4.35201 6.03025 4.14032 5.27921 4.41256
threshold=-0.018575677033641495 6.5000000000000009 0.018484478465921793 0.010664822440438095 0.87687201124730463 0.010926169668663256 0.15342679276510368 0.38408902962753444 -0.0060104097033523698
decision_type=2 2 2 2 2 2 2 2 2
left_child=4 6 3 -3 -1 -6 7 -2 -8
right_child=1 2 -4 -5 5 -7 8 -9 -10
leaf_value=0.029501180747524374 -0.011885551909261173 0.011984900557503855 -0.027917658780245307 -0.013538879473072304 0.018345570777287028 -0.0082503285866556558 -0.0029259304748680002 0.016542673580102443 0.020760403870844199
leaf_weight=8.2916917055845243 13.557746767997743 20.670157074928284 12.618626087903975 32.995112031698227 13.079250678420069 13.047462180256842 7.3777217715978614 7.3666190505027762 27.032615453004837
leaf_count=34 55 84 51 133 54 53 30 30 111
internal_value=0.00238059 -0.000524889 -0.00893641 -0.00336107 0.0125241 0.00488827 0.00924966 -0.000652733 0.0153882
internal_weight=156.037 121.619 66.2839 53.6653 34.4184 26.1267 55.3347 20.9244 34.4103
internal_count=635 494 268 217 141 107 226 85 141
is_linear=0
shrinkage=0.03


Tree=27
num_leaves=8
num_cat=0
split_feature=9 14 39 10 18 19 9
split_gain=5.13862 14.7992 8.28625 6.36575 4.0167 3.5003 1.11613
threshold=-0.018575677033641495 -6.1421240130217702 1.0000000180025095e-35 0.0028800158822698267 0.20189531029629509 0.11348774551426517 -0.0086422765869682439
decision_type=2 2 2 2 2 2 2
left_child=4 6 -3 -4 -1 -6 -2
right_child=1 2 3 -5 5 -7 -8
leaf_value=0 -0.01021659960869184 -0.01644999011815294 0.019917607193784173 0.001944363958665026 0.030084168326011799 0.0025954615471837678 -0.034297135935360497
leaf_weight=14.414927199482916 7.7840210497379294 13.64427490532398 23.374299451708794 68.545499190688133 11.410770058631899 8.5268406420946103 8.1637147814035398
leaf_count=59 32 55 95 279 47 35 33
internal_value=0.00232158 -0.000512764 0.00358124 0.00700131 0.0122365 0.0203201 -0.0258275
internal_weight=155.864 121.512 105.564 91.9198 34.3525 19.9376 15.9477
internal_count=635 494 429 374 141 82 65
is_linear=0
shrinkage=0.03


Tree=28
num_leaves=9
num_cat=0
split_feature=9 14 39 17 33 34 34 9
split_gain=4.91142 14.0999 7.85895 6.57102 4.3097 6.03179 1.36229 1.052
threshold=-0.018575677033641495 -6.1421240130217702 1.0000000180025095e-35 -1.0623984375848987 0.24651566256466109 -0.0073404569576469561 -0.0088860967055880962 -0.0086422765869682439
decision_type=2 2 2 2 2 2 2 2
left_child=4 7 -3 -4 5 -1 -6 -2
right_child=1 2 3 -5 6 -7 -8 -9
leaf_value=0.016632921578198394 -0.0099637644839207836 -0.016024095244406438 -0.0034850527936630725 0.012696665253533222 0.0073368597588914673 -0.015013205447000553 0.030148258891997556 -0.03350006618409352
leaf_weight=8.9551295340061206 7.7927136719226828 13.639929458498953 32.76851698756218 59.101012647151947 7.9608593881130245 8.6503925472497922 8.7299203127622587 8.154925271868704
leaf_count=37 32 55 133 241 33 35 36 33
internal_value=0.0022511 -0.000516533 0.0034787 0.00681381 0.0119541 0.000373327 0.0220199 -0.0252269
internal_weight=155.753 121.457 105.509 91.8695 34.2963 17.6055 16.6908 15.9476
internal_count=635 494 429 374 141 72 69 65
is_linear=0
shrinkage=0.03


Tree=29
num_leaves=9
num_cat=0
split_feature=15 15 11 9 34 19 12 34
split_gain=6.02243 5.76556 12.0694 5.81846 7.76572 5.50742 5.30105 4.80089
threshold=-41.343136849403066 -2.1466158519247851 0.0099130890744230111 -0.01130130175461028 0.004812674851750077 0.13031121755990863 49.64948909412459 -0.0093967307369348645
decision_type=2 2 2 2 2 2 2 2
left_child=-1 3 7 6 -5 -4 -2 -3
right_child=1 2 5 4 -6 -7 -8 -9
leaf_value=0.022631897847323033 -0.0081986965802873825 0.00058431010476853304 0.0040250253918135501 0 -0.040115985792972361 -0.012215913656833621 0.018856335498969017 0.032134827660195188
leaf_weight=9.9967509657144529 19.38462865352631 7.3417678624391582 56.593794852495193 7.3801626414060575 7.6409937292337418 25.418340563774109 7.3753245770931235 14.479083046317099
leaf_count=42 79 30 231 30 31 103 30 59
internal_value=0.0021758 0.000382218 0.0042606 -0.00866793 -0.022381 -0.00100103 0 0.0230895
internal_weight=155.611 145.614 103.833 41.7811 15.0212 82.0121 26.76 21.8209
internal_count=635 593 423 170 61 334 109 89
is_linear=0
shrinkage=0.03


Tree=30
num_leaves=10
num_cat=0
split_feature=23 36 36 11 19 3 23 23 3
split_gain=6.52903 9.32796 7.65081 7.44985 10.3136 5.48853 6.00537 5.23619 2.03863
threshold=1.1800598222084548 0.0054101259058263402 0.0063280936571889638 0.0093391764855766963 0.093269443555499223 1.0000000180025095e-35 0.90377930088838065 0.86582036798842721 -0.0015179114938709823
decision_type=2 2 2 2 2 2 2 2 2
left_child=1 5 8 7 -5 -1 -7 -3 -2
right_child=2 3 -4 4 -6 6 -8 -9 -10
leaf_value=0.022436566309479981 -0.010625111735035582 0.01712125181824941 0.029112719594034907 0.0026063081907475917 -0.027178288075740527 -0.012519311351975029 0.014128814992526316 -0.0049859376163090196 0.0088457141519758132
leaf_weight=16.403498962521553 7.3945733457803726 11.875858053565024 13.530515030026434 15.149042174220083 25.02892404794693 13.063249573111536 13.27477768063545 28.593335673213005 7.8941099643707293
leaf_count=67 30 49 56 62 102 53 54 117 32
internal_value=0.00188131 -0.00107445 0.0142715 -0.00713719 -0.0160013 0.00983749 0.000431681 0.00164909 0
internal_weight=152.208 123.389 28.8192 80.6472 40.178 42.7415 26.338 40.4692 15.2887
internal_count=622 504 118 330 164 174 107 166 62
is_linear=0
shrinkage=0.03


Tree=31
num_leaves=14
num_cat=0
split_feature=33 28 23 34 15 38 21 5 9 21 26 34 9
split_gain=6.48479 9.59556 8.81898 7.73293 5.79892 5.55718 5.34977 5.21011 12.4672 6.84529 4.54853 3.0384 3.0071
threshold=0.63145721760671569 5.5000000000000009 1.0544374190776449 -0.0088860967055880962 38.692637976113808 0.0098417179683926315 0.014797296993646264 -0.024054623174239561 -0.011967696390943781 0.015435163158199658 0.21927932579758277 -0.0017128926264934339 0.023606521189883375
decision_type=2 2 2 2 2 2 2 2 2 2 2 2 2
left_child=7 3 5 -2 -5 -3 -4 8 9 -1 11 -9 -12
right_child=1 2 6 4 -6 -7 -8 10 -10 -11 12 -13 -14
leaf_value=-0.0095504394301472416 -0.01387187340638093 -0.038781309586908654 0.017840474941612734 0.029084754135422594 0.00082031505395430116 -0.008556738458133966 -0.012909744108651937 -0.0066495265284245569 -0.027499003578996591 0.019960627336880189 0.036898180963093719 0.013922902244450251 0.006651613013217309
leaf_weight=8.5233994275331515 9.3432282805442792 11.08249442279339 8.6653900593519229 11.934377878904344 14.688621878623961 14.837220087647436 7.4576977938413611 9.0533441603183764 8.8872342407703382 18.552098974585533 9.4762450158596057 12.271371170878409 7.304112270474433
leaf_count=35 38 45 35 50 60 60 30 37 36 77 39 50 30
internal_value=0.00184485 -0.00401996 -0.0135833 0.00689076 0.0151615 -0.0238694 0.00293433 0.0081622 0 0.0101367 0.0155975 0.00472458 0.0266417
internal_weight=152.077 78.009 42.0428 35.9662 26.623 25.9197 16.1231 74.0678 35.9627 27.0755 38.1051 21.3247 16.7804
internal_count=622 318 170 148 110 105 65 304 148 112 156 87 69
is_linear=0
shrinkage=0.03


Tree=32
num_leaves=13
num_cat=0
split_feature=33 28 23 26 21 16 36 8 23 22 33 35
split_gain=6.16151 9.12947 8.39478 5.39984 5.10018 4.99392 4.98599 7.53991 7.09243 6.77512 4.34412 2.3385
threshold=0.63145721760671569 5.5000000000000009 1.0544374190776449 0.29520835721673305 0.014797296993646264 13.223487380093461 0.0081862498936358784 -0.012762362317478569 0.86582036798842721 -0.1024320811623549 0.89031924508357763 0.002636271736542906
decision_type=2 2 2 2 2 2 2 2 2 2 2 2
left_child=6 3 5 10 -4 -3 7 8 -1 -9 -2 -5
right_child=1 2 4 11 -6 -7 -8 9 -10 -11 -12 -13
leaf_value=0.016780357445979791 0.026484153381013367 -0.031881224990222466 0.017416300326043979 -0.01623158102663012 -0.012608468563656331 -0.0018817608070074601 0.025247224406833642 -0.0031103955121830401 -0.012943822030633755 0.024729586918836883 0 0.0043410332789101799
leaf_weight=7.5306722819805136 12.082389146089556 17.284614905714992 8.6589484959840792 7.6200932264327985 7.4546547383069983 8.5925559252500516 10.911483168601988 10.535272419452669 25.962483480572701 19.001234441995621 8.9492797255516034 7.2537548840045929
leaf_count=31 50 70 35 31 30 35 46 43 106 78 37 30
internal_value=0.00179262 -0.00392454 -0.01326 0.00672099 0.00283934 -0.0233076 0.00795785 0.00404967 -0.005269 0.0147563 0.016097 -0.00598432
internal_weight=151.837 77.8963 41.9908 35.9055 16.1136 25.8772 73.9411 63.0297 33.4932 29.5365 21.0317 14.8738
internal_count=622 318 170 148 65 105 304 258 137 121 87 61
is_linear=0
shrinkage=0.03


Tree=33
num_leaves=8
num_cat=0
split_feature=38 18 36 36 20 2 6
split_gain=5.56354 6.25929 7.32288 6.54243 9.83108 6.39584 4.64117
threshold=0.006148583355791791 0.56378980381761401 0.005142851287573272 0.0080213846019836638 0.027561071546540149 0.036901445039231769 0.017216645618422181
decision_type=2 2 2 2 2 2 2
left_child=-1 3 6 4 -2 -4 -3
right_child=1 2 5 -5 -6 -7 -8
leaf_value=0.023157190377332233 0.0080128196300871292 0.014850642205361385 -0.017658230851514089 0.025683420099934517 -0.022071956388516251 0.0096806530350779744 -0.0084371455194078172
leaf_weight=8.2129528522491437 47.308969974517822 17.674324750900272 39.528882384300232 11.349584281444548 10.104117482900618 7.3392668366432181 10.130740016698836
leaf_count=35 194 72 161 48 41 30 41
internal_value=0.00175218 0.000121816 -0.00571371 0.0066533 0.00190097 -0.0128492 0.0058657
internal_weight=151.649 143.436 74.6732 68.7627 57.4131 46.8681 27.8051
internal_count=622 587 304 283 235 191 113
is_linear=0
shrinkage=0.03


Tree=34
num_leaves=11
num_cat=0
split_feature=23 36 36 7 23 14 17 3 21 36
split_gain=5.82462 8.59255 6.97081 5.95745 6.48662 5.94441 5.48095 1.88564 1.88239 1.48258
threshold=1.1800598222084548 0.0054101259058263402 0.0063280936571889638 0.0050402287919046841 0.90377930088838065 50.935386437745599 2.8362716753262123 -0.0015179114938709823 0.014099855737484833 0.0048556314556027257
decision_type=2 2 2 2 2 2 2 2 2 2
left_child=1 3 7 9 -5 6 -3 -2 -7 -1
right_child=2 5 -4 4 -6 8 -8 -9 -10 -11
leaf_value=0.0092414836245622058 -0.010311983775754109 0.0014670176569975776 0.027748521576941514 -0.0155098728135063 0.013224780638416797 -0.0065591393836535727 -0.019602263350707808 0.0084054214121725961 -0.032995674604922011 0.031683413991586709
leaf_weight=10.754033803939821 7.3918802738189697 54.05428983271122 13.358040779829023 11.541103810071947 12.75492502748966 7.2912110835313779 11.635537549853323 7.8848288506269473 7.3163782209157944 7.5210955291986457
leaf_count=44 30 222 56 47 52 30 48 32 30 31
internal_value=0.00171749 -0.00107121 0.0134618 0.00941499 0 -0.00690662 -0.00251226 0 -0.0230824 0.0214315
internal_weight=151.503 122.869 28.6347 42.5712 24.296 80.2974 65.6898 15.2767 14.6076 18.2751
internal_count=622 504 118 174 99 330 270 62 60 75
is_linear=0
shrinkage=0.03


Tree=35
num_leaves=7
num_cat=0
split_feature=15 19 17 24 6 34
split_gain=6.55309 9.34258 9.3877 5.5983 4.76896 3.74802
threshold=-38.035406176966397 0.14479711790410565 2.135164575993397 0.64739209200962267 0.020942607679764122 0.0078169247852096797
decision_type=2 2 2 2 2 2
left_child=-1 2 3 -2 -4 -3
right_child=1 5 4 -5 -6 -7
leaf_value=0.017223865796928788 0.0069548609171473695 -0.028011998725223884 -0.028030294884543117 -0.01452001639715665 0 -0.0035141182401581136
leaf_weight=12.553853586316107 83.644076779484749 15.475737914443018 12.065492555499079 10.26396471261978 9.8039779812097532 11.535278260707853
leaf_count=53 344 63 49 42 40 47
internal_value=-0.00181464 -0.00380689 0 0.00419745 -0.0168277 -0.0190305
internal_weight=155.342 142.789 115.778 93.908 21.8695 27.011
internal_count=638 585 475 386 89 110
is_linear=0
shrinkage=0.03


Tree=36
num_leaves=8
num_cat=0
split_feature=15 19 17 32 28 2 7
split_gain=6.24823 8.85256 8.8994 5.5655 4.28828 3.5598 2.74085
threshold=-38.035406176966397 0.14479711790410565 2.135164575993397 0.0078800908305715085 6.5000000000000009 -0.015844785847165307 0.028502571148147447
decision_type=2 2 2 2 2 2 2
left_child=-1 2 3 -2 -4 -3 -7
right_child=1 5 4 -5 -6 6 -8
leaf_value=0.016832407435104571 0.00041869351728951351 0 0 0.019289869474244995 -0.026133080325966417 -0.032908893123716448 -0.0054656030215971931
leaf_weight=12.507652267813681 78.175953701138496 7.4096294641494778 8.7948927879333514 15.679129704833029 13.060547918081282 12.193450137972834 7.3834241777658454
leaf_count=53 321 30 36 65 53 50 30
internal_value=-0.00178504 -0.00373065 0 0.00406444 -0.0164125 -0.0185564 -0.0247198
internal_weight=155.205 142.697 115.711 93.8551 21.8554 26.9865 19.5769
internal_count=638 585 475 386 89 110 80
is_linear=0
shrinkage=0.03


Tree=37
num_leaves=9
num_cat=0
split_feature=36 8 20 5 5 33 36 2
split_gain=5.92152 10.3049 9.5372 5.6266 10.3871 8.71274 5.31571 2.31072
threshold=0.0082429721824947514 0.01809339859243517 0.023424635413298495 0.071633224258778508 0.10895894142993547 0.7885772160014366 0.0048146880519967508 -0.015844785847165307
decision_type=2 2 2 2 2 2 2 2
left_child=2 -2 3 5 -5 -1 -4 -8
right_child=1 -3 6 4 -6 -7 7 -9
leaf_value=0.0017353169067302423 0.028490765093564369 -0.011363413384802857 0.00042188279368726028 0.024072834763016665 -0.014129659121880436 -0.021969086620199144 -0.0084840015316413209 -0.031701529920781422
leaf_weight=59.266764134168625 12.14694917201996 7.8244000077247611 9.5465510636568052 18.072615012526516 7.3052214980125418 15.829413414001463 10.280459299683571 14.779947385191917
leaf_count=243 52 32 39 75 30 65 42 60
internal_value=-0.00174146 0.0125809 -0.00412107 0.000501068 0.0122992 -0.00350703 -0.0172444 -0.0240624
internal_weight=155.052 19.9713 135.081 100.474 25.3778 75.0962 34.607 25.0604
internal_count=638 84 554 413 105 308 141 102
is_linear=0
shrinkage=0.03


Tree=38
num_leaves=8
num_cat=0
split_feature=38 8 36 38 35 11 2
split_gain=5.71791 6.1707 9.34927 9.76569 4.32014 8.13496 4.69345
threshold=0.006148583355791791 0.0043995587827444409 0.0080213846019836638 0.010899820236199332 0.013356826289609993 1.0000000180025095e-35 0.015603056262846972
decision_type=2 2 2 2 2 2 2
left_child=-1 2 3 -2 5 -3 -6
right_child=1 4 -4 -5 6 -7 -8
leaf_value=0.019139395820380486 0.006698084507210089 0 0.027032627942431262 -0.018296737540012115 -0.011019860127370738 -0.031609582800197149 0.0066670718908367994
leaf_weight=8.8613877147436124 38.985793858766556 12.460854828357698 10.190945640206335 19.250264674425125 28.416653901338577 15.227558836340902 21.50825634598732
leaf_count=38 161 51 44 78 116 62 88
internal_value=-0.0017031 -0.00331058 0.00305663 -0.00164825 -0.00904835 -0.0182533 -0.00314793
internal_weight=154.902 146.04 68.427 58.2361 77.6133 27.6884 49.9249
internal_count=638 600 283 239 317 113 204
is_linear=0
shrinkage=0.03


Tree=39
num_leaves=8
num_cat=0
split_feature=36 38 33 13 14 13 11
split_gain=5.45578 8.38403 7.71048 6.51228 7.34483 4.97243 3.60538
threshold=0.0082429721824947514 0.011337888718538554 0.6670280819892338 4.9069189444953105 97.733081486443339 -3.2525838145552828 0.0055330654253181741
decision_type=2 2 2 2 2 2 2
left_child=1 3 -2 4 -1 -3 -5
right_child=2 5 -4 6 -6 -7 -8
leaf_value=0.0075044190317708499 0.027522248720978765 0.00065309718341774231 -0.0065312833755338823 0.00067589178663783676 -0.018003389654383518 -0.024788532217065836 -0.021725711429101565
leaf_weight=73.467288628220558 10.791182160377504 8.1394919753074664 9.0247853994369489 8.4423222839832324 9.5577013641595823 20.999134913086891 14.345792055130003
leaf_count=303 47 33 37 35 39 85 59
internal_value=-0.00164742 -0.00393057 0.0121487 0 0.00403717 -0.0176145 -0.0134365
internal_weight=154.768 134.952 19.816 105.813 83.025 29.1386 22.7881
internal_count=638 554 84 436 342 118 94
is_linear=0
shrinkage=0.03


Tree=40
num_leaves=9
num_cat=0
split_feature=12 19 21 11 21 14 40 19
split_gain=7.93069 5.23919 6.06719 6.01526 4.63859 4.34019 2.82986 1.62011
threshold=38.614873171331404 0.067441250690996088 0.011822019109820616 0.0044706560334278897 0.014245161015961733 8.0709815421707862 0.030145665505596279 0.12505081487049954
decision_type=2 2 2 2 2 2 2 2
left_child=4 5 -3 -4 -1 6 -2 -6
right_child=1 2 3 -5 7 -7 -8 -9
leaf_value=-0.0029421453272689448 0.0085622098852272278 0.01748235100630012 0.0078654987596477079 -0.0080762539963123107 0.030974791847599121 -0.028737654385110601 -0.014537673330276288 0.0072561595666552417
leaf_weight=7.2774513065814999 7.2887874692678469 13.529003426432608 29.254940137267113 62.306028142571449 9.5526246279478091 9.6285353451967222 7.3006851077079773 7.9736756831407538
leaf_count=30 30 57 121 255 40 39 30 33
internal_value=7.06409e-05 -0.00287025 0 -0.00276308 0.015032 -0.0148697 -0.00245202 0.0228006
internal_weight=154.112 129.308 105.09 91.561 24.8038 24.218 14.5895 17.5263
internal_count=635 532 433 376 103 99 60 73
is_linear=0
shrinkage=0.03


Tree=41
num_leaves=9
num_cat=0
split_feature=12 17 32 3 14 21 19 19
split_gain=7.54921 7.51385 6.73375 6.79457 4.73184 4.45139 4.20587 1.54308
threshold=38.614873171331404 2.8362716753262123 0.0085144105271556265 0.0102679352825531 34.696140774392809 0.014245161015961733 0.066828625143345852 0.12505081487049954
decision_type=2 2 2 2 2 2 2 2
left_child=5 2 6 -4 -3 -1 -2 -7
right_child=1 4 3 -5 -6 7 -8 -9
leaf_value=-0.002872295748371063 -0.014960819354980085 -0.027837858292536519 -0.0038935417747811901 0.029960604874329489 0 0.030349397828394607 0.00038507838309933775 0.0070860133460626954
leaf_weight=7.2794001549482372 18.140344887971878 13.506130620837213 7.3257573246955898 10.618574723601339 8.8443402647972089 9.4990101158618945 70.810000598430634 7.9682873785495749
leaf_count=30 74 56 30 44 36 40 292 33
internal_value=7.57054e-05 -0.0027899 0.000491038 0.0163831 -0.017849 0.0146923 -0.00283977 0.0223258
internal_weight=153.992 129.245 106.895 17.9443 22.3505 24.7467 88.9503 17.4673
internal_count=635 532 440 74 92 103 366 73
is_linear=0
shrinkage=0.03


Tree=42
num_leaves=9
num_cat=0
split_feature=17 28 32 10 38 3 23 38
split_gain=6.27278 9.61355 5.42108 7.01159 5.88779 5.14995 2.42631 1.68574
threshold=2.5322412933340517 6.5000000000000009 0.0085144105271556265 -0.009582670808585601 0.0064205304458383296 0.0095653230962965425 1.1329456749968323 0.0093559764134423674
decision_type=2 2 2 2 2 2 2 2
left_child=2 7 3 6 -5 -4 -1 -2
right_child=1 -3 5 4 -6 -7 -8 -9
leaf_value=0.0223833908673313 -0.0039278877661324107 -0.027499669472950742 0 0.018313713597123533 -0.006300953293905045 0.029256110104929976 3.4692558001667604e-05 0.013492948117983994
leaf_weight=12.819176062941553 7.3372771888971346 14.797261089086531 8.2217365801334399 7.6659203171730033 76.91948489844799 10.579086348414419 8.1627531945705396 7.3906398415565491
leaf_count=53 30 61 34 33 315 44 34 31
internal_value=7.73231e-05 -0.0117965 0.00315698 0.00024921 -0.00352541 0.0171693 0.0151013 0.00448541
internal_weight=153.893 29.5252 124.368 105.567 84.5854 18.8008 20.9819 14.7279
internal_count=635 122 513 435 348 78 87 61
is_linear=0
shrinkage=0.03


Tree=43
num_leaves=8
num_cat=0
split_feature=12 38 21 11 11 15 1
split_gain=7.04974 5.12227 4.2901 3.89455 8.42962 5.8095 0.702861
threshold=38.614873171331404 0.0064205304458383296 0.014245161015961733 0.0099130890744230111 0.061948845796943715 -22.542875046917509 -0.0057586135183879663
decision_type=2 2 2 2 2 2 2
left_child=2 -2 -1 5 -5 -3 -4
right_child=1 3 6 4 -6 -7 -8
leaf_value=-0.0029491403070602703 0.015495715757802186 -0.013514390114614841 0.028319243033526571 -0.018077613845780244 0.002101746381933123 0.0082915399249225766 0.0085962644289909618
leaf_weight=7.2730737924575832 10.385330021381376 13.448650643229483 9.3208643347024953 38.942406177520752 31.308307632803917 34.997197464108467 8.0719491690397227
leaf_count=30 45 56 39 159 128 144 34
internal_value=9.37455e-05 -0.00267185 0.0142441 -0.00461613 -0.00906753 0.00164502 0.0217699
internal_weight=153.748 129.082 24.6659 118.697 70.2507 48.4458 17.3928
internal_count=635 532 103 487 287 200 73
is_linear=0
shrinkage=0.03


Tree=44
num_leaves=9
num_cat=0
split_feature=12 28 17 15 19 15 12 28
split_gain=6.70476 9.04911 10.1752 13.1703 4.15725 3.32067 5.03742 4.15937
threshold=38.614873171331404 6.5000000000000009 2.5827919965435391 4.1085669325845684 0.11936840897464561 47.335721559409002 71.807674531388031 3.5000000000000004
decision_type=2 2 2 2 2 2 2 2
left_child=4 5 3 -3 -1 7 -7 -2
right_child=1 2 -4 -5 -6 6 -8 -9
leaf_value=0.024547623984109233 0 0.012447781650866916 -0.032624738184326041 -0.016443969571506359 0 0.0057825357295574527 -0.019634393643673698 0.021020429437883504
leaf_weight=12.768948510289194 17.804177150130272 22.966353684663773 12.634392082691191 30.385515734553337 11.843279361724852 19.951618477702144 8.1373519003391248 17.134322017431259
leaf_count=54 74 95 52 124 49 82 33 72
internal_value=0.000104999 -0.0025887 -0.0102846 -0.00373557 0.013922 0.00530636 -0.00189786 0.0112935
internal_weight=153.626 129.014 65.9863 53.3519 24.6122 63.0275 28.089 34.9385
internal_count=635 532 271 219 103 261 115 146
is_linear=0
shrinkage=0.03


Tree=45
num_leaves=8
num_cat=0
split_feature=15 13 15 32 3 11 36
split_gain=5.35182 5.87454 7.02491 7.20182 5.31649 4.83962 0.585161
threshold=-41.343136849403066 4.7035946477902373 -12.057716761793511 -0.011475997760185539 -0.003723827759821496 0.010668074095460557 0.0073375039766244233
decision_type=2 2 2 2 2 2 2
left_child=-1 2 4 -4 -2 -3 -7
right_child=1 5 3 -5 -6 6 -8
leaf_value=0.020334698035021314 0.0039373624921043866 0.0013918257000993537 -0.012136201452195083 0.010328022270522104 -0.024327595791176486 -0.02615129991077585 -0.0073669342635395924
leaf_weight=10.827506855130194 8.7752575725317019 13.856703475117685 12.903309017419813 80.483678877353668 11.003903910517691 10.238826692104341 7.2305883616209021
leaf_count=47 36 57 53 333 45 42 30
internal_value=0.00176041 7.53276e-06 0.00331778 0.0068775 -0.0118888 -0.0109822 -0.0207023
internal_weight=155.32 144.492 113.166 93.387 19.7792 31.3261 17.4694
internal_count=643 596 467 386 81 129 72
is_linear=0
shrinkage=0.03


Tree=46
num_leaves=8
num_cat=0
split_feature=21 19 12 33 34 33 19
split_gain=4.86486 10.7685 5.65025 7.72822 3.63071 2.69702 0.977448
threshold=0.034543356343067384 0.1364691700901324 66.797071737442835 0.7885772160014366 0.014670077654009185 0.92427637239717786 0.15256160105334368
decision_type=2 2 2 2 2 2 2
left_child=1 2 3 -1 6 -4 -3
right_child=-2 4 5 -5 -6 -7 -8
leaf_value=0.0050672924397021568 0.018527617242814091 -0.010352317515535591 0.02678477502017412 -0.015176504015290986 0 0.0023439721701186849 -0.032105971012263076
leaf_weight=78.710122376680374 12.067933261394499 9.0762327760458046 10.888750076293947 19.407264113426208 7.8406722992658606 8.6936457455158216 8.4884009659290296
leaf_count=326 51 37 46 80 32 36 35
internal_value=0.0016935 0 0.00392133 0.000690134 -0.0169257 0.017852 -0.0238392
internal_weight=155.173 143.105 117.7 98.1174 25.4053 19.5824 17.5646
internal_count=643 592 488 406 104 82 72
is_linear=0
shrinkage=0.03


Tree=47
num_leaves=8
num_cat=0
split_feature=15 13 15 39 11 2 36
split_gain=5.01621 5.55846 6.62585 5.81339 4.61361 3.2113 0.54579
threshold=-41.343136849403066 4.7035946477902373 -12.057716761793511 1.0000000180025095e-35 0.010668074095460557 1.0000000180025095e-35 0.0073375039766244233
decision_type=2 2 2 2 2 2 2
left_child=-1 2 5 -4 -3 -2 -6
right_child=1 4 3 -5 6 -7 -8
leaf_value=0.019693145437218562 0 0.0013186099847667799 -0.0098213256362791497 0.0098531979818761231 -0.025563630008615827 -0.023020679169912659 -0.0071885400834234567
leaf_weight=10.734020069241522 10.788877591490747 13.844930440187456 13.795927613973616 79.429303839802742 10.216589242219927 8.9717344939708692 7.2256085425615302
leaf_count=47 44 57 57 329 42 37 30
internal_value=0.00164317 0 0.0031738 0.00663902 -0.0107467 -0.0115925 -0.0202456
internal_weight=155.007 144.273 112.986 93.2252 31.2871 19.7606 17.4422
internal_count=643 596 467 386 129 81 72
is_linear=0
shrinkage=0.03


Tree=48
num_leaves=6
num_cat=0
split_feature=21 14 38 34 7
split_gain=4.53079 8.02787 5.3563 4.49975 1.3506
threshold=0.034543356343067384 103.71624645893532 0.012557300122894317 -0.0093967307369348645 -0.0027414001763049257
decision_type=2 2 2 2 2
left_child=1 2 3 -1 -4
right_child=-2 -3 4 -5 -6
leaf_value=-0.0044312805334413095 0.017867320777657136 -0.025620733037205277 -0.021586743888823014 0.007915121891316863 -0.0014092522094635218
leaf_weight=35.079535692930222 11.994460389018057 8.2531913965940458 7.4453459978103638 84.713532075285912 7.3643457591533643
leaf_count=146 51 34 30 352 30
internal_value=0.00157664 0 0.00190294 0.00416311 -0.013807
internal_weight=154.85 142.856 134.603 119.793 14.8097
internal_count=643 592 558 498 60
is_linear=0
shrinkage=0.03


Tree=49
num_leaves=8
num_cat=0
split_feature=15 13 15 17 37 2 9
split_gain=4.71691 5.2732 6.21665 6.91674 3.48025 3.09871 2.91349
threshold=-41.343136849403066 4.7035946477902373 -12.057716761793511 -1.0623984375848987 0.0046297695763888322 1.0000000180025095e-35 0.036344105276320073
decision_type=2 2 2 2 2 2 2
left_child=-1 2 5 -4 -3 -2 -6
right_child=1 4 3 -5 6 -7 -8
leaf_value=0.01908276017131412 0 0.0021501830495423329 -0.0027166254724257325 0.013310107476637875 -0.00045838636213631575 -0.022512330120344402 -0.025175784671510666
leaf_weight=10.64110331237316 10.784838676452638 10.500188410282137 39.828354924917221 53.25794330239296 7.9434993714094189 8.9635945558547956 12.822364941239355
leaf_count=47 44 43 164 222 33 37 53
internal_value=0.00151142 0 0.00301756 0.00638217 -0.0105466 -0.0112807 -0.0172505
internal_weight=154.742 144.101 112.835 93.0863 31.2661 19.7484 20.7659
internal_count=643 596 467 386 129 81 86
is_linear=0
shrinkage=0.03


end of trees

feature_importances:
macd_signal=32
macro_topix_vol_20=27
bb_bandwidth=26
macro_usdjpy_vol_20=24
div_ma_60=20
ma_20_60_cross=20
volatility=20
vol_ratio=20
month=20
macd_hist_change=18
price_position_20d=14
return_3d=12
macd=12
macro_usdjpy_ret_20=12
return_5d=11
rsi=11
macro_topix_ret_20=11
return_20d=10
gap=10
lower_shadow_pct=9
macro_nikkei_ret_20=8
rsi_change=7
macd_hist=7
atr_pct=7
div_ma_20=6
div_ma_10=5
upper_shadow_pct=5
return_10d=4
ma_5_20_cross=4
macro_usdjpy_ret_60=4
macro_topix_above_200dma=4
div_ma_5=3
return_1d=2
bb_pct_b=2
vol_change=2
candle_body_pct=2
return_2d=1
day_of_week=1

parameters:
[boosting: gbdt]
[objective: binary]
[metric: binary_logloss]
[tree_learner: serial]
[device_type: cpu]
[data_sample_strategy: bagging]
[data: ]
[valid: ]
[num_iterations: 50]
[learning_rate: 0.03]
[num_leaves: 15]
[num_threads: 0]
[seed: 42]
[deterministic: 0]
[force_col_wise: 0]
[force_row_wise: 0]
[histogram_pool_size: -1]
[max_depth: 4]
[min_data_in_leaf: 30]
[min_sum_hessian_in_leaf: 0.001]
[bagging_fraction: 0.7]
[pos_bagging_fraction: 1]
[neg_bagging_fraction: 1]
[bagging_freq: 5]
[bagging_seed: 400]
[bagging_by_query: 0]
[feature_fraction: 0.6]
[feature_fraction_bynode: 1]
[feature_fraction_seed: 30056]
[extra_trees: 0]
[extra_seed: 12879]
[early_stopping_round: 0]
[early_stopping_min_delta: 0]
[first_metric_only: 0]
[max_delta_step: 0]
[lambda_l1: 0.5]
[lambda_l2: 2]
[linear_lambda: 0]
[min_gain_to_split: 0]
[drop_rate: 0.1]
[max_drop: 50]
[skip_drop: 0.5]
[xgboost_dart_mode: 0]
[uniform_drop: 0]
[drop_seed: 17869]
[top_rate: 0.2]
[other_rate: 0.1]
[min_data_per_group: 100]
[max_cat_threshold: 32]
[cat_l2: 10]
[cat_smooth: 10]
[max_cat_to_onehot: 4]
[top_k: 20]
[monotone_constraints: ]
[monotone_constraints_method: basic]
[monotone_penalty: 0]
[feature_contri: ]
[forcedsplits_filename: ]
[refit_decay_rate: 0.9]
[cegb_tradeoff: 1]
[cegb_penalty_split: 0]
[cegb_penalty_feature_lazy: ]
[cegb_penalty_feature_coupled: ]
[path_smooth: 0]
[interaction_constraints: ]
[verbosity: -1]
[saved_feature_importance_type: 0]
[use_quantized_grad: 0]
[num_grad_quant_bins: 4]
[quant_train_renew_leaf: 0]
[stochastic_rounding: 1]
[linear_tree: 0]
[max_bin: 255]
[max_bin_by_feature: ]
[min_data_in_bin: 5]
[bin_construct_sample_cnt: 200000]
[data_random_seed: 175]
[is_enable_sparse: 1]
[enable_bundle: 1]
[use_missing: 1]
[zero_as_missing: 0]
[feature_pre_filter: 1]
[pre_partition: 0]
[two_round: 0]
[header: 0]
[label_column: ]
[weight_column: ]
[group_column: ]
[ignore_column: ]
[categorical_feature: ]
[forcedbins_filename: ]
[precise_float_parser: 0]
[parser_config_file: ]
[objective_seed: 16083]
[num_class: 1]
[is_unbalance: 0]
[scale_pos_weight: 1]
[sigmoid: 1]
[boost_from_average: 1]
[reg_sqrt: 0]
[alpha: 0.9]
[fair_c: 1]
[poisson_max_delta_step: 0.7]
[tweedie_variance_power: 1.5]
[lambdarank_truncation_level: 30]
[lambdarank_norm: 1]
[label_gain: ]
[lambdarank_position_bias_regularization: 0]
[eval_at: ]
[multi_error_top_k: 1]
[auc_mu_weights: ]
[num_machines: 1]
[local_listen_port: 12400]
[time_out: 120]
[machine_list_filename: ]
[machines: ]
[gpu_platform_id: -1]
[gpu_device_id: -1]
[gpu_use_dp: 0]
[num_gpu: 1]

end of parameters

pandas_categorical:[]
