tree
version=v4
num_class=1
num_tree_per_iteration=1
label_index=0
max_feature_idx=44
objective=binary sigmoid:1
feature_names=return_1d return_2d return_3d return_5d return_10d return_20d div_ma_5 div_ma_10 div_ma_20 div_ma_60 ma_5_20_cross ma_20_60_cross rsi rsi_change macd macd_signal macd_hist macd_hist_change bb_pct_b bb_bandwidth atr_pct volatility vol_change vol_ratio candle_body_pct upper_shadow_pct lower_shadow_pct day_of_week month is_month_end is_month_start streak gap price_position_20d macro_usdjpy_ret_20 macro_usdjpy_ret_60 macro_usdjpy_vol_20 macro_topix_ret_20 macro_topix_vol_20 macro_topix_above_200dma macro_nikkei_ret_20 macro_nikkei_above_200dma macro_nikkei_vi macro_jgb10y macro_bias_score
feature_infos=[-0.14107079957731594:0.097435897435897534] [-0.20101572739187423:0.16198482673774861] [-0.22439567430025442:0.13557758819460464] [-0.23196850393700785:0.22047992397243998] [-0.25564713064713063:0.28168662674650702] [-0.27982870643827529:0.31994884910485943] [-0.16583997537030074:0.08318890814558054] [-0.20029515454619989:0.16014363468009676] [-0.2376292567784091:0.21138518134226278] [-0.24776542990892059:0.32942768619270879] [-0.12983574366031703:0.15185223569512085] [-0.074859480134292777:0.19112389485440473] [6.3448275862068897:97.853550766453594] [-35.330985175794623:29.075722455357266] [-144.03086637327579:316.05603702437384] [-111.78364164871749:288.80405617540794] [-74.412829985609008:106.16750784234233] [-32.131356048979072:23.461233232910587] [-0.33148383503277951:1.2585197915218747] [0.029655699552275157:0.40488865905238219] [0.012572561538812277:0.05603746065863207] [0.0075340009333067452:0.047988398519303449] [-0.81977314271187673:6.4355525989320199] [0.46022980028186705:1.9430228495896495] [-1:1] [0:0.90666666666666662] [0:0.93103448275862066] [0:4] [1:12] none [0:1] [-8:11] [-0.11111111111111116:0.1127742464629895] [0:1] [-0.10288784967882303:0.08505611680078462] [-0.13986255140503889:0.13160084488587853] [0.0024251968629527628:0.011841457708833433] [-0.22586490939044479:0.19897850606512013] [0.0040695656522785678:0.036437277456277402] [0:1] [-0.22859537662338159:0.23022297972565586] [0:1] none none none
tree_sizes=1296 1305 1306 1100 1181 868 856 871 890 870 1161 1309 1395 1311 1207 1100 1097 1293 1098 894 1081 981 1105 1201 1077 1193 1305 877 1091 877 1106 1179 1180 1085 1107 789 887 767 889 790 1062 1079 893 888 1102 893 1076 1101 867 1160

Tree=0
num_leaves=11
num_cat=0
split_feature=28 37 14 9 16 16 35 36 16 26
split_gain=25.8701 10.4859 9.75891 9.82888 7.82177 6.19974 14.4444 5.3706 3.95155 2.46006
threshold=8.5000000000000018 0.02281370140594852 -11.381044405062651 -0.047211754063438374 -8.678126019747106 8.2403504802371277 -0.020092238950399851 0.0071938752021442577 -4.607862555890553 0.14829172884081535
decision_type=2 2 2 2 2 2 2 2 2 2
left_child=2 4 3 -1 -2 6 -4 -7 -6 -3
right_child=1 9 5 -5 8 7 -8 -9 -10 -11
leaf_value=-0.0170356294708237 -0.010855639578378366 -0.039319462177015194 -0.049627719564878381 -0.052212969550459565 -0.056118964251193414 -0.016486176850500425 -0.012072179511445218 0.011091036980535412 -0.030735729284244451 -0.0672384830757142
leaf_weight=12.247548863291742 8.7482491880655271 8.2483492344617861 10.247949048876761 11.997598886489866 7.9983992576599148 19.746048167347908 33.993196845054626 12.747448816895483 16.746648445725441 13.4972987473011
leaf_count=49 35 33 41 48 32 79 136 51 67 54
internal_value=-0.0276449 -0.0437219 -0.0185758 -0.0343677 -0.0321412 -0.0133682 -0.0216424 -0.00357626 -0.0409685 -0.0591008
internal_weight=156.219 55.2389 100.98 24.2451 33.4933 76.7346 44.2411 32.4935 24.745 21.7456
internal_count=625 221 404 97 134 307 177 130 99 87
is_linear=0
shrinkage=1


Tree=1
num_leaves=11
num_cat=0
split_feature=28 16 40 40 9 36 20 26 38 35
split_gain=24.5565 9.82682 8.87866 8.16452 7.30025 4.74291 4.09413 3.80421 1.33392 0.640844
threshold=8.5000000000000018 -8.4880789548572579 0.055307037573315905 -0.051939789200614643 -0.010162600293749335 0.005142851287573272 0.020317120685002809 0.23352613096467675 0.012005549554043303 0.017261582746140206
decision_type=2 2 2 2 2 2 2 2 2 2
left_child=2 -2 3 -1 -5 -4 7 -3 -8 -7
right_child=1 6 5 4 -6 9 8 -9 -10 -11
leaf_value=0.02738553162722835 0.0069126376065344252 0.0023384453983219628 0.0019758101368508732 -0.015443279025528533 0.0059183123831434079 0.039308344185819036 -0.03883098464009014 -0.020440353531651811 -0.0139961226980544 0.014435706501871043
leaf_weight=9.2473326474428159 12.24707520008087 9.9947983920574206 7.9989550262689617 18.243886142969131 47.743017882108688 10.248878180980684 12.242837563157083 11.740660160779951 8.9956855773925763 7.4995858520269385
leaf_count=37 49 40 32 73 191 41 49 47 36 30
internal_value=0.000612246 -0.015052 0.00944973 0.00375192 -4.7616e-05 0.0240877 -0.0216742 -0.0100194 -0.0310674 0.0320843
internal_weight=156.203 55.2211 100.982 75.2342 65.9869 25.7474 42.974 21.7355 21.2385 17.7485
internal_count=625 221 404 301 264 103 172 87 85 71
is_linear=0
shrinkage=0.03


Tree=2
num_leaves=11
num_cat=0
split_feature=28 37 14 13 10 15 20 12 38 12
split_gain=23.3526 9.8945 8.86643 8.65432 6.24997 5.49052 10.2231 4.92388 1.32063 0.00330214
threshold=8.5000000000000018 0.02281370140594852 -11.381044405062651 -3.9366341333667694 -0.019099680775629676 13.780993025041386 0.021717404389377509 44.258944899943039 0.0091556495495517965 62.996993346666649
decision_type=2 2 2 2 2 2 2 2 2 2
left_child=2 3 4 -2 -1 9 -7 -5 -3 -4
right_child=1 8 5 7 -6 6 -8 -9 -10 -11
leaf_value=0.0081684032515897641 0.018603880811949292 -0.014755617332755768 0.035020500411427249 -0.024690364005630846 -0.019790050414422979 -0.002542026704003459 0.021470046589789227 9.5253947273353241e-05 -0.038474722238948364 0.014514964899955143
leaf_weight=11.996402844786646 8.995251461863516 10.735702008008959 9.2485808730125445 12.490256533026697 12.241322308778761 31.244943886995316 27.997484520077705 11.992356732487677 10.982497677206991 8.2485619336366636
leaf_count=48 36 43 37 50 49 125 112 48 44 33
internal_value=0.000603227 -0.0146742 0.0092226 -0.00343545 -0.00581256 0.0141889 0.00889151 -0.0128929 -0.0296153 0.0286036
internal_weight=156.173 55.1961 100.977 33.4779 24.2377 76.7396 59.2424 24.4826 21.7182 17.4971
internal_count=625 221 404 134 97 307 237 98 87 70
is_linear=0
shrinkage=0.03


Tree=3
num_leaves=9
num_cat=0
split_feature=35 40 38 19 23 22 22 19
split_gain=10.2476 7.48228 6.65397 8.94971 6.31265 4.55429 3.57219 3.26475
threshold=0.047612426125369763 0.023709628993975777 0.013065718230667824 0.074920132660456148 0.73791849855526936 -0.091284321756114326 -0.10904356964622917 0.10686717693484819
decision_type=2 2 2 2 2 2 2 2
left_child=2 5 3 6 -5 -2 -1 -7
right_child=1 -3 -4 4 -6 7 -8 -9
leaf_value=-0.019325192401133753 -0.0013561659226499119 0.0067398442117304813 -0.011768059049005743 -0.0079935255136122669 0.017292576550690896 -0.036131341072331971 0.0018052535857132586 -0.0075939967847215139
leaf_weight=8.9893925338983554 11.24113602936268 12.740353360772131 14.733997598290442 8.2425658106803876 62.468292474746704 11.98579576611519 16.983126908540726 8.7443314194679242
leaf_count=36 45 51 59 33 250 48 68 35
internal_value=0.000584281 -0.0111434 0.00553636 0.00851051 0.014 -0.0186886 -0.00583082 -0.0264811
internal_weight=156.129 44.7116 111.417 96.6834 70.7109 31.9713 25.9725 20.7301
internal_count=625 179 446 387 283 128 104 83
is_linear=0
shrinkage=0.03


Tree=4
num_leaves=10
num_cat=0
split_feature=28 21 14 3 11 19 8 11 14
split_gain=21.8124 14.0229 11.3703 8.53826 7.22712 6.21469 8.40688 5.76671 1.7044
threshold=8.5000000000000018 0.013705537667889211 -19.15560415900995 -0.013316914946788492 0.052430812198428607 0.067107569912313744 -0.033807507435556224 -0.012414787862492336 42.596948404361235
decision_type=2 2 2 2 2 2 2 2 2
left_child=1 4 -3 -4 7 -2 -7 -1 -8
right_child=5 2 3 -5 -6 6 8 -9 -10
leaf_value=-0.014223485001921046 0.005763404669104872 -0.0064763856143176275 0 0.028580882243171294 -0.02581619890528385 0.0068835825761700484 -0.02778739782481944 0.014397902632637953 -0.0063707209354935531
leaf_weight=8.4896672815084493 9.4806173592805845 13.737389430403708 12.747784584760664 42.483778148889542 9.9961112886667234 7.7443451434373847 30.437958538532257 13.497886449098587 7.4896065145730963
leaf_count=34 38 55 51 170 40 31 122 54 30
internal_value=0.000533249 0.00886707 0.0163965 0.0223752 -0.00693735 -0.0142352 -0.0187688 0.002457 -0.0244649
internal_weight=156.105 100.953 68.969 55.2316 31.9837 55.1525 45.6719 21.9876 37.9276
internal_count=625 404 276 221 128 221 183 88 152
is_linear=0
shrinkage=0.03


Tree=5
num_leaves=7
num_cat=0
split_feature=34 8 40 23 16 16
split_gain=11.7874 13.426 10.5407 15.0755 12.9842 6.44947
threshold=0.034830690815106487 -0.037143059864288751 0.023709628993975777 0.77536063421625034 -10.764406124609708 -4.1210034520741088
decision_type=2 2 2 2 2 2
left_child=1 -1 4 -4 -3 -2
right_child=5 2 3 -5 -6 -7
leaf_value=0.028521137463132829 -0.032548700934971662 0.015122502079055753 -0.022275134519292202 0.014719239880583499 -0.016681496551439193 0
leaf_weight=14.495784461498259 12.231615468859674 12.991839721798895 9.9758411347866041 52.93025940656662 46.418197780847549 9.7386916726827604
leaf_count=58 49 52 40 212 186 39
internal_value=-0.000156622 0.00310689 -0.000194711 0.00811585 -0.00921631 -0.0196683
internal_weight=158.782 136.812 122.316 62.9061 59.41 21.9703
internal_count=636 548 490 252 238 88
is_linear=0
shrinkage=0.03


Tree=6
num_leaves=7
num_cat=0
split_feature=34 10 40 37 14 16
split_gain=11.1975 12.1243 8.31572 11.7511 9.44992 6.121
threshold=0.034830690815106487 -0.031919243772019538 0.023709628993975777 0.01749935214475196 7.9750474366865101 -4.1210034520741088
decision_type=2 2 2 2 2 2
left_child=1 -1 3 -3 -4 -2
right_child=5 2 4 -5 -6 -7
leaf_value=0.028038778208251642 -0.031737256877735383 -0.00052222759367558992 -0.012602926456867686 -0.031924216325021362 0.01367492548574982 0
leaf_weight=13.492709964513777 12.219325289130213 48.16821762919426 13.963278725743292 12.219779163599013 48.927778035402298 9.7386916726827604
leaf_count=54 49 193 56 49 196 39
internal_value=-0.000155696 0.00302289 0 -0.0079367 0.00740086 -0.0191801
internal_weight=158.73 136.772 123.279 60.388 62.8911 21.958
internal_count=636 548 494 242 252 88
is_linear=0
shrinkage=0.03


Tree=7
num_leaves=7
num_cat=0
split_feature=34 10 15 34 17 16
split_gain=10.6244 11.519 8.16601 7.67003 5.91378 5.81313
threshold=0.034830690815106487 -0.031919243772019538 53.531889610890197 -0.027882564149019736 -4.3386714099288959 -4.1210034520741088
decision_type=2 2 2 2 2 2
left_child=1 -1 3 -3 -4 -2
right_child=5 2 4 -5 -6 -7
leaf_value=0.027311434384420127 -0.030959190619804528 0.010887640378374695 -0.0085869187475460032 -0.0098190858811503263 0.017832475326453698 0
leaf_weight=13.489774256944655 12.201156303286554 18.462245717644691 7.9889608472585669 68.580517619848251 28.21331512928009 9.7386916726827604
leaf_count=54 49 74 32 275 113 39
internal_value=-0.000168598 0.00292501 -1.79392e-05 -0.00511272 0.0114654 -0.018709
internal_weight=158.675 136.735 123.245 87.0428 36.2023 21.9398
internal_count=636 548 494 349 145 88
is_linear=0
shrinkage=0.03


Tree=8
num_leaves=7
num_cat=0
split_feature=40 40 23 37 23 9
split_gain=9.79982 8.18569 17.6745 10.5728 7.20231 6.3895
threshold=-0.059292237359456927 0.023709628993975777 0.77536063421625034 0.01749935214475196 0.71737918379354038 0.043064374343243839
decision_type=2 2 2 2 2 2
left_child=-1 3 -3 4 -2 -4
right_child=1 2 5 -5 -6 -7
leaf_value=0.026454840621810548 0.020161325814606643 -0.025128889723222889 -0.002563819106010062 -0.03074596969276315 -0.0072766392391960168 0.018040237661208918
leaf_weight=9.4859058856964094 7.9860210567712775 12.200324952602385 17.219348326325417 14.19551959633827 55.610539615154266 41.924081027507782
leaf_count=38 32 49 69 57 223 168
internal_value=-0.000159887 -0.00227967 0.00485778 -0.00897115 -0.00309284 0.0119085
internal_weight=158.622 149.136 71.3438 77.7921 63.5966 59.1434
internal_count=636 598 286 312 255 237
is_linear=0
shrinkage=0.03


Tree=9
num_leaves=7
num_cat=0
split_feature=34 8 40 23 16 16
split_gain=9.99122 11.8608 9.00094 13.2894 11.7388 5.48935
threshold=0.034830690815106487 -0.037143059864288751 0.023709628993975777 0.77536063421625034 -10.764406124609708 -4.1210034520741088
decision_type=2 2 2 2 2 2
left_child=1 -1 4 -4 -3 -2
right_child=5 2 3 -5 -6 -7
leaf_value=0.026743972275727258 -0.030073870960608238 0.014510191196985633 -0.021113466273376961 0.013633977515441173 -0.015723332384415215 0
leaf_weight=14.47859153151512 12.171122595667841 12.982501178979872 9.9495563954114896 52.881551817059517 46.342344641685486 9.7361062467098218
leaf_count=58 49 52 40 212 186 39
internal_value=-0.000155627 0.00284169 -0.000255699 0.00741862 -0.00860506 -0.018151
internal_weight=158.542 136.635 122.156 62.8311 59.3248 21.9072
internal_count=636 548 490 252 238 88
is_linear=0
shrinkage=0.03


Tree=10
num_leaves=10
num_cat=0
split_feature=21 16 20 28 16 9 35 16 12
split_gain=10.2078 12.4331 9.42546 8.2181 7.8952 4.64417 4.10336 3.91459 4.78231
threshold=0.019101420274467849 -14.030227191307963 0.020596155391653995 7.5000000000000009 -3.9289652646135127 1.0000000180025095e-35 0.032225279626958543 -5.4587635461249837 73.239776972910633
decision_type=2 2 2 2 2 2 2 2 2
left_child=1 5 4 7 -3 -1 -4 -2 -9
right_child=3 2 6 -5 -6 -7 -8 8 -10
leaf_value=0 0 -0.017567293733567128 -0.0071157056802242571 -0.0088316394669690889 0.0036276575175149934 0.030554204320616382 -0.032963273099349558 0.035913498612694834 0.0059424672293550817
leaf_weight=8.4761073291301745 7.47916151583195 21.413123160600662 12.200048685073854 11.191238000988958 45.144980445504189 7.9851727932691565 16.902289941906929 12.967652156949045 10.457967951893805
leaf_count=34 30 86 49 45 181 32 68 52 42
internal_value=-0.000938325 -0.00575088 -0.0100287 0.0112191 -0.00328596 0.0166892 -0.0237643 0.0190312 0.0246433
internal_weight=154.218 112.122 95.6604 42.096 66.5581 16.4613 29.1023 30.9048 23.4256
internal_count=619 450 384 169 267 66 117 124 94
is_linear=0
shrinkage=0.03


Tree=11
num_leaves=11
num_cat=0
split_feature=21 17 17 28 14 1 21 36 7 21
split_gain=9.94337 13.2663 9.2057 8.18715 8.1679 6.88433 5.56588 8.4072 4.59735 3.4365
threshold=0.013705537667889211 -1.1882159543279103 -0.050040334311653993 8.5000000000000018 -19.783654037465791 -0.009933124283468318 0.019514133473751402 0.0048922641903527452 0.043613436611766074 0.011267808682895276
decision_type=2 2 2 2 2 2 2 2 2 2
left_child=2 6 5 8 -5 -1 7 -2 -3 -4
right_child=1 3 9 4 -6 -7 -8 -9 -10 -11
leaf_value=-0.014348617409232654 0.0030199151374826825 0.024726278945620222 -0.0081983548623747876 0.020369959842626163 -0.013522699411330526 0.015813651046607924 0.0052773732356340662 -0.02999428408772898 0.00026605164537367145 -0.033796277517155332
leaf_weight=10.701912328600885 9.7163620889186877 33.393287152051926 11.963921010494234 7.7244561761617687 16.401860773563385 12.478708431124685 12.698143869638441 15.429464399814604 10.209283471107481 13.419451609253882
leaf_count=43 39 134 48 31 66 50 51 62 41 54
internal_value=-0.000903647 0.00416278 -0.0119432 0.0120845 -0.00136858 0.00125916 -0.00953304 -0.0174024 0.0195908 -0.023759
internal_weight=154.137 105.573 48.564 67.7289 24.1263 23.1806 37.844 25.1458 43.6026 25.3834
internal_count=619 424 195 272 97 93 152 101 175 102
is_linear=0
shrinkage=0.03


Tree=12
num_leaves=12
num_cat=0
split_feature=21 17 17 28 14 21 14 14 0 38 0
split_gain=9.44784 12.5447 8.74932 7.72571 7.76585 5.2805 4.86642 4.48453 4.14906 3.3714 4.20194
threshold=0.013705537667889211 -1.1882159543279103 -0.050040334311653993 8.5000000000000018 -19.783654037465791 0.019514133473751402 45.365927057448296 -4.2720860108024672 -0.0039652489092601986 0.0088616659400370789 0.0060301786875713867
decision_type=2 2 2 2 2 2 2 2 2 2 2
left_child=2 5 8 7 -5 6 -2 -3 -1 10 -4
right_child=1 3 9 4 -6 -7 -8 -9 -10 -11 -12
leaf_value=-0.0096860134756609467 -0.025710121069321568 0.0036237320546145062 -0.025619980225881987 0.019873513655209753 -0.013172384820342846 0.0051410136267615418 0 0.025682805899404599 0.013644033549790727 -0.038110278203312774 0.0010373629882474047
leaf_weight=11.946316242218019 16.396219819784168 14.703644618391989 7.7153875976800981 7.7297675311565426 16.386344343423843 12.69696508347988 8.7304838299751264 28.877394586801529 11.227442234754561 8.412047401070593 9.230431988835333
leaf_count=48 66 59 31 31 66 51 35 116 45 34 37
internal_value=-0.000883046 0.00405383 -0.0116496 0.0117612 -0.00129527 -0.00926206 -0.0169356 0.019055 0.00120727 -0.0231767 -0.0117312
internal_weight=154.052 105.521 48.5316 67.6972 24.1161 37.8237 25.1267 43.581 23.1738 25.3579 16.9458
internal_count=619 424 195 272 97 152 101 175 93 102 68
is_linear=0
shrinkage=0.03


Tree=13
num_leaves=11
num_cat=0
split_feature=28 17 16 34 36 7 19 34 8 16
split_gain=8.59196 9.81673 8.14893 8.07337 6.5011 5.36624 7.14755 5.34276 4.55437 4.42166
threshold=8.5000000000000018 -2.23636601216195 -8.4880789548572579 0.015885957688813627 0.0045785071382542708 0.038236120468195835 0.069913355226740179 0.0019394252310781515 0.074487745575195344 -4.607862555890553
decision_type=2 2 2 2 2 2 2 2 2 2
left_child=1 3 -2 7 -4 6 -3 -1 -7 -6
right_child=2 5 4 -5 9 8 -8 -9 -10 -11
leaf_value=-0.0015800302951710639 0.0083331884051474556 -0.004412488252384098 0.0020393771356658954 0.0095566405455836355 -0.039243569969257992 -0.019535863514634235 0.019072960232397164 -0.037712906574136493 0.0091512028997151884 -0.012330147320179242
leaf_weight=7.4729041457176235 13.431200832128523 13.204694882035254 10.427278131246565 8.4708225131034833 10.116397783160208 7.7290974855422956 46.810521319508553 8.2293477356433851 7.7040753811597824 20.331213891506199
leaf_count=30 54 53 42 34 41 31 188 33 31 82
internal_value=-0.000865624 0.00425036 -0.0103346 -0.0114881 -0.0169212 0.00965299 0.0136881 -0.0234855 -0.00494817 -0.0236023
internal_weight=153.928 99.6215 54.3061 24.1731 40.8749 75.4484 60.0152 15.7023 15.4332 30.4476
internal_count=619 400 219 97 165 303 241 63 62 123
is_linear=0
shrinkage=0.03


Tree=14
num_leaves=10
num_cat=0
split_feature=21 38 38 21 32 38 16 16 35
split_gain=8.87377 7.98772 8.23827 6.80753 6.23854 5.81455 9.66255 5.56348 3.64651
threshold=0.013705537667889211 0.013065718230667824 0.015777847931726683 0.01151400764151197 0.00039604036490459299 0.011130931555086538 -1.6225635617552336 -3.9289652646135127 0.051122905301416728
decision_type=2 2 2 2 2 2 2 2 2
left_child=3 5 -3 7 -5 6 -2 -1 -7
right_child=1 2 -4 4 -6 8 -8 -9 -10
leaf_value=-0.016139917653689943 -0.0095584805945411501 -0.033384554683259363 0.0056587754195658244 -0.0031359272831401486 -0.032941926882761728 0.030815417187651028 0.012304819331968307 0.012825269874018578 0.002754547954701177
leaf_weight=7.7097168564796474 29.348114714026451 7.6755113601684553 7.7186738699674606 12.922178670763971 14.61105367541313 11.677230983972551 40.514769718050957 13.208068609237669 8.442245885729788
leaf_count=31 118 31 31 52 59 47 163 53 34
internal_value=-0.000866014 0.00391811 -0.0145461 -0.0113112 -0.0206207 0.00748763 0.00290131 0.00101814 0.0210327
internal_weight=153.828 105.377 15.3942 48.451 27.5332 89.9824 69.8629 20.9178 20.1195
internal_count=619 424 62 195 111 362 281 84 81
is_linear=0
shrinkage=0.03


Tree=15
num_leaves=9
num_cat=0
split_feature=16 16 36 26 38 26 20 37
split_gain=12.5856 9.32936 16.0918 11.7518 5.99119 5.77703 4.12905 3.78954
threshold=-14.030227191307963 -3.9289652646135127 0.0063832767231642466 0.22571283331896849 0.012673391633790916 0.32426232995487009 0.026292120489962576 -0.0025631238642828675
decision_type=2 2 2 2 2 2 2 2
left_child=6 3 5 -2 -4 -3 -1 -5
right_child=1 2 4 7 -6 -7 -8 -9
leaf_value=0.028322145273491004 -0.03131276702951296 -0.00072625445913482994 0.020872640215805479 0.014199793731195967 -0.0060183381320583623 -0.020846712669583572 0.0012772327015706066 -0.010783470645737078
leaf_weight=15.186504453420641 18.343957915902138 36.0610231757164 33.774296432733536 8.9129261821508425 7.4494995027780524 19.64075031876564 9.2147500514984113 8.6775280237197858
leaf_count=61 74 145 136 36 30 79 37 35
internal_value=0.000533279 -0.00308581 0.00167857 -0.0157431 0.0156126 -0.00855746 0.0195477 0.00126697
internal_weight=157.261 132.86 96.9256 35.9344 41.2238 55.7018 24.4013 17.5905
internal_count=633 535 390 145 166 224 98 71
is_linear=0
shrinkage=0.03


Tree=16
num_leaves=9
num_cat=0
split_feature=16 16 36 26 21 31 37 36
split_gain=11.9639 8.81943 15.2009 11.157 7.25942 6.57313 3.60738 2.4401
threshold=-14.030227191307963 -3.9289652646135127 0.0063832767231642466 0.22571283331896849 0.018970330976415279 2.5000000000000004 -0.0025631238642828675 0.0064814559958253403
decision_type=2 2 2 2 2 2 2 2
left_child=7 3 4 -2 -3 -4 -5 -1
right_child=1 2 5 6 -6 -7 -8 -9
leaf_value=0.027376261693629139 -0.030525546668062325 -0.015494106342887785 0.020990267772765827 0.01384652219115785 0.0066613745220220292 -0.0063976449837671373 -0.010526974455539123 0.0054509443152815076
leaf_weight=13.192272335290911 18.304677233099937 38.320876911282539 33.023493453860283 8.9170756787061709 17.36852103471756 8.1782366484403592 8.6711208671331388 11.194753661751745
leaf_count=53 74 154 133 36 70 33 35 45
internal_value=0.000509953 -0.00301714 0.00161107 -0.0153322 -0.00833281 0.0151623 0.00121649 0.019056
internal_weight=157.171 132.784 96.8911 35.8929 55.6894 41.2017 17.5882 24.387
internal_count=633 535 390 145 224 166 71 98
is_linear=0
shrinkage=0.03


Tree=17
num_leaves=11
num_cat=0
split_feature=16 28 36 40 15 15 36 11 24 24
split_gain=11.3729 8.50255 11.2251 11.1718 7.03027 6.16517 3.60764 2.57992 2.05582 1.26506
threshold=-14.030227191307963 8.5000000000000018 0.0048556314556027257 0.040036700403983001 -16.208070459804983 29.197283883476427 0.0045450106682876487 0.019766915983463255 -0.18016275342046331 -0.030389290660101553
decision_type=2 2 2 2 2 2 2 2 2 2
left_child=7 2 5 -4 8 -2 -6 -1 -3 -9
right_child=1 4 3 -5 6 -7 -8 9 -10 -11
leaf_value=0.0011128765040182521 0 -0.0071187551648118595 -0.0025600331563210973 0.021173725452561971 -0.0025842543654123777 -0.034273072225787737 -0.027096842806801486 0.0094902412828327364 0.01105420903781997 0.033005473597184601
leaf_weight=7.4673388600349453 8.711033299565317 8.6404910534620303 36.312277942895889 30.736850991845131 9.4078060090541857 7.7292533069849005 21.982130199670792 8.2138380408287102 9.1717846542596799 8.6862745881080574
leaf_count=30 35 35 146 124 38 31 89 33 37 35
internal_value=0.000499204 -0.00293834 0.00275826 0.00840098 -0.0126278 -0.0178565 -0.0207943 0.0185901 0.00165292 0.0245838
internal_weight=157.059 132.692 83.4894 67.0491 49.2022 16.4403 31.3899 24.3675 17.8123 16.9001
internal_count=633 535 336 270 199 66 127 98 72 68
is_linear=0
shrinkage=0.03


Tree=18
num_leaves=9
num_cat=0
split_feature=16 16 36 26 31 4 20 10
split_gain=10.8744 8.06506 14.1163 10.55 6.19752 5.96858 3.90713 3.11505
threshold=-14.030227191307963 -3.9289652646135127 0.0063832767231642466 0.22571283331896849 2.5000000000000004 -0.0043105485482635144 0.026292120489962576 -0.017448539025828432
decision_type=2 2 2 2 2 2 2 2
left_child=6 3 5 -2 -4 -3 -1 -5
right_child=1 2 4 7 -6 -7 -8 -9
leaf_value=0.026706207720340543 -0.029484112223720889 0.010513115250262037 0.020290445560571514 0.014772508887420792 -0.0062816290681598731 -0.012776837425545261 0.00056295087465456253 -0.0080257349917623542
leaf_weight=15.137933835387232 18.23955412209034 10.187537387013434 32.965741589665413 7.438936501741412 8.1684423387050611 45.448539450764656 9.2030337154865247 10.128660872578619
leaf_count=61 74 41 133 30 33 183 37 41
internal_value=0.000483449 -0.00287691 0.00154381 -0.0146705 0.0146194 -0.00803513 0.0181844 0.00138471
internal_weight=156.918 132.577 96.7703 35.8072 41.1342 55.6361 24.341 17.5676
internal_count=633 535 390 145 166 224 98 71
is_linear=0
shrinkage=0.03


Tree=19
num_leaves=7
num_cat=0
split_feature=16 34 36 37 12 11
split_gain=10.3346 7.15665 6.83351 10.6434 6.35981 1.90411
threshold=-14.993821925519873 0.041110437125884254 0.0043757886670886008 0.025600783074988035 42.645536013204719 0.042926429963894626
decision_type=2 2 2 2 2 2
left_child=5 2 3 -2 -4 -1
right_child=1 -3 4 -5 -6 -7
leaf_value=0.0052600727068687764 0.0051201646341802014 -0.023791694901811867 -0.0099630822490017323 -0.038137633215203984 0.0066474127891358826 0.026035391601265275
leaf_weight=10.189711689949037 8.4218987822532672 11.068157047033308 25.219230368733406 8.1798214912414533 81.339864745736122 12.378505975008009
leaf_count=41 34 45 102 33 328 50
internal_value=0.000475385 -0.00266448 -0.000296142 -0.0171959 0.00246692 0.0184575
internal_weight=156.797 134.229 123.161 16.6017 106.559 22.5682
internal_count=633 542 497 67 430 91
is_linear=0
shrinkage=0.03


Tree=20
num_leaves=9
num_cat=0
split_feature=21 20 21 32 8 19 23 20
split_gain=10.8806 7.68336 9.78522 9.9736 5.8554 4.70486 2.74087 2.72955
threshold=0.021770187909176415 0.025564020363806002 0.013938919929984151 0.0044381204951241546 0.0084460326154628621 0.20675979568578881 1.0144599124214218 0.032326179938293738
decision_type=2 2 2 2 2 2 2 2
left_child=1 2 3 -1 -4 -2 -3 -7
right_child=5 6 4 -5 -6 7 -8 -9
leaf_value=0 0.031392729914167736 -0.030803224579187955 -0.0013474122918660375 -0.027485999701362698 0.016149661245864481 -0.0060395399733855996 -0.0035037964353207456 0.016023250262635604
leaf_weight=36.687573879957199 11.159268334507944 8.6318488866090792 29.17554084956646 15.790542602539061 34.662173673510551 7.6714887320995313 7.6711694896221152 7.7047109454870224
leaf_count=148 45 35 118 64 140 31 31 31
internal_value=0.00099741 -0.00248448 0.000227551 -0.0090523 0.00812719 0.0178793 -0.0205639 0.00472426
internal_weight=159.154 132.619 116.316 52.4781 63.8377 26.5355 16.303 15.3762
internal_count=643 536 470 212 258 107 66 62
is_linear=0
shrinkage=0.03


Tree=21
num_leaves=8
num_cat=0
split_feature=21 38 38 12 12 4 12
split_gain=10.3678 10.0431 7.01565 8.65348 4.51455 4.29691 2.40714
threshold=0.021770187909176415 0.013065718230667824 0.010899820236199332 54.177434688177506 76.549012295844065 0.0082919857379406565 46.026958172207735
decision_type=2 2 2 2 2 2 2
left_child=1 2 3 -1 6 -4 -2
right_child=4 -3 5 -5 -6 -7 -8
leaf_value=-0.012539517928142748 0.0062566483472929523 -0.030829291553572374 0.024628448566949415 0.00443496849335402 -0.00028868970156098499 -0.0010705001884074494 0.032958621829341138
leaf_weight=47.626564085483551 7.4512788504362168 8.3528220355510694 12.85909026861191 56.070913255214691 7.6765326559543601 7.6418327242135993 11.381737828254698
leaf_count=193 30 34 52 226 31 31 46
internal_value=0.000956766 -0.00243986 0 -0.00330898 0.0174462 0.0151387 0.0247289
internal_weight=159.061 132.551 124.198 103.697 26.5095 20.5009 18.833
internal_count=643 536 502 419 107 83 76
is_linear=0
shrinkage=0.03


Tree=22
num_leaves=9
num_cat=0
split_feature=28 16 36 16 19 34 36 13
split_gain=11.9251 10.7813 9.96324 7.92417 9.14931 6.16199 3.74668 4.80357
threshold=8.5000000000000018 -8.678126019747106 0.0085586150258135565 -3.9289652646135127 0.064674246746380226 -0.010616597967966821 0.0045450106682876487 3.2163357793443876
decision_type=2 2 2 2 2 2 2 2
left_child=2 -2 3 5 -5 -1 -3 -8
right_child=1 6 -4 4 -6 -7 7 -9
leaf_value=0.010621547031190684 0.013391588420454988 -0.00065617574485843117 0.030870561923547528 -0.015428919237829231 0.014461565120745387 -0.016656008960157863 -0.028462953945857447 -0.00053106237143545456
leaf_weight=8.3991614282131213 11.642333939671515 11.651716798543928 11.845583528280256 8.9508684724569303 51.804517909884453 22.554232984781265 23.496576979756355 8.6020690798759443
leaf_count=34 47 47 48 36 209 91 96 35
internal_value=0.000934683 -0.00997694 0.00699202 0.00315464 0.00946751 -0.00860368 -0.0168369 -0.0218876
internal_weight=158.947 55.3927 103.554 91.7088 60.7554 30.9534 43.7504 32.0986
internal_count=643 225 418 370 245 125 178 131
is_linear=0
shrinkage=0.03


Tree=23
num_leaves=10
num_cat=0
split_feature=28 36 21 34 14 21 14 24 7
split_gain=11.2898 9.50357 7.50745 5.84103 5.60962 9.61246 8.76776 5.46095 2.31786
threshold=8.5000000000000018 0.0085586150258135565 0.018317890948860223 0.027638425936921011 -17.205589852897671 0.01378010872513291 14.194361164452063 -0.16823899371069179 0.012754370815309819
decision_type=2 2 2 2 2 2 2 2 2
left_child=1 2 7 -4 5 -2 -6 -1 -8
right_child=4 -3 3 -5 6 -7 8 -9 -10
leaf_value=-0.014179035713134169 -0.019024159167745684 0.030159604434689076 0.020515181102813307 -0.0061567089132179573 -0.033231734360449051 0.01850555621639503 0.0046549089537519439 0.0038559340605574554 -0.014059870359379259
leaf_weight=23.088191360235214 8.7286974191665667 11.808774471282957 26.1282998919487 7.9321930706500998 14.425127416849135 12.158790186047552 12.335895687341692 34.490018919110298 7.6514602601528159
leaf_count=93 36 48 106 32 59 49 50 139 31
internal_value=0.000904909 0.00680293 0.00305306 0.0138908 -0.00971885 0.0018749 -0.0168844 -0.00335732 -0.00245441
internal_weight=158.747 103.447 91.6387 34.0605 55.3 20.8875 34.4125 57.5782 19.9874
internal_count=643 418 370 138 225 85 140 232 81
is_linear=0
shrinkage=0.03


Tree=24
num_leaves=9
num_cat=0
split_feature=28 17 37 35 17 20 34 6
split_gain=10.7244 7.027 6.92591 6.03403 5.11117 4.16456 3.27248 1.77785
threshold=8.5000000000000018 -3.2445077556895217 0.042754990042420456 0.062741177410862395 1.2396506626693153 0.02110688854630954 0.022515759173616371 -0.019443964489138727
decision_type=2 2 2 2 2 2 2 2
left_child=1 7 4 5 6 -3 -2 -1
right_child=2 3 -4 -5 -6 -7 -8 -9
leaf_value=0 0.0082866488137640845 0.006865976163283917 -0.032362743348588921 -0.012309406706420277 -0.018195636482673354 0.022209431409568603 -0.010757584467879885 -0.016779671982198756
leaf_weight=7.6874483525753048 23.646835938096046 51.024991825222969 8.0790223181247693 7.4383941590785971 13.932664662599562 27.283207282423973 9.5501610636711103 9.9084962010383588
leaf_count=31 96 206 33 30 57 111 39 40
internal_value=0.000872623 0.00662521 -0.00948834 0.0102369 -0.00410405 0.0128185 0.00208184 -0.00945781
internal_weight=158.551 103.343 55.2087 85.7466 47.1297 78.3082 33.197 17.5959
internal_count=643 418 225 347 192 317 135 71
is_linear=0
shrinkage=0.03


Tree=25
num_leaves=10
num_cat=0
split_feature=34 32 38 5 34 38 32 25 14
split_gain=7.91561 6.52415 6.88432 8.36221 6.85856 4.26985 3.16174 2.06449 0.219491
threshold=0.034830690815106487 0.0069092978367275579 0.0080925376007762746 0.015771406481057685 0.01529634996755991 0.008907906550449084 0.010621267413473136 0.10000137328682469 22.512888191530809
decision_type=2 2 2 2 2 2 2 2 2
left_child=1 2 4 -4 -1 -2 8 -8 -3
right_child=5 6 3 -5 -6 -7 7 -9 -10
leaf_value=-0.011602385093726327 0.00020183737492987023 -0.022549932417172198 0.022997476162639686 0.00079827148666877031 0.015475692491399981 -0.024591647972446853 0.011310410979894617 -0.0066168427377458943 -0.0069755449976648797
leaf_weight=25.672759279608727 8.168602257966997 7.4263650178909284 32.062417820096016 30.599871948361397 9.8801988959312421 14.361053839325903 7.3700942546129253 13.059964105486868 7.9057663828134537
leaf_count=104 33 30 130 124 40 59 30 53 32
internal_value=0 0.00280801 0.00685682 0.0127489 -0.00325449 -0.0157072 -0.00768843 0 -0.0171163
internal_weight=156.507 133.977 98.2152 62.6623 35.553 22.5297 35.7622 20.4301 15.3321
internal_count=635 543 398 254 144 92 145 83 62
is_linear=0
shrinkage=0.03


Tree=26
num_leaves=11
num_cat=0
split_feature=21 28 5 32 40 16 2 16 24 23
split_gain=7.39005 7.56122 10.9738 7.55554 7.03588 8.5385 6.50263 6.40446 2.84946 1.82639
threshold=0.013604857518322711 2.5000000000000004 -0.020188835677366786 0.0071710462952608864 0.0088156867506637999 2.7974870192900458 0.00068875433926207663 7.0287219957511882 0.32129689872045114 1.0337578226273458
decision_type=2 2 2 2 2 2 2 2 2 2
left_child=4 8 3 -3 6 -6 -1 -4 -2 -7
right_child=1 2 7 -5 5 9 -8 -9 -10 -11
leaf_value=-0.0048754640255558026 0.033191217485217986 0.024192310869206118 -0.014698907143763934 -0.0057851369875662213 0.019295580139116735 -0.021903157372432813 -0.039521342219179884 0.0038436611034346271 0.0045712119660962633 -0.00038206538458570362
leaf_weight=12.477410897612573 8.1229562163352949 21.484123587608341 34.682650789618492 9.1467245519161207 10.901550263166429 7.4338907599449149 8.5396931618452054 27.806580111384392 7.6317979991435996 8.2050275355577451
leaf_count=51 33 87 141 37 44 30 35 113 31 33
internal_value=0 0.00427548 0.000673059 0.0149751 -0.00965978 0.000294736 -0.0218154 -0.00635189 0.0222488 -0.012786
internal_weight=156.432 108.875 93.1201 30.6308 47.5576 26.5405 21.0171 62.4892 15.7548 15.6389
internal_count=635 442 378 124 193 107 86 254 64 63
is_linear=0
shrinkage=0.03


Tree=27
num_leaves=7
num_cat=0
split_feature=34 8 12 34 16 35
split_gain=7.42304 6.14757 7.89671 6.164 6.05738 4.86928
threshold=0.034830690815106487 -0.037143059864288751 42.485534591360548 0.01434313344237126 -3.5823842932346337 0.040253656556901947
decision_type=2 2 2 2 2 2
left_child=1 -1 4 -4 -3 -2
right_child=5 2 3 -5 -6 -7
leaf_value=0.02062413900347166 0.0011044867730700069 -0.024635282920952083 -0.00059304294517575895 0.015317984585546084 0.0038493971775869916 -0.025165448594363711
leaf_weight=13.321940645575522 8.5770825892686862 15.427292317152025 66.912901446223259 29.349542260169983 8.8391362130641919 13.87671375274658
leaf_count=54 35 63 271 119 36 57
internal_value=0 0.00270696 0.000299859 0.00431847 -0.0141855 -0.0152476
internal_weight=156.305 133.851 120.529 96.2624 24.2664 22.4538
internal_count=635 543 489 390 99 92
is_linear=0
shrinkage=0.03


Tree=28
num_leaves=9
num_cat=0
split_feature=34 32 28 38 34 17 38 37
split_gain=7.03448 6.0669 9.28402 6.32824 6.20903 4.78797 3.98956 1.7627
threshold=0.034830690815106487 0.0069092978367275579 2.5000000000000004 0.0080925376007762746 0.01529634996755991 -2.4256363359343127 0.008907906550449084 -0.00076089866575368415
decision_type=2 2 2 2 2 2 2 2
left_child=1 3 -3 4 -1 -5 -2 -4
right_child=6 2 7 5 -6 -7 -8 -9
leaf_value=-0.011106406042712975 0.00043466963324062616 0.017163700426291714 -0.0019559528203758067 -0.000666361422880823 0.014663396134192411 0.017062404928620118 -0.023496718500027491 -0.020772481611861428
leaf_weight=25.627551198005676 8.1460589617490786 8.109870567917822 8.6553108394145983 16.792524561285973 9.86360916495323 45.788938462734222 14.26173974573612 18.945446908473969
leaf_count=104 33 33 35 68 40 186 59 77
internal_value=0 0.00263348 -0.0074888 0.00654514 -0.00314426 0.0121997 -0.0148595 -0.0159094
internal_weight=156.191 133.783 35.7106 98.0726 35.4912 62.5815 22.4078 27.6008
internal_count=635 543 145 398 144 254 92 112
is_linear=0
shrinkage=0.03


Tree=29
num_leaves=7
num_cat=0
split_feature=34 8 12 16 34 38
split_gain=6.66086 5.8096 7.42867 5.70367 5.68628 3.8129
threshold=0.034830690815106487 -0.037143059864288751 42.485534591360548 -3.5823842932346337 0.01434313344237126 0.008907906550449084
decision_type=2 2 2 2 2 2
left_child=1 -1 3 -3 -4 -2
right_child=5 2 4 -5 -6 -7
leaf_value=0.019989030776996087 0.00042419895321337459 -0.024007007892481207 -0.00059214376762697029 0.0036186413709136003 0.014688304017049889 -0.02294864193413889
leaf_weight=13.289973199367521 8.146086588501932 15.383185669779779 66.889070317149162 8.8408325463533384 29.322407141327858 14.212786987423895
leaf_count=54 33 63 271 36 119 59
internal_value=0 0.00255533 0.000213922 -0.0138457 0.00411643 -0.0144817
internal_weight=156.084 133.725 120.435 24.224 96.2115 22.3589
internal_count=635 543 489 99 390 92
is_linear=0
shrinkage=0.03


Tree=30
num_leaves=9
num_cat=0
split_feature=36 37 4 36 5 2 24 23
split_gain=10.9826 8.572 9.26546 8.22455 6.57263 5.37848 1.9677 1.66273
threshold=0.0085586150258135565 0.0034505302741475456 -0.0096427178120755391 0.0063832767231642466 0.0058360162010592251 -0.020363494331201545 -0.18016275342046331 0.86951785365936207
decision_type=2 2 2 2 2 2 2 2
left_child=1 4 6 -4 5 -1 -3 -2
right_child=7 2 3 -5 -6 -7 -8 -9
leaf_value=-0.0019649836569479761 0.0059800138798331137 -0.033333956011011197 -0.011616702819408169 0.0090240768291901252 -0.011369547798014655 0.021036549903187516 -0.0090816350056629903 0.029962908292610394
leaf_weight=12.51224237680435 7.8404243290424329 13.124730229377748 42.927289947867393 25.814199045300484 11.969473794102667 21.906414926052094 8.7967264503240568 7.8202126622200012
leaf_count=51 32 54 174 105 49 89 36 32
internal_value=-0.00132165 -0.00422552 -0.00958451 -0.00361753 0.00590156 0.0126142 -0.0258019 0.0208423
internal_weight=152.712 137.051 90.6629 68.7415 46.3881 34.4187 21.9215 15.6606
internal_count=622 558 369 279 189 140 90 64
is_linear=0
shrinkage=0.03


Tree=31
num_leaves=10
num_cat=0
split_feature=36 28 23 5 21 23 5 5 23
split_gain=10.4946 7.06596 12.7614 10.9036 6.50009 6.45747 4.83573 3.48561 1.58035
threshold=0.0085586150258135565 5.5000000000000009 1.1144520539213951 -0.0039132440217016775 0.019101420274467849 1.0852122400596822 0.16127131634179695 0.020249950617907245 0.86951785365936207
decision_type=2 2 2 2 2 2 2 2 2
left_child=1 4 3 -3 5 -1 -6 -4 -2
right_child=8 2 7 -5 6 -7 -8 -9 -10
leaf_value=0.0042788854319075528 0.005838070592187267 -0.0017140980637210547 0.015259654257754798 -0.028266447331876977 0.028298760686786127 -0.023914107879440032 0 -0.0043096788651294697 0.029325943585731686
leaf_weight=22.70173075795174 7.8387716561555845 25.923368185758591 16.016498848795894 32.495841354131699 11.490817770361902 8.1699709892272931 8.0828856676816923 12.074293598532675 7.7941976487636566
leaf_count=92 32 106 65 133 47 33 33 49 32
internal_value=-0.00128367 -0.00412438 -0.00930594 -0.0171789 0.0044916 -0.00372691 0.017293 0.00662229 0.0203972
internal_weight=152.588 136.955 86.51 58.4192 50.4454 30.8717 19.5737 28.0908 15.633
internal_count=622 558 353 239 205 125 80 114 64
is_linear=0
shrinkage=0.03


Tree=32
num_leaves=10
num_cat=0
split_feature=36 28 23 21 23 19 36 16 23
split_gain=10.0173 6.68243 12.0836 6.18739 6.1465 5.68664 4.77958 3.43895 1.50299
threshold=0.0085586150258135565 5.5000000000000009 1.1144520539213951 0.019101420274467849 1.0852122400596822 0.062107228210787853 0.0059954520813274405 8.9592871955619895 0.86951785365936207
decision_type=2 2 2 2 2 2 2 2 2
left_child=1 3 5 4 -1 -3 -5 -4 -2
right_child=8 2 7 6 -6 -7 -8 -9 -10
leaf_value=0.0041612728139257546 0.0056995544398744224 0.0018742595384118603 0.012938725484705618 0 -0.023337633917402713 -0.020963674983202261 0.028429805946316632 -0.0079361786653292504 0.028710895970021716
leaf_weight=22.699622943997387 7.8370310962200147 10.366995453834532 20.191024184226993 8.6168907582759875 8.170024171471594 47.956260710954666 10.909638002514837 7.9073642790317527 7.7656051516532898
leaf_count=92 32 42 82 35 33 197 45 32 32
internal_value=-0.0012328 -0.00401112 -0.00905424 0.00436627 -0.00363747 -0.016728 0.0168786 0.00642881 0.0199655
internal_weight=152.42 136.818 86.4216 50.3962 30.8696 58.3233 19.5265 28.0984 15.6026
internal_count=622 558 353 205 125 239 80 114 64
is_linear=0
shrinkage=0.03


Tree=33
num_leaves=9
num_cat=0
split_feature=36 37 18 36 5 35 36 38
split_gain=9.55542 7.89853 10.1022 8.97276 6.22498 5.40796 5.40732 1.31334
threshold=0.0085586150258135565 0.0034505302741475456 0.54940160479975442 0.0063832767231642466 0.0058360162010592251 0.057377036620360873 0.0049900352998058324 0.0084763836862541374
decision_type=2 2 2 2 2 2 2 2
left_child=1 4 6 -4 5 -1 -3 -2
right_child=7 2 3 -5 -6 -7 -8 -9
leaf_value=0.019213296517500537 0.0051675320870153809 0 -0.010696322364188398 0.011847749825587556 -0.01101253557531404 -0.0054823408260480169 -0.031061257055635314 0.02726637186379343
leaf_weight=25.337203443050385 7.2841429710388175 7.3916293978691128 39.417691484093666 23.50832287967205 11.907765552401541 9.0505674779415113 20.059016361832619 8.2857244908809644
leaf_count=103 30 30 160 96 49 37 83 34
internal_value=-0.00117471 -0.00389133 -0.00905115 -0.0019376 0.00582859 0.0123573 -0.0236095 0.0195466
internal_weight=152.242 136.672 90.3767 62.926 46.2955 34.3878 27.4506 15.5699
internal_count=622 558 369 256 189 140 113 64
is_linear=0
shrinkage=0.03


Tree=34
num_leaves=9
num_cat=0
split_feature=36 37 33 2 0 35 36 23
split_gain=9.12904 7.45319 10.3209 6.03809 6.45713 5.9721 3.94891 1.50743
threshold=0.0085586150258135565 0.0034505302741475456 0.67057989822751962 -0.023310630008935681 0.0060301786875713867 0.01753819340906038 0.0049900352998058324 0.86951785365936207
decision_type=2 2 2 2 2 2 2 2
left_child=1 3 6 -1 -5 -4 -3 -2
right_child=7 2 5 4 -6 -7 -8 -9
leaf_value=-0.0092171231828608799 0.0051165162037573441 -0.0020412042198934633 0.010096681750937765 0.022302438984264279 -0.0037791353585484933 -0.0091362107074363322 -0.026652737278985653 0.027819384600867726
leaf_weight=14.197452768683432 7.822574779391287 9.5976264327764493 24.484833151102066 20.542430862784386 11.532332465052603 30.070482760667801 26.09859225153923 7.7154676467180252
leaf_count=58 32 39 100 84 47 122 108 32
internal_value=-0.00113798 -0.00379613 -0.00881472 0.00564127 0.0128133 -0.000187317 -0.0208927 0.0191319
internal_weight=152.062 136.524 90.2515 46.2722 32.0748 54.5553 35.6962 15.538
internal_count=622 558 369 189 131 222 147 64
is_linear=0
shrinkage=0.03


Tree=35
num_leaves=6
num_cat=0
split_feature=34 4 38 4 38
split_gain=9.36172 8.25395 7.56239 7.7198 3.98837
threshold=0.035715623315696228 -0.05850334761306069 0.013065718230667824 -0.0091370756481681231 0.0088616659400370789
decision_type=2 2 2 2 2
left_child=1 -1 3 -3 -2
right_child=4 2 -4 -5 -6
leaf_value=0.027882346953184409 -0.0001814901782503845 -0.0079996010936840608 -0.021220843505205957 0.0084568689564246593 -0.026149030710932664
leaf_weight=8.9541158080100995 9.8229846358299273 35.398969039320946 10.765981137752531 76.981409355998039 13.935684904456137
leaf_count=37 40 145 44 313 59
internal_value=-0.000193643 0.00289544 0.000542195 0.00309283 -0.0168428
internal_weight=155.859 132.1 123.146 112.38 23.7587
internal_count=638 539 502 458 99
is_linear=0
shrinkage=0.03


Tree=36
num_leaves=7
num_cat=0
split_feature=34 4 12 33 19 15
split_gain=8.90598 7.89717 7.16106 8.68711 6.50025 3.7735
threshold=0.035715623315696228 -0.05850334761306069 40.798964840011429 0.1454560242346804 0.13164928974281556 26.556382118677174
decision_type=2 2 2 2 2 2
left_child=1 -1 3 -3 -4 -2
right_child=5 2 4 -5 -6 -7
leaf_value=0.027297628091073004 -0.025655320275934479 0.008073279256180536 0.010163090486704411 -0.024889734834473334 -0.0055674240612131791 -0.00034803748296428417
leaf_weight=8.9149687141180021 13.736869543790819 9.5287143439054507 62.429261922836304 16.742991343140602 34.407699003815651 9.9462973177432996
leaf_count=37 58 39 254 69 140 41
internal_value=-0.000198277 0.00281012 0.000508916 -0.0126782 0.00442247 -0.0164657
internal_weight=155.707 132.024 123.109 26.2717 96.837 23.6832
internal_count=638 539 502 108 394 99
is_linear=0
shrinkage=0.03


Tree=37
num_leaves=6
num_cat=0
split_feature=34 4 38 4 38
split_gain=8.4753 7.55338 7.06143 7.11463 3.78119
threshold=0.035715623315696228 -0.05850334761306069 0.013065718230667824 -0.0091370756481681231 0.0088616659400370789
decision_type=2 2 2 2 2
left_child=1 -1 3 -3 -2
right_child=4 2 -4 -5 -6
leaf_value=0.026731494367156116 0 -0.0076950991272024876 -0.02054902627474807 0.0081063794419866612 -0.025200615630584369
leaf_weight=8.8736440241336805 9.819722920656206 35.350758224725723 10.757392346858976 76.965655028820038 13.802404671907423
leaf_count=37 40 145 44 313 59
internal_value=-0.000196829 0.00273409 0.00048416 0.00295415 -0.0160892
internal_weight=155.57 131.947 123.074 112.316 23.6221
internal_count=638 539 502 458 99
is_linear=0
shrinkage=0.03


Tree=38
num_leaves=7
num_cat=0
split_feature=36 38 38 0 17 12
split_gain=6.0111 7.25027 9.88126 5.48471 3.41892 1.73401
threshold=0.0085586150258135565 0.013065718230667824 0.011130931555086538 -0.004450898785480272 1.0526487531759161 58.730562216084429
decision_type=2 2 2 2 2 2
left_child=1 2 3 -1 -4 -2
right_child=5 -3 4 -5 -6 -7
leaf_value=-0.013105690767683238 0.0034823787990101184 -0.024262330279134398 0.025840547790637845 0.00073514958054916098 0.00038619500002708986 0.025176692683012369
leaf_weight=37.30476088821888 9.1982648819685 10.472259670495985 13.154619157314302 68.974650099873543 8.8004898875951749 7.4983846098184577
leaf_count=153 38 44 54 282 36 31
internal_value=-0.000200986 -0.00241474 -0.000170188 -0.00413688 0.0171477 0.0156785
internal_weight=155.403 138.707 128.235 106.279 21.9551 16.6966
internal_count=638 569 525 435 90 69
is_linear=0
shrinkage=0.03


Tree=39
num_leaves=6
num_cat=0
split_feature=40 38 21 17 2
split_gain=7.63749 9.22946 9.74777 7.39517 5.87296
threshold=-0.059292237359456927 0.013065718230667824 0.013518619303644062 -0.11375558709949106 0.007845224177059908
decision_type=2 2 2 2 2
left_child=-1 2 3 -2 -4
right_child=1 -3 4 -5 -6
leaf_value=0.023138792511745242 0.001243048483434372 -0.024482224988563776 -0.00060726038318342649 -0.021488513041171848 0.014614799691913219
leaf_weight=9.6190868169069272 23.122335433959961 12.937027543783186 46.642172396183014 23.655534818768501 39.304250806570053
leaf_count=40 94 54 191 98 161
internal_value=-0.00017673 -0.00211056 0.000289806 -0.0103545 0.00635745
internal_weight=155.28 145.661 132.724 46.7779 85.9464
internal_count=638 598 544 192 352
is_linear=0
shrinkage=0.03


Tree=40
num_leaves=9
num_cat=0
split_feature=34 37 4 40 11 0 14 19
split_gain=10.2896 10.7433 10.6932 6.09338 4.5942 4.2138 4.15952 0.233664
threshold=0.041110437125884254 0.0034505302741475456 -0.0096427178120755391 0.025671758218446365 0.036187405974871918 0.011553656686295712 -31.116894381798826 0.12778135458124742
decision_type=2 2 2 2 2 2 2 2
left_child=1 4 6 -4 5 -1 -3 -2
right_child=7 2 3 -5 -6 -7 -8 -9
leaf_value=0.025613103676450623 -0.027946406984885305 -0.0015737996500654501 -0.012095366435163495 0.0074685275718436245 0 0 -0.031583912124433428 -0.0092458280254754058
leaf_weight=25.951471388339996 7.3226062357425672 7.9028304815292385 16.754915341734886 55.782535940408707 14.33504596352577 7.6216880083084098 11.584716811776159 7.2800789326429367
leaf_count=106 32 33 68 228 59 31 48 30
internal_value=0.000476009 0.00317648 -0.00271141 0.00254507 0.0144423 0.0202204 -0.0213912 -0.0217637
internal_weight=154.536 139.933 92.025 72.5375 47.9082 33.5732 19.4875 14.6027
internal_count=635 573 377 296 196 137 81 62
is_linear=0
shrinkage=0.03


Tree=41
num_leaves=9
num_cat=0
split_feature=34 37 4 5 14 19 22 19
split_gain=9.83217 10.1949 10.1798 4.36867 3.95887 3.77088 3.33155 0.218942
threshold=0.041110437125884254 0.0034505302741475456 -0.0096427178120755391 0.0046116423631374923 -31.116894381798826 0.12499335329802465 -0.34601494090371626 0.12778135458124742
decision_type=2 2 2 2 2 2 2 2
left_child=1 3 4 5 -3 -1 -4 -2
right_child=7 2 6 -5 -6 -7 -8 -9
leaf_value=0.026916614132974217 -0.027430874579660709 -0.0015364063271309865 0.018496410484547674 -0.00015843748948063971 -0.030891804246464493 0.004893085348594511 0 -0.0090353414607423372
leaf_weight=21.16805075109005 7.2747335135936719 7.9010167717933681 8.0822038948535901 12.447444543242453 11.534501194953917 14.256504878401755 64.42076088488102 7.2728863507509232
leaf_count=86 32 33 33 51 48 59 263 30
internal_value=0.000432537 0.00307332 -0.00266166 0.0140532 -0.0209147 0.0191893 0.0024601 -0.0213443
internal_weight=154.358 139.81 91.9385 47.872 19.4355 35.4246 72.503 14.5476
internal_count=635 573 377 196 81 145 296 62
is_linear=0
shrinkage=0.03


Tree=42
num_leaves=7
num_cat=0
split_feature=34 40 22 40 28 19
split_gain=9.40791 7.90204 7.64698 4.63546 4.10355 0.205231
threshold=0.041110437125884254 -0.029993405424087568 -0.37542960813007931 0.023709628993975777 4.5000000000000009 0.12778135458124742
decision_type=2 2 2 2 2 2
left_child=1 4 -3 -4 -1 -2
right_child=5 2 3 -5 -6 -7
leaf_value=0.030868679143661277 -0.026929959720298498 0.024100652977130658 -0.0094031028055544131 0.0027496667994721751 0.0038661568161019876 -0.0088298047012698791
leaf_weight=10.442055761814119 7.2256924510002118 8.5824268162250501 48.194402471184731 60.348861828446388 12.145775362849234 7.2655832022428513
leaf_count=43 32 35 198 247 50 30
internal_value=0.000403302 0.00298672 -0.000130124 -0.0025831 0.0184546 -0.020936
internal_weight=154.205 139.714 117.126 108.543 22.5878 14.4913
internal_count=635 573 480 445 93 62
is_linear=0
shrinkage=0.03


Tree=43
num_leaves=7
num_cat=0
split_feature=34 10 12 33 3 27
split_gain=9.02349 6.04072 7.67447 7.73689 5.47173 2.12643
threshold=0.041110437125884254 -0.029753671025981584 41.768091438711494 0.1454560242346804 0.02353551306397517 2.5000000000000004
decision_type=2 2 2 2 2 2
left_child=1 -1 3 -3 -4 -2
right_child=5 2 4 -5 -6 -7
leaf_value=0.020699578037346233 -0.030737019022155022 0.0058237863361722091 0.0097949493538814734 -0.026613366700076958 -0.0039701036212590008 -0.0043734928244544826
leaf_weight=13.402571246027945 7.1755365282297117 9.0196775794029254 62.760787516832352 14.37179212272167 40.066828772425652 7.2582764178514481
leaf_count=56 31 37 256 60 164 31
internal_value=0.000397896 0.00292761 0.000630068 -0.0140414 0.00431488 -0.0205381
internal_weight=154.055 139.622 126.219 23.3915 102.828 14.4338
internal_count=635 573 517 97 420 62
is_linear=0
shrinkage=0.03


Tree=44
num_leaves=9
num_cat=0
split_feature=34 37 4 35 0 10 37 27
split_gain=8.63507 9.49881 9.97896 4.81123 3.83352 5.62441 2.26028 2.03872
threshold=0.041110437125884254 0.0043833246663369527 -0.0096427178120755391 -0.010530900344071279 0.015335955557357785 -0.017943273411836321 0.016709170770664142 2.5000000000000004
decision_type=2 2 2 2 2 2 2 2
left_child=1 4 6 -4 5 -1 -3 -2
right_child=7 2 3 -5 -6 -7 -8 -9
leaf_value=0.029929210676260878 -0.030184713598041063 -0.004541767807386245 -0.01026086999648303 0.0068511592925337818 -0.0042220576846770975 0.0062924914696000167 -0.029230089349162418 -0.0042729906237426365
leaf_weight=16.140883564949036 7.1249864846467954 7.8324704915285137 17.68571999669075 54.283083021640778 7.3393515050411215 25.202942878007889 11.039066880941389 7.253241553902626
leaf_count=67 31 33 73 221 30 103 46 31
internal_value=0.000369034 0.0028441 -0.00277011 0.0022795 0.0133118 0.0168217 -0.0211192 -0.0201471
internal_weight=153.902 139.524 90.8403 71.9688 48.6832 41.3438 18.8715 14.3782
internal_count=635 573 373 294 200 170 79 62
is_linear=0
shrinkage=0.03


Tree=45
num_leaves=7
num_cat=0
split_feature=22 37 36 2 35 19
split_gain=5.09013 5.97449 4.54877 4.19953 3.90628 2.31001
threshold=-0.37542960813007931 -0.011633926972009654 0.0085586150258135565 -0.014112636152275202 0.050753853021297209 0.13527886264327926
decision_type=2 2 2 2 2 2
left_child=-1 4 3 -3 5 -2
right_child=1 2 -4 -5 -6 -7
leaf_value=0.018768561224059527 0.022644307978944973 -0.016813169377001735 0.01524338104859916 -0.002349875112658367 -0.004262241740666097 0.00069503900136219968
leaf_weight=11.104015573859213 15.366628110408785 23.031471729278564 7.7309281826019278 80.938676774501801 9.6244668811559659 7.8596985787153235
leaf_count=46 63 96 32 333 40 33
internal_value=0.000818769 -0.000695043 -0.00411097 -0.00595218 0.0100589 0.0164554
internal_weight=155.656 144.552 111.701 103.97 32.8508 23.2263
internal_count=643 597 461 429 136 96
is_linear=0
shrinkage=0.03


Tree=46
num_leaves=9
num_cat=0
split_feature=34 28 16 17 20 17 21 21
split_gain=6.22181 4.32858 9.9711 7.25186 5.56114 4.88566 2.52997 2.05925
threshold=0.035715623315696228 8.5000000000000018 -8.678126019747106 -2.9697240692583189 0.020317120685002809 0.89547814001283588 0.014337621296757646 0.018477075612834914
decision_type=2 2 2 2 2 2 2 2
left_child=1 3 -3 7 -4 -5 -2 -1
right_child=6 2 4 5 -6 -7 -8 -9
leaf_value=-0.019075472696158849 -0.024881863855854336 0.021084505969675718 0.00042657001285695045 0.018529031289917921 -0.021226149120027057 0.0025766833788086218 -0.0019247222694091372 0
leaf_weight=8.084740683436392 8.5186963677406329 9.065947547554968 18.267789840698242 37.141103267669678 19.715598165988922 36.767944142222404 10.649499237537382 7.3295276015996924
leaf_count=33 37 37 75 153 82 151 45 30
internal_value=0.000807732 0.00320383 -0.00385271 0.00708795 -0.0109369 0.0110677 -0.0142228 -0.0102126
internal_weight=155.541 136.373 47.0493 89.3233 37.9834 73.909 19.1682 15.4143
internal_count=643 561 194 367 157 304 82 63
is_linear=0
shrinkage=0.03


Tree=47
num_leaves=9
num_cat=0
split_feature=28 23 21 2 37 23 21 10
split_gain=4.89216 9.84392 5.07131 4.74373 6.12949 4.38535 5.74302 2.39683
threshold=8.5000000000000018 1.1238031003201285 0.01011560256858182 -0.024316908963431635 0.026648636712105937 0.87995937914069655 0.014462863558263509 -0.017448539025828432
decision_type=2 2 2 2 2 2 2 2
left_child=2 5 -1 -4 -5 6 -2 -7
right_child=1 -3 3 4 -6 7 -8 -9
leaf_value=-0.016061591988152157 0.014968639265263872 0.014335634793416452 -0.0082669904372300474 0.017282657794162555 0.00035476131656731852 -0.0047839687734132792 -0.014391903000715208 -0.029886017158944483
leaf_weight=7.3251035660505286 7.7876739650964764 13.333989217877386 13.261735036969183 42.280474424362183 37.500890329480171 7.5979808419942865 12.989657416939734 13.26150968670845
leaf_count=30 32 55 55 174 154 32 55 56
internal_value=0.000774962 -0.00616844 0.00477055 0.00687193 0.00971245 -0.0134346 -0.0023805 -0.0226174
internal_weight=155.339 54.9708 100.368 93.0431 79.7814 41.6368 20.7773 20.8595
internal_count=643 230 413 383 328 175 87 88
is_linear=0
shrinkage=0.03


Tree=48
num_leaves=7
num_cat=0
split_feature=34 38 34 37 12 21
split_gain=5.84313 4.02978 4.50936 7.07072 2.94002 2.40717
threshold=0.035715623315696228 0.013306632180492451 0.017992917989389071 0.053073017408123764 42.485534591360548 0.014337621296757646
decision_type=2 2 2 2 2 2
left_child=1 2 3 -1 -4 -2
right_child=5 -3 4 -5 -6 -7
leaf_value=0.0043906738905039348 -0.02430375421327528 -0.011507552178508454 0 -0.02028839211547305 0.019175643927837379 -0.0018333725175622047
leaf_weight=81.583634614944458 8.4507592022418994 12.835825115442274 7.891990169882777 9.8670563548803312 23.915705114603043 10.628366261720656
leaf_count=335 37 54 33 41 98 45
internal_value=0.000736482 0.00306241 0.00485895 0.0011902 0.0142689 -0.0138595
internal_weight=155.173 136.094 123.258 91.4507 31.8077 19.0791
internal_count=643 561 507 376 131 82
is_linear=0
shrinkage=0.03


Tree=49
num_leaves=10
num_cat=0
split_feature=34 28 17 13 14 14 37 13 26
split_gain=5.56652 3.83543 6.66339 4.73302 4.68554 6.64066 3.50909 2.30146 2.1861
threshold=0.035715623315696228 8.5000000000000018 -2.9697240692583189 -5.1110999218006077 -17.205589852897671 9.8022358989355798 -0.0032447397178275157 -3.9366341333667694 0.2928946999942556
decision_type=2 2 2 2 2 2 2 2 2
left_child=1 2 7 -4 6 -6 -3 -1 -2
right_child=8 4 3 -5 5 -7 -8 -9 -10
leaf_value=-0.019663000218131381 -0.021597621235735383 0.019129393701842575 0.028192962871220757 0.0066175170307224661 -0.028175147675040639 0 -0.0045287630862768102 0.00048256342171318985 0
leaf_weight=7.797419011592865 10.523162081837656 9.0494525283575076 10.160525113344191 63.586971074342728 10.283369138836862 18.854545742273331 8.7216716706752759 7.6152531653642637 8.5047232508659345
leaf_count=32 46 37 42 262 43 77 37 31 36
internal_value=0.000690217 0.00296118 0.00662414 0.010454 -0.0036805 -0.0110098 0.00747623 -0.00993568 -0.0135733
internal_weight=155.097 136.069 89.1602 73.7475 46.909 29.1379 17.7711 15.4127 19.0279
internal_count=643 561 367 304 194 120 74 63 82
is_linear=0
shrinkage=0.03


end of trees

feature_importances:
macd_hist=33
macro_usdjpy_ret_20=31
macro_usdjpy_vol_20=26
volatility=24
macro_topix_vol_20=24
month=20
macro_topix_ret_20=20
vol_ratio=17
macd=16
macd_hist_change=14
macro_nikkei_ret_20=14
rsi=13
bb_bandwidth=13
return_10d=11
macro_usdjpy_ret_60=11
atr_pct=9
return_20d=8
div_ma_20=7
ma_5_20_cross=7
lower_shadow_pct=7
return_1d=6
return_3d=6
gap=6
ma_20_60_cross=5
macd_signal=5
vol_change=5
candle_body_pct=5
div_ma_60=4
rsi_change=4
div_ma_10=3
price_position_20d=3
return_5d=2
day_of_week=2
streak=2
return_2d=1
div_ma_5=1
bb_pct_b=1
upper_shadow_pct=1

parameters:
[boosting: gbdt]
[objective: binary]
[metric: binary_logloss]
[tree_learner: serial]
[device_type: cpu]
[data_sample_strategy: bagging]
[data: ]
[valid: ]
[num_iterations: 50]
[learning_rate: 0.03]
[num_leaves: 15]
[num_threads: 0]
[seed: 42]
[deterministic: 0]
[force_col_wise: 0]
[force_row_wise: 0]
[histogram_pool_size: -1]
[max_depth: 4]
[min_data_in_leaf: 30]
[min_sum_hessian_in_leaf: 0.001]
[bagging_fraction: 0.7]
[pos_bagging_fraction: 1]
[neg_bagging_fraction: 1]
[bagging_freq: 5]
[bagging_seed: 400]
[bagging_by_query: 0]
[feature_fraction: 0.6]
[feature_fraction_bynode: 1]
[feature_fraction_seed: 30056]
[extra_trees: 0]
[extra_seed: 12879]
[early_stopping_round: 0]
[early_stopping_min_delta: 0]
[first_metric_only: 0]
[max_delta_step: 0]
[lambda_l1: 0.5]
[lambda_l2: 2]
[linear_lambda: 0]
[min_gain_to_split: 0]
[drop_rate: 0.1]
[max_drop: 50]
[skip_drop: 0.5]
[xgboost_dart_mode: 0]
[uniform_drop: 0]
[drop_seed: 17869]
[top_rate: 0.2]
[other_rate: 0.1]
[min_data_per_group: 100]
[max_cat_threshold: 32]
[cat_l2: 10]
[cat_smooth: 10]
[max_cat_to_onehot: 4]
[top_k: 20]
[monotone_constraints: ]
[monotone_constraints_method: basic]
[monotone_penalty: 0]
[feature_contri: ]
[forcedsplits_filename: ]
[refit_decay_rate: 0.9]
[cegb_tradeoff: 1]
[cegb_penalty_split: 0]
[cegb_penalty_feature_lazy: ]
[cegb_penalty_feature_coupled: ]
[path_smooth: 0]
[interaction_constraints: ]
[verbosity: -1]
[saved_feature_importance_type: 0]
[use_quantized_grad: 0]
[num_grad_quant_bins: 4]
[quant_train_renew_leaf: 0]
[stochastic_rounding: 1]
[linear_tree: 0]
[max_bin: 255]
[max_bin_by_feature: ]
[min_data_in_bin: 5]
[bin_construct_sample_cnt: 200000]
[data_random_seed: 175]
[is_enable_sparse: 1]
[enable_bundle: 1]
[use_missing: 1]
[zero_as_missing: 0]
[feature_pre_filter: 1]
[pre_partition: 0]
[two_round: 0]
[header: 0]
[label_column: ]
[weight_column: ]
[group_column: ]
[ignore_column: ]
[categorical_feature: ]
[forcedbins_filename: ]
[precise_float_parser: 0]
[parser_config_file: ]
[objective_seed: 16083]
[num_class: 1]
[is_unbalance: 0]
[scale_pos_weight: 1]
[sigmoid: 1]
[boost_from_average: 1]
[reg_sqrt: 0]
[alpha: 0.9]
[fair_c: 1]
[poisson_max_delta_step: 0.7]
[tweedie_variance_power: 1.5]
[lambdarank_truncation_level: 30]
[lambdarank_norm: 1]
[label_gain: ]
[lambdarank_position_bias_regularization: 0]
[eval_at: ]
[multi_error_top_k: 1]
[auc_mu_weights: ]
[num_machines: 1]
[local_listen_port: 12400]
[time_out: 120]
[machine_list_filename: ]
[machines: ]
[gpu_platform_id: -1]
[gpu_device_id: -1]
[gpu_use_dp: 0]
[num_gpu: 1]

end of parameters

pandas_categorical:[]
