tree
version=v4
num_class=1
num_tree_per_iteration=1
label_index=0
max_feature_idx=44
objective=binary sigmoid:1
feature_names=return_1d return_2d return_3d return_5d return_10d return_20d div_ma_5 div_ma_10 div_ma_20 div_ma_60 ma_5_20_cross ma_20_60_cross rsi rsi_change macd macd_signal macd_hist macd_hist_change bb_pct_b bb_bandwidth atr_pct volatility vol_change vol_ratio candle_body_pct upper_shadow_pct lower_shadow_pct day_of_week month is_month_end is_month_start streak gap price_position_20d macro_usdjpy_ret_20 macro_usdjpy_ret_60 macro_usdjpy_vol_20 macro_topix_ret_20 macro_topix_vol_20 macro_topix_above_200dma macro_nikkei_ret_20 macro_nikkei_above_200dma macro_nikkei_vi macro_jgb10y macro_bias_score
feature_infos=[-0.1981767736821245:0.16164112703905098] [-0.279814880740477:0.22516065249629258] [-0.32813018930587845:0.2100840336134453] [-0.31120190670752468:0.29634206623826009] [-0.33791523482245134:0.37864557587740988] [-0.35191414384110209:0.39866534849233815] [-0.24055860049553274:0.081634717515553137] [-0.27620751341681576:0.11195249292575031] [-0.31739002066725713:0.13665244907459836] [-0.28187288120551646:0.23181504099202574] [-0.17068551286323064:0.096027230490198345] [-0.076525868562282273:0.12177709582109575] [15.190671289000946:94.493392070484589] [-20.991279197160267:22.968473739072834] [-297.79797957556821:286.27701590192737] [-203.22082717698572:248.90151849235255] [-198.50724222630498:77.593681433094844] [-83.41059021986446:44.900341491072624] [-0.35265776279393751:1.4149994850642287] [0.039375566362715338:0.45498248065178554] [0.013270410803617636:0.074442373769728037] [0.0086539236754676185:0.071779187433589409] [-0.87022508038585211:5.5663099714001092] [0.5301829414867576:1.8321432222570517] [-1:1] [0:0.87022900763358779] [0:0.95959595959595956] [0:4] [1:12] none [0:1] [-8:8] [-0.14466904478795084:0.15570934256055358] [0:1] [-0.10288784967882303:0.08505611680078462] [-0.13986255140503889:0.1344631365590534] [0.0024251968629527628:0.011841457708833433] [-0.22586490939044479:0.19897850606512013] [0.0040695656522785678:0.036437277456277402] [0:1] [-0.22859537662338159:0.23022297972565586] [0:1] none none none
tree_sizes=1274 1178 1302 994 1418 1308 1300 1199 1310 895 1071 1069 986 1286 1418 1307 781 1408 1034 1262 1411 1294 1188 1283 1377 1184 1103 977 1087 976 1312 996 1205 1313 994 788 1098 1073 1201 1167 1243 1248 1421 1210 995 1097 1208 1184 791 790

Tree=0
num_leaves=11
num_cat=0
split_feature=9 28 14 28 9 5 28 15 14 4
split_gain=13.5176 14.0246 10.2801 13.6183 7.61638 7.95089 7.10131 5.81289 7.66786 3.95031
threshold=-0.0070577328549131348 6.5000000000000009 131.42143627475232 1.5000000000000002 0.046030871004802056 -0.014670087011582565 3.5000000000000004 -44.202173264798873 -95.114203392877684 0.04241186814819365
decision_type=2 2 2 2 2 2 2 2 2 2
left_child=6 2 3 -2 5 -3 -1 8 -8 -6
right_child=1 4 -4 -5 9 -7 7 -9 -10 -11
leaf_value=0.077378995493441252 0.064044025286614431 0.058049666305533681 0.064608954017335532 0.1022621615582001 0.042359265364422499 0.086748901279132512 0.1077510301134238 0.11547235285607395 0.070808739333777293 0.07165436504288572
leaf_weight=11.480294585227965 8.7350067496299726 11.230722963809965 11.979437828063963 35.189598619937897 12.478581070899965 22.211874306201935 7.4871486425399771 15.223868906497957 8.4854351282119733 11.230722963809965
leaf_count=46 35 45 48 141 50 89 30 61 34 45
internal_value=0.0819963 0.0764802 0.0869102 0.0938479 0.0662315 0.0766795 0.0959037 0.103091 0.0881364 0.0537031
internal_weight=155.733 113.056 55.904 43.9246 57.1519 33.4426 42.6767 31.1965 15.9726 23.7093
internal_count=624 453 224 176 229 134 171 125 64 95
is_linear=0
shrinkage=1


Tree=1
num_leaves=10
num_cat=0
split_feature=9 28 17 36 16 28 38 7 28
split_gain=12.8581 13.257 8.1277 7.29015 12.9871 6.75793 8.88647 5.44787 5.16817
threshold=-0.0070577328549131348 6.5000000000000009 4.1820933238812108 0.0055306302629143924 -3.9641625445920243 3.5000000000000004 0.011569513974075579 0.011338890758453657 1.5000000000000002
decision_type=2 2 2 2 2 2 2 2 2
left_child=5 2 8 4 -3 -1 -7 -5 -2
right_child=1 3 -4 7 -6 6 -8 -9 -10
leaf_value=-0.0053165817155834761 -0.022060475334930957 -0.025951151065079354 0.023499632912156322 -0.01241445031166776 0.015139288817833163 0.032394922634626511 0 -0.040102688974920302 0.0025370678224869775
leaf_weight=11.482803344726561 7.4923145771026602 10.240807294845583 12.472100555896757 20.72454172372818 13.729008778929709 17.94567279517651 13.221232071518896 12.484328657388685 35.922107249498367
leaf_count=46 30 41 50 83 55 72 53 50 144
internal_value=-0.000839089 -0.00621921 0.00391965 -0.01618 -0.00248508 0.0127275 0.0197474 -0.0249361 -0.00216218
internal_weight=155.715 113.065 55.8865 57.1787 23.9698 42.6497 31.1669 33.2089 43.4144
internal_count=624 453 224 229 96 171 125 133 174
is_linear=0
shrinkage=0.03


Tree=2
num_leaves=11
num_cat=0
split_feature=11 20 35 36 32 20 36 15 36 35
split_gain=9.90111 11.5548 9.34124 7.73422 7.20362 6.93907 7.72338 7.54968 5.75763 4.95359
threshold=0.018119125359635561 0.022557231198346187 0.062741177410862395 0.0048855916082296532 0.0098651355047558748 0.023898469764884713 0.0074039752465433857 -58.880970259019726 0.0051504224273809058 -0.0062652754999019114
decision_type=2 2 2 2 2 2 2 2 2 2
left_child=4 8 3 -3 5 6 -1 -7 -2 -10
right_child=1 2 -4 -5 -6 7 -8 -9 9 -11
leaf_value=0.025276119413396129 -0.036109981559832111 0.02855720698819211 -0.022840506565618823 0 -0.010575386723637113 0.016075344975717235 -0.0024178980020340634 -0.019132102982424053 -0.023053865960475126 0.0038169650480800615
leaf_weight=31.165158107876778 12.734681919217108 9.7302162051200849 9.2395821213722211 29.447999060153961 14.467562556266783 7.7281433045864132 10.721238255500792 10.232052430510519 9.2361250221729279 10.980166837573051
leaf_count=125 51 39 37 118 58 31 43 41 37 44
internal_value=-0.000824441 -0.00804541 0.00110724 0.00795427 0.00688909 0.011559 0.0180586 -0.00313833 -0.0212172 -0.00875444
internal_weight=155.683 81.3688 48.4178 39.1782 74.3142 59.8466 41.8864 17.9602 32.951 20.2163
internal_count=624 326 194 157 298 240 168 72 132 81
is_linear=0
shrinkage=0.03


Tree=3
num_leaves=8
num_cat=0
split_feature=9 19 38 36 35 26 14
split_gain=11.8023 8.39499 10.3648 6.39714 5.37078 6.44441 1.48047
threshold=-0.0070577328549131348 0.19901887120491357 0.0063282025713196728 0.0055306302629143924 0.035347488336312967 0.28647416413373866 -40.552726197135136
decision_type=2 2 2 2 2 2 2
left_child=4 2 -2 -4 5 -1 -6
right_child=1 -3 3 -5 6 -7 -8
leaf_value=0.016377739263284469 0.016561204264622886 0.017354049555915716 -0.0024332594016515381 -0.018886769411219438 0.00794517842646272 -0.011549701028160901 0.03209672155470783
leaf_weight=12.961833611130716 10.723688244819639 10.227402612566946 39.922175735235214 52.186006546020508 7.4649437367916134 12.474287986755369 9.6916020810604078
leaf_count=52 43 41 160 209 30 50 39
internal_value=-0.000819283 -0.00597511 -0.00872527 -0.012118 0.0121843 0.00229141 0.0242978
internal_weight=155.652 113.059 102.832 92.1082 42.5927 25.4361 17.1565
internal_count=624 453 412 369 171 102 69
is_linear=0
shrinkage=0.03


Tree=4
num_leaves=12
num_cat=0
split_feature=9 28 21 10 9 10 38 33 0 10 40
split_gain=11.186 12.1752 9.96421 13.3376 7.02746 7.76875 6.29432 6.28713 5.77534 5.24542 4.61156
threshold=-0.0070577328549131348 6.5000000000000009 0.015134845722756814 0.026912477173257735 0.046030871004802056 0.011851577576308505 0.0068705883784364657 0.13387978142076504 0.013615472394036489 0.037276622413167766 0.030145665505596279
decision_type=2 2 2 2 2 2 2 2 2 2 2
left_child=7 2 6 -4 5 -3 -2 -1 10 -6 -9
right_child=1 4 3 -5 9 -7 -8 8 -10 -11 -12
leaf_value=-0.0077180047655906791 0.0081063821930390401 -0.014462642739304041 0.034242433645139694 -0.0017687301959676857 -0.036166923080362311 0.01495028276147939 -0.021922848419574145 0.032504345355994432 -0.0027340881564911369 -0.0030161789082609027 0.0027187713580713777
leaf_weight=9.2248275429010373 7.9764335602521923 23.98117133975029 14.206936091184614 19.456411585211754 16.247281387448314 9.4805452674627286 14.231833621859549 17.401891395449642 7.7211327105760565 7.4892503023147574 8.2085834145545942
leaf_count=37 32 96 57 78 65 38 57 70 31 30 33
internal_value=-0.000764215 -0.00578474 0.00392315 0.0140765 -0.015333 -0.00533305 -0.0107391 0.0118993 0.0178826 -0.0273374 0.0243893
internal_weight=155.626 113.07 55.8716 33.6633 57.1982 33.4617 22.2083 42.5564 33.3316 23.7365 25.6105
internal_count=624 453 224 135 229 134 89 171 134 95 103
is_linear=0
shrinkage=0.03


Tree=5
num_leaves=11
num_cat=0
split_feature=14 20 19 33 14 36 40 33 2 37
split_gain=14.7443 8.74383 13.0008 9.51092 10.6606 6.37392 5.7093 5.02472 2.16595 0.939738
threshold=-18.228824174511598 0.023704581603644404 0.10637077551545301 0.49384317746572953 56.286419404781789 0.0048855916082296532 0.051935666033145929 0.22002264543193381 0.012708928689060041 0.00059364431626873781
decision_type=2 2 2 2 2 2 2 2 2 2
left_child=6 3 -3 9 -5 -4 7 -1 -9 -2
right_child=1 2 5 4 -6 -7 -8 8 -10 -11
leaf_value=0.00094860515111346662 -0.01447503994957406 0.026602014587534587 0.013468288108612874 0.0056193251523598206 -0.020308882036778407 -0.01354323749302295 -0.0052536306689440291 0.03707148211991302 0.011091053442582245 -0.040467722350966573
leaf_weight=10.465198516845705 7.984033644199374 12.954358249902723 8.4766881614923459 28.901935428380966 23.96482814848423 27.217644825577736 8.7195793837308866 11.173202052712442 9.4501453340053541 8.9881576299667341
leaf_count=42 32 52 34 116 96 109 35 45 38 36
internal_value=-0.00124011 -0.00663666 0.00282767 -0.0133333 -0.00617256 -0.00635635 0.0140129 0.0198609 0.0278626 -0.0318458
internal_weight=158.296 118.488 48.6487 69.839 52.8668 35.6943 39.8081 31.0885 20.6233 16.9722
internal_count=635 475 195 280 212 143 160 125 83 68
is_linear=0
shrinkage=0.03


Tree=6
num_leaves=11
num_cat=0
split_feature=9 1 20 38 11 5 11 34 11 1
split_gain=14.3123 13.7248 7.50825 13.1728 12.635 9.16471 4.24626 3.83924 3.83272 4.08861
threshold=-0.0070577328549131348 -0.020481128646494758 0.023704581603644404 0.0082645354118781062 0.018119125359635561 0.081988187746842037 -0.0053690977188744484 0.033895282421079538 -0.0034004379730844798 -0.00039378250275556853
decision_type=2 2 2 2 2 2 2 2 2 2
left_child=1 -1 4 -4 6 -5 -2 -6 9 -3
right_child=2 8 3 5 7 -7 -8 -9 -10 -11
leaf_value=-0.016188151979726052 -0.012366864595865246 0.024282418637758662 0.027677332138697074 0.0054546904976294549 -0.027389899916818606 -0.023422255778864608 0.011063287407556579 -0.001452324071347082 0.036339881160200732 0
leaf_weight=9.2137281745672208 8.4741165190935153 10.663483843207358 11.460248872637747 20.948630273342133 33.475026220083237 14.975642472505568 17.69753535091877 7.7367129027843466 10.678251355886458 12.919181764125826
leaf_count=37 34 43 46 84 134 60 71 31 43 52
internal_value=-0.00119718 0.0129843 -0.00682805 0.00202723 -0.0131503 -0.00678801 0.00260501 -0.0231603 0.0217035 0.0121669
internal_weight=158.243 43.4746 114.768 47.3845 67.3834 35.9243 26.1717 41.2117 34.2609 23.5827
internal_count=635 175 460 190 270 144 105 165 138 95
is_linear=0
shrinkage=0.03


Tree=7
num_leaves=10
num_cat=0
split_feature=9 17 28 14 20 9 10 0 33
split_gain=13.578 10.9005 9.45478 10.0919 10.6487 6.36868 9.48208 3.06079 4.18624
threshold=-0.0070577328549131348 -2.9388627614808764 6.5000000000000009 128.13930660078884 0.023313461326344223 0.053054348874173742 0.0097561449221836866 0.012794815700723607 0.21359908449361056
decision_type=2 2 2 2 2 2 2 2 2
left_child=1 -1 3 4 -2 6 -4 8 -3
right_child=2 7 5 -5 -6 -7 -8 -9 -10
leaf_value=-0.010936301724940835 -0.0014770442542897646 0.0053074655886677013 -0.016549553160232901 -0.018507817718070002 0.02876621988358986 -0.02708950485461634 0.012443404812497557 0.0015246635170843939 0.034473963098109454
leaf_weight=10.95452907681465 25.441056177020073 8.7089007347822207 26.469621375203133 12.977016195654867 14.666380539536474 21.720972031354904 13.465956643223761 7.4608744233846656 16.302618935704231
leaf_count=44 102 35 106 52 59 87 54 30 66
internal_value=-0.00114907 0.0126698 -0.00663515 0.00239097 0.010067 -0.014473 -0.00628846 0.0212409 0.0260186
internal_weight=158.168 43.4269 114.741 53.0845 40.1074 61.6566 39.9356 32.4724 25.0115
internal_count=635 175 460 213 161 247 160 131 101
is_linear=0
shrinkage=0.03


Tree=8
num_leaves=11
num_cat=0
split_feature=9 1 28 14 9 9 10 11 26 26
split_gain=12.8788 12.6851 8.92951 9.5809 6.7201 6.03146 8.98094 3.75647 5.79136 0.947376
threshold=-0.0070577328549131348 -0.020481128646494758 6.5000000000000009 126.77218606942917 0.035593785929585925 0.053054348874173742 0.0097561449221836866 -0.0034004379730844798 0.29708614864864874 0.34269442262372357
decision_type=2 2 2 2 2 2 2 2 2 2
left_child=1 -1 3 4 -2 6 -4 8 -3 -7
right_child=2 7 5 -5 -6 9 -8 -9 -10 -11
leaf_value=-0.015626072598846689 -0.0099827533730513576 0.022639931205852913 -0.016088006179909457 -0.017581221174619119 0.016735019296891002 -0.031781973906864755 0.012124138192014269 0.035214180223458354 -0.0050635046398648798 -0.0099441204287876051
leaf_weight=9.223273962736128 9.2199694961309415 14.085369914770128 26.469505116343498 13.47946225106716 30.360285595059395 14.223502770066263 13.458715692162512 10.627536803483961 9.4297001063823682 7.4856458753347388
leaf_count=37 37 57 106 54 122 57 54 43 38 30
internal_value=-0.00110925 0.0123571 -0.0064538 0.00231378 0.00996973 -0.0140725 -0.00609599 0.0207779 0.0114167 -0.0263587
internal_weight=158.063 43.3659 114.697 53.0597 39.5803 61.6374 39.9282 34.1426 23.5151 21.7091
internal_count=635 175 460 213 159 247 160 138 95 87
is_linear=0
shrinkage=0.03


Tree=9
num_leaves=7
num_cat=0
split_feature=4 7 7 19 19 21
split_gain=10.9566 12.1101 9.96538 15.3573 5.63013 0.636321
threshold=-0.052721615710379192 -0.02561034221590874 0.0093531095341991312 0.073946307253376184 0.11013087971731306 0.018587013994246861
decision_type=2 2 2 2 2 2
left_child=5 -2 3 -3 -4 -1
right_child=1 2 4 -5 -6 -7
leaf_value=0.027849282663960421 -0.032586082272203498 -0.013488095288228983 4.9046425139230174e-05 0.017706111251280465 -0.016264739503717388 0.0087655620970223148
leaf_weight=7.6923496425151852 10.225314050912855 18.897970765829086 32.574398621916771 41.235749706625938 38.390795588493347 8.9279053062200529
leaf_count=31 41 76 131 166 154 36
internal_value=-0.00108943 -0.00397673 -0.00117647 0.00754282 -0.00877473 0.0204462
internal_weight=157.944 141.324 131.099 60.1337 70.9652 16.6203
internal_count=635 568 527 242 285 67
is_linear=0
shrinkage=0.03


Tree=10
num_leaves=9
num_cat=0
split_feature=12 28 28 14 11 0 11 9
split_gain=10.2338 10.996 9.42781 10.9775 7.25757 13.1544 6.13468 4.27516
threshold=37.344574841347708 5.5000000000000009 1.5000000000000002 97.500775479978543 0.011965420019726449 0.007954730528215272 0.060098758709149609 -0.064340356618105568
decision_type=2 2 2 2 2 2 2 2
left_child=7 2 -2 -4 5 -3 -6 -1
right_child=1 4 3 -5 6 -7 -8 -9
leaf_value=0.0011472317108704153 -0.01404076511404255 0.016891195978688583 0.027992869865761171 -0.0035059213592528375 -0.02264724905279929 -0.018555468532300941 0 0.029461035528583569
leaf_weight=8.9504632502794284 9.7250335216522199 20.771882995963097 24.074317499995232 14.206037804484366 32.170195743441582 13.945385128259657 16.953307345509529 13.172824189066885
leaf_count=36 39 84 97 57 129 56 68 53
internal_value=0.00165666 -0.00150308 0.00956796 0.0163374 -0.00809209 0.00200914 -0.0153237 0.0196727
internal_weight=153.969 131.846 48.0054 38.2804 83.8408 34.7173 49.1235 22.1233
internal_count=619 530 193 154 337 140 197 89
is_linear=0
shrinkage=0.03


Tree=11
num_leaves=9
num_cat=0
split_feature=12 28 36 12 28 14 19 2
split_gain=9.73881 10.6127 9.10977 9.57574 8.94768 10.427 7.81557 4.18791
threshold=37.779386370090855 5.5000000000000009 0.005796328881898659 54.829264022526495 1.5000000000000002 97.500775479978543 0.11013087971731306 -0.021027077731949059
decision_type=2 2 2 2 2 2 2 2
left_child=7 4 3 -3 -2 -6 -4 -1
right_child=1 2 6 -5 5 -7 -8 -9
leaf_value=0 -0.013687916058045068 -0.011790509337867957 -0.0029666322070573139 0.017792280073453057 0.027276376262055934 -0.0034134009653105212 -0.027932035826653764 0.027345535215731871
leaf_weight=8.4686253219842929 9.7279639542102796 17.140637472271919 23.581279754638672 17.921963855624199 24.018864497542381 14.207547619938849 23.9260433614254 14.867834150791166
leaf_count=34 39 69 95 72 97 57 96 60
internal_value=0.00161004 -0.00156524 -0.00811492 0.00306992 0.00928539 0.0158945 -0.0164634 0.0186835
internal_weight=153.861 130.524 82.5699 35.0626 47.9544 38.2264 47.5073 23.3365
internal_count=619 525 332 141 193 154 191 94
is_linear=0
shrinkage=0.03


Tree=12
num_leaves=8
num_cat=0
split_feature=12 28 28 14 2 12 9
split_gain=9.28531 9.79615 8.49352 9.90849 5.38245 7.81586 4.07137
threshold=37.344574841347708 5.5000000000000009 1.5000000000000002 97.500775479978543 0.03436755629289235 57.425965833758752 -0.064340356618105568
decision_type=2 2 2 2 2 2 2
left_child=6 2 -2 -4 5 -3 -1
right_child=1 4 3 -5 -6 -7 -8
leaf_value=0.00073020303578512922 -0.013345061612835739 -0.012436232848732541 0.026586148174865383 -0.0033233468611890693 -0.025376156886700672 0.0068293679513427366 0.028291761977464937
leaf_weight=8.9378966093063372 9.729904040694235 41.465490698814392 23.956036418676376 14.208934441208838 11.458357602357863 30.85464933514595 13.137335568666456
leaf_count=36 39 167 97 57 46 124 53
internal_value=0.00156164 -0.00144401 0.00901228 0.0154663 -0.00766733 -0.00405234 0.0187433
internal_weight=153.749 131.673 47.8949 38.165 83.7785 72.3201 22.0752
internal_count=619 530 193 154 337 291 89
is_linear=0
shrinkage=0.03


Tree=13
num_leaves=11
num_cat=0
split_feature=5 38 19 9 34 19 40 0 1 16
split_gain=8.17187 12.9365 8.91197 9.98978 7.41114 6.10971 8.68615 5.78861 4.46199 1.25153
threshold=0.08144721933171474 0.0084275040912586228 0.076219932006282118 -0.01064452672938278 0.0091719668098241298 0.11013087971731306 0.030145665505596279 0.013615472394036489 0.014635479357333671 27.62752359817312
decision_type=2 2 2 2 2 2 2 2 2 2
left_child=2 8 3 -1 -5 6 -4 -7 -2 -3
right_child=1 9 5 4 -6 7 -8 -9 -10 -11
leaf_value=0.014583370318054945 0.02163318097982362 -0.033797851777239311 0.029579211007386873 -0.038638833313818371 -0.003025305924278787 0.0079913106014795256 0 -0.016426626675330753 -0.0062033254090853992 -0.010248996454893713
leaf_weight=10.115552455186842 8.2077172100543994 10.967468768358232 23.763918310403824 7.9560216665267971 14.168683290481566 38.737408950924873 14.873687863349913 8.9422662258148176 7.9468281716108313 7.9784515202045432
leaf_count=41 33 44 96 32 57 156 60 36 32 32
internal_value=0.00151611 -0.010685 0.00537017 -0.00750341 -0.0185952 0.0104094 0.0190349 0.00263288 0.00793862 -0.0265227
internal_weight=153.658 35.1005 118.558 32.2403 22.1247 86.3173 38.6376 47.6797 16.1545 18.9459
internal_count=619 141 478 130 89 348 156 192 65 76
is_linear=0
shrinkage=0.03


Tree=14
num_leaves=12
num_cat=0
split_feature=5 38 23 21 41 21 3 34 22 34 16
split_gain=7.74723 12.3083 5.04658 9.36784 7.70144 10.3194 6.35794 5.03021 4.42445 2.8733 1.16212
threshold=0.08144721933171474 0.0084275040912586228 0.9343420153361226 0.019413074206370274 1.0000000180025095e-35 0.013644580996336369 0.012726384387317215 -0.0056726743768749635 -0.053750843850811407 0.0035769533226940324 27.62752359817312
decision_type=2 2 2 2 2 2 2 2 2 2 2
left_child=2 8 3 6 9 -6 -1 -5 -2 -4 -3
right_child=1 10 4 7 5 -7 -8 -9 -10 -11 -12
leaf_value=-0.018846679561718784 0.022098194240451043 -0.032943560509550343 0.0041433528267684283 -0.0004319963296680262 -0.0058556376459212829 0.024124415275126179 0.0066646028222694092 0.028358920515296655 -0.0056383638043915555 -0.017961451046312173 -0.010003838949360586
leaf_weight=24.076576173305511 7.6940834820270565 10.966188222169878 8.9219106286764163 8.6655056774616259 12.130278140306471 37.134981796145439 10.935288980603216 9.1355963647365552 8.4542816728353483 7.4652704000473014 7.977776810526847
leaf_count=97 31 44 36 35 49 150 44 37 34 30 32
internal_value=0.00145191 -0.0104251 0.00520936 -0.0014424 0.0106664 0.0165096 -0.0105439 0.0149581 0.00772944 -0.00596919 -0.0258771
internal_weight=153.558 35.0923 118.465 52.813 65.6524 49.2653 35.0119 17.8011 16.1484 16.3872 18.944
internal_count=619 141 478 213 265 199 141 72 65 66 76
is_linear=0
shrinkage=0.03


Tree=15
num_leaves=11
num_cat=0
split_feature=5 20 11 20 3 10 36 37 13 35
split_gain=7.66738 7.60678 12.1744 7.23721 5.74944 5.37833 4.96905 4.66034 4.18797 3.96522
threshold=0.098686745578884585 0.019380363468564601 0.012581876024113649 0.017286658323512217 -0.028164832831184202 0.054790509276528072 0.0061611186093608753 0.0094320068789616202 -0.98451115128415256 0.05685331462893662
decision_type=2 2 2 2 2 2 2 2 2 2
left_child=1 2 3 -1 7 8 -4 -3 -2 -6
right_child=5 4 6 -5 9 -7 -8 -9 -10 -11
leaf_value=0.020184505993670214 -0.038514586724273159 0.0052978790081865939 -0.041204696444537378 -0.010121573888760456 0.015847818917943096 0.0016478529751067614 -0.0060472369309165185 -0.020200581421248757 -0.0048555426018848232 -0.00059905753424161759
leaf_weight=12.834167614579203 7.4788494855165482 13.89318883419037 7.7030349671840694 11.165358453989027 53.458275437355042 9.7272690981626493 8.956356540322302 8.4430205225944501 7.9585043936967867 14.864455237984656
leaf_count=52 30 56 31 45 216 39 36 34 32 60
internal_value=0 0.00297886 -0.00738181 0.00581419 0.00784636 -0.014508 -0.0257815 -0.00459212 -0.0245695 0.012141
internal_weight=156.482 131.318 40.6589 23.9995 90.6589 25.1646 16.6594 22.3362 15.4374 68.3227
internal_count=631 530 164 97 366 101 67 90 62 276
is_linear=0
shrinkage=0.03


Tree=16
num_leaves=6
num_cat=0
split_feature=40 38 14 36 3
split_gain=5.72142 5.29694 6.10892 8.00706 4.50246
threshold=0.089950248029960114 0.0065364509990858766 -22.38323654476039 0.0050119226228885335 -0.030190578401762532
decision_type=2 2 2 2 2
left_child=1 -1 4 -4 -3
right_child=-2 2 3 -5 -6
leaf_value=0.018211178085571794 -0.021459520632837407 -0.0048224511867897132 0.0076322766522882116 -0.0098883918256772833 0.017263417290637587
leaf_weight=13.322153538465498 8.4705080389976484 9.9201357960700971 32.456434294581413 68.859561070799828 23.356102421879768
leaf_count=54 34 40 131 277 95
internal_value=0 0.00147802 -0.000310833 -0.00409139 0.010354
internal_weight=156.385 147.914 134.592 101.316 33.2762
internal_count=631 597 543 408 135
is_linear=0
shrinkage=0.03


Tree=17
num_leaves=12
num_cat=0
split_feature=11 36 11 10 40 40 38 15 6 25 11
split_gain=6.16196 8.41888 10.3919 8.97467 8.169 11.1141 7.31917 5.87005 3.86912 3.75764 2.80946
threshold=0.012581876024113649 0.0072104431564550984 0.05829083624630594 0.022811018593582148 0.031947984421408789 0.013434786039294157 0.0086449437417400899 -11.896823964310235 0.0016564717619748268 0.1759824808700628 0.020418595766257156
decision_type=2 2 2 2 2 2 2 2 2 2 2
left_child=4 2 10 9 5 8 -4 -6 -1 -3 -2
right_child=1 3 6 -5 7 -7 -8 -9 -10 -11 -12
leaf_value=0.013557832626813099 -0.0034442669682473799 0.0019890385357036727 0.023002973508451298 -0.012185504016887162 -0.018083986340621278 0.036739580676756693 -0.0075947886582246873 0.011401701478084636 -0.0062638232737217666 0.031165296499164871 -0.025434740562875074
leaf_weight=15.541563659906389 9.193266496062277 8.1738932132721001 8.7134008109569567 10.187086567282675 14.119225382804872 12.053689852356909 17.862396389245987 7.4248873442411414 15.069780007004736 9.8923446834087354 28.083722203969955
leaf_count=63 37 33 35 41 57 49 72 30 61 40 113
internal_value=0 -0.00494948 -0.0109811 0.00801098 0.00699586 0.0144908 0.0028202 -0.00717972 0.00355409 0.0202262 -0.0208449
internal_weight=156.315 92.1061 63.8528 28.2533 64.2091 42.665 26.5758 21.5441 30.6113 18.0662 37.277
internal_count=631 371 257 114 260 173 107 87 124 73 150
is_linear=0
shrinkage=0.03


Tree=18
num_leaves=9
num_cat=0
split_feature=5 20 33 9 10 14 14 20
split_gain=7.03762 7.21927 6.94751 6.2275 5.749 5.58038 4.46756 4.21636
threshold=0.098686745578884585 0.019380363468564601 0.56097625462361966 0.10348333383936602 0.029144506039452848 41.036154304035342 -22.38323654476039 0.017229681886431265
decision_type=2 2 2 2 2 2 2 2
left_child=1 5 6 -2 -4 7 -3 -1
right_child=3 2 4 -5 -6 -7 -8 -9
leaf_value=0.011738051692550443 -0.029264179830016512 0.0082554197081029512 0.023562855082852698 0 0 -0.027039098583110585 -0.0093034603210948499 -0.0091143017854479966
leaf_weight=12.055332288146017 10.686696499586107 24.799422845244408 28.177638366818428 14.44693987071514 14.171319484710692 7.9108196198940268 23.352510914206505 20.603886336088181
leaf_count=49 43 101 114 58 57 32 94 83
internal_value=0 0.00284069 0.00758944 -0.0139232 0.0161595 -0.007259 0 -0.000751212
internal_weight=156.205 131.071 90.5009 25.1336 42.349 40.57 48.1519 32.6592
internal_count=631 530 366 101 171 164 195 132
is_linear=0
shrinkage=0.03


Tree=19
num_leaves=11
num_cat=0
split_feature=19 5 7 7 25 36 10 4 10 10
split_gain=9.77737 13.591 6.51407 7.27103 6.3435 5.86792 5.06519 4.96646 3.92901 2.17805
threshold=0.078996511102210926 0.095400602801673076 -0.022859948226519936 0.0067490263028774158 0.11583211344337839 0.0048752734197827878 0.05329819503481404 -0.055018498670569065 0.0053503409725750304 -0.0049527543212341532
decision_type=2 2 2 2 2 2 2 2 2 2
left_child=4 2 7 -4 -1 -3 -7 -2 9 -6
right_child=1 5 3 -5 8 6 -8 -9 -10 -11
leaf_value=-0.027967976808417647 0.008391842980534206 0.0068885740580958508 0.024639220616880522 0.0046212362511397122 0 -0.031077806096075616 0 -0.018327508131377034 0.012632642254331731 -0.020333612528409064
leaf_weight=13.625415936112402 10.884930446743967 7.4802125990390804 31.475984439253807 38.601570934057236 8.1649952381849307 13.134147286415102 7.4785648584365836 9.707502529025076 7.6470754593610755 7.9032024592161205
leaf_count=55 44 30 128 156 33 53 30 39 31 32
internal_value=0 0.0042182 0.00993861 0.0142548 -0.0130022 -0.0131795 -0.0210905 -0.00404742 -0.00231403 -0.0108685
internal_weight=156.104 118.763 90.67 70.0776 37.3407 28.0929 20.6127 20.5924 23.7153 16.0682
internal_count=631 480 367 284 151 113 83 83 96 65
is_linear=0
shrinkage=0.03


Tree=20
num_leaves=12
num_cat=0
split_feature=9 20 37 14 21 19 19 12 11 11 23
split_gain=8.46032 7.20678 8.11828 6.12004 5.81374 6.97496 9.35872 7.05426 5.74025 5.86159 3.13027
threshold=-0.0077673519096916159 0.023313461326344223 -0.013572797848636074 -60.48739622793709 0.014644661200155682 0.12819593981917229 0.21106396566804334 50.279418391675996 0.013843985678408279 -0.0034004379730844798 0.95839052408829695
decision_type=2 2 2 2 2 2 2 2 2 2 2
left_child=1 3 -3 -1 8 7 -7 -6 9 -2 -10
right_child=4 2 -4 -5 5 6 -8 -9 10 -11 -12
leaf_value=-0.00020518590016904755 -0.016137571962230882 0.015850099927487933 -0.018310713849891802 0.029810154233209749 -0.007075526075099794 -0.017844813050065824 0.016044703123974147 0.016731467716116541 -0.0061204748028325182 0.017120842214018085 -0.033534331197024751
leaf_weight=7.3996840119361904 7.6680218726396561 9.8459529876709002 11.093769952654837 17.756684169173241 15.147594913840292 26.577802926301956 7.6992646902799597 28.721877261996269 8.934583857655527 7.4078909307718259 11.156410634517668
leaf_count=30 31 40 45 73 61 107 31 116 36 30 45
internal_value=0.000156811 0.0108122 -0.00161278 0.021064 -0.00416008 0.000291343 -0.00935422 0.0082341 -0.0139388 0 -0.0236801
internal_weight=159.41 46.0961 20.9397 25.1564 113.313 78.1465 34.2771 43.8695 35.1669 15.0759 20.091
internal_count=645 188 85 103 457 315 138 177 142 61 81
is_linear=0
shrinkage=0.03


Tree=21
num_leaves=11
num_cat=0
split_feature=9 38 18 18 38 12 5 36 21 37
split_gain=8.02129 8.47885 7.26218 9.55846 9.59743 7.42406 5.68185 4.94921 4.31288 1.14095
threshold=-0.0077673519096916159 0.012515970798271639 0.61769839172138108 0.79127856366005545 0.0067160449017435843 37.203745745130753 -0.057033638800248969 0.007376851008273979 0.015054860286704346 0.021250903364642752
decision_type=2 2 2 2 2 2 2 2 2 2
left_child=1 6 5 8 -5 -2 -1 -7 -4 -8
right_child=2 -3 3 4 -6 7 9 -9 -10 -11
leaf_value=0 0.0097232727971240142 -0.0099267212672916588 -0.0016301286442631695 0.017945673259637609 -0.014108469983713137 -0.02731958127672373 0.031770230912570453 -0.00031979172381798454 0.02150756147571619 0.010264003613455856
leaf_weight=11.604676514863963 7.4717159867286673 11.355768814682959 8.6526740640401858 8.6416638195514661 35.671608328819275 22.814720392227173 14.515891894698148 9.685941204428671 20.309681668877602 8.5380517840385419
leaf_count=47 30 46 35 35 144 92 60 39 82 35
internal_value=0.000142766 0.0105312 -0.00405755 0.00142071 -0.00702859 -0.0140466 0.0178192 -0.0201928 0.0144518 0.0258593
internal_weight=159.262 46.0144 113.248 73.2756 44.3133 39.9724 34.6586 32.5007 28.9624 23.0539
internal_count=645 188 457 296 179 161 142 131 117 95
is_linear=0
shrinkage=0.03


Tree=22
num_leaves=10
num_cat=0
split_feature=4 28 11 20 12 1 38 36 27
split_gain=6.13676 10.2145 10.0241 9.01289 6.12567 9.27839 6.60895 3.67717 1.52163
threshold=-0.052721615710379192 6.5000000000000009 0.013843985678408279 0.025345960331938255 70.040859892263327 0.0070496302496446681 0.0065364509990858766 0.0074039752465433857 2.5000000000000004
decision_type=2 2 2 2 2 2 2 2 2
left_child=8 4 3 -3 5 -2 -6 -4 -1
right_child=1 2 7 -5 6 -7 -8 -9 -10
leaf_value=0.024753552986866181 0 0.010721987056360701 -0.024887971396044203 -0.020583046432918969 0.012296904224538024 0.026124960969412938 -0.020102473565500396 -0.0025887904654558484 0.0030150810220931695
leaf_weight=8.3551416397094709 26.690414100885391 27.435853898525238 28.424534037709236 9.4199957400560361 7.3708864301443127 21.173142835497856 11.670960888266562 11.190551519393919 7.3832240402698508
leaf_count=34 108 112 115 38 30 86 47 45 30
internal_value=0.000151172 -0.00179026 -0.00924928 0.00168707 0.0065385 0.0122359 -0.00687141 -0.0193764 0.0168909
internal_weight=159.115 143.376 76.4709 36.8558 66.9054 47.8636 19.0418 39.6151 15.7384
internal_count=645 581 310 150 271 194 77 160 64
is_linear=0
shrinkage=0.03


Tree=23
num_leaves=11
num_cat=0
split_feature=15 11 18 40 28 7 15 14 32 18
split_gain=6.34003 7.91168 5.89494 5.21321 11.0558 4.6498 3.94349 7.22815 3.77375 3.05174
threshold=49.924096467120329 0.051471406215743427 0.64150986207871563 0.031947984421408789 5.5000000000000009 0.012529365509986103 25.326048738993929 -10.967639369087236 0.0014573254987096942 0.79127856366005545
decision_type=2 2 2 2 2 2 2 2 2 2
left_child=3 8 -3 6 -5 -6 7 -1 -2 -4
right_child=1 2 9 4 5 -7 -8 -9 -10 -11
leaf_value=0.013620427605611113 -0.0062537996851306519 -0.014958847781497633 0.022410997485227523 0.014544288563117036 -0.0042578048583340779 -0.033283864765114718 0.023903786880087097 -0.0077276881690209282 -0.031470155771425451 0
leaf_weight=34.17390413582325 14.1379811167717 9.1513481736183184 9.4234163761138934 14.52687658369541 14.261990606784822 7.9295794069766989 12.384163901209829 20.969119355082512 11.332034066319464 10.648296564817427
leaf_count=140 57 37 38 59 58 32 50 85 46 43
internal_value=0.000151073 -0.00785572 0.00240591 0.00456187 -0.00411596 -0.0171438 0.00947891 0.00525359 -0.0194934 0.0116408
internal_weight=158.939 54.6931 29.2231 104.246 36.7184 22.1916 67.5272 55.143 25.47 20.0717
internal_count=645 221 118 424 149 90 275 225 103 81
is_linear=0
shrinkage=0.03


Tree=24
num_leaves=12
num_cat=0
split_feature=9 28 17 9 23 10 11 7 7 11 25
split_gain=7.02222 8.73692 7.75114 6.66734 5.54973 5.08525 4.78292 9.64461 3.65991 4.89786 2.7963
threshold=-0.0077673519096916159 6.5000000000000009 2.3599473678660456 -0.029167810859027574 0.83072868102857755 0.023254691325114044 0.013843985678408279 0.012872793507585691 -0.0041698296415224505 -0.019880691958207627 0.42497244528420725
decision_type=2 2 2 2 2 2 2 2 2 2 2
left_child=3 2 4 8 -2 -4 7 -3 9 -1 -8
right_child=1 6 5 -5 -6 -7 10 -9 -10 -11 -12
leaf_value=-0.019370372182347103 -0.023520225926652611 0.023987309121142553 0.031611849859119398 0.024547594681332611 0.0026341790945757291 0 -0.020996117829551679 -0.015908141472317162 0.015101945462572763 0.006918229532764864 0
leaf_weight=10.113516673445703 7.450677663087844 7.4114993363618877 10.311239778995516 15.672421023249624 27.937485799193382 8.6588664501905424 32.364081129431725 10.906803026795385 9.2306923717260378 10.801826596260069 7.9375824332237235
leaf_count=41 30 30 42 65 113 35 131 44 38 44 32
internal_value=0.000129744 -0.0037962 0.00459719 0.00987785 -0.00343481 0.0191945 -0.0117217 0.000267409 0.000731908 -0.00572007 -0.0172807
internal_weight=158.797 112.978 54.3583 45.8185 35.3882 18.9701 58.62 18.3183 30.146 20.9153 40.3017
internal_count=645 457 220 188 143 77 237 74 123 85 163
is_linear=0
shrinkage=0.03


Tree=25
num_leaves=10
num_cat=0
split_feature=12 12 6 11 38 40 17 5 37
split_gain=8.18818 6.00304 6.59621 9.70887 6.45996 4.95311 3.94294 2.47816 0.124811
threshold=37.779386370090855 50.279418391675996 0.003316046264131916 0.013843985678408279 0.0072817341894369 -0.025092470899840177 -1.2785091029820259 0.012000875130219081 0.0049644702312986464
decision_type=2 2 2 2 2 2 2 2 2
left_child=6 5 3 -3 -4 -2 -1 -7 -8
right_child=1 2 4 -5 -6 7 8 -9 -10
leaf_value=-0.00086712834851872147 0.0034709445281061887 0.031552767888009516 0.014020550335441841 0 -0.01079732967259091 -0.023645524290838636 0.010711391910305203 -0.0030448244609161635 0.029575968588317621
leaf_weight=7.4398968070745495 10.774440571665762 10.931048870086668 9.5923703461885435 26.278985217213631 44.178869068622589 22.105999127030376 7.6206281334161741 9.8610593974590284 7.4572723209857941
leaf_count=30 44 45 39 106 179 90 31 40 31
internal_value=-0.000572409 -0.00353773 0.000716525 0.0102703 -0.00575704 -0.012556 0.0152776 -0.0182858 0.0232908
internal_weight=156.241 133.723 90.9813 37.21 53.7712 42.7415 22.5178 31.9671 15.0779
internal_count=635 543 369 151 218 174 92 130 62
is_linear=0
shrinkage=0.03


Tree=26
num_leaves=9
num_cat=0
split_feature=20 21 18 22 32 28 38 20
split_gain=6.0887 9.76396 7.67863 5.12778 9.09259 4.72028 4.53899 4.27373
threshold=0.017286658323512217 0.014765751314489501 0.49214471017408046 -0.13678505161551011 0.0077415638290132547 5.5000000000000009 0.0088050745181259844 0.019261262027274625
decision_type=2 2 2 2 2 2 2 2
left_child=6 2 -2 4 -3 -5 -1 -4
right_child=1 3 7 5 -6 -7 -8 -9
leaf_value=0.027197455403819626 0.00080619362910064156 0.017707483838481478 -0.04105469831402301 0.0072455180064781412 -0.01531822273693223 -0.0086069389043335227 -0.00052416751261234176 -0.008431892415758287
leaf_weight=9.5122306793928164 11.753481969237329 29.894660487771034 9.6399464458227175 22.906526520848274 7.6560400873422614 47.776525110006332 7.8451154530048361 9.1557656079530698
leaf_count=39 48 122 39 93 31 194 32 37
internal_value=-0.000531236 -0.00278409 -0.0172309 0.00139611 0.0101606 -0.00320519 0.0151334 -0.028224
internal_weight=156.14 138.783 30.5492 108.234 37.5507 70.6831 17.3573 18.7957
internal_count=635 564 124 440 153 287 71 76
is_linear=0
shrinkage=0.03


Tree=27
num_leaves=8
num_cat=0
split_feature=12 12 9 21 40 9 22
split_gain=7.68829 5.69551 6.55884 6.3618 4.66224 4.27347 1.99921
threshold=37.779386370090855 50.279418391675996 -0.0034747186562496262 0.014765751314489501 -0.025092470899840177 -0.064340356618105568 -0.19216686391829499
decision_type=2 2 2 2 2 2 2
left_child=5 4 -3 -4 -2 -1 -6
right_child=1 2 3 -5 6 -7 -8
leaf_value=0 0.0033409424130270214 0.023931072613658927 -0.014418736803723197 0.0032961547445961503 -0.0031308920291730977 0.025798797663715997 -0.022425732953443682
leaf_weight=10.568478569388391 10.765697032213209 7.9146837890148154 23.667801439762115 59.259308949112892 9.3400860130786914 11.884974509477614 22.623664870858192
leaf_count=43 44 33 96 240 38 49 92
internal_value=-0.000523567 -0.00340018 0.00074419 -0.00180363 -0.0121857 0.014854 -0.0177456
internal_weight=156.025 133.571 90.8418 82.9271 42.7294 22.4535 31.9638
internal_count=635 543 369 336 174 92 130
is_linear=0
shrinkage=0.03


Tree=28
num_leaves=9
num_cat=0
split_feature=12 28 28 14 37 33 21 1
split_gain=7.30159 8.33438 16.3094 9.24796 6.19436 5.89129 4.63298 3.98261
threshold=37.779386370090855 5.5000000000000009 1.5000000000000002 102.29959805625118 0.012773880129680728 0.11605090311986864 0.015667066439057669 0.017935137582562936
decision_type=2 2 2 2 2 2 2 2
left_child=5 2 -2 -4 6 -1 -3 -6
right_child=1 4 3 -5 7 -7 -8 -9
leaf_value=-0.002895851647347159 -0.026066705626308185 -0.013801983634056792 0.025223963389454727 -0.0035407807825357969 -0.0081213016815267804 0.025822804124970251 0.0073005792044121779 -0.02777326295827693
leaf_weight=8.9005612581968325 8.9372316747903806 12.123137593269346 25.321746811270714 13.904213160276411 31.438667446374893 13.513930797576903 25.754984185099602 16.043506428599358
leaf_count=36 36 49 104 56 128 56 105 65
internal_value=-0.000495092 -0.0033001 0.00633436 0.0149869 -0.00892845 0.0145015 0 -0.0159187
internal_weight=155.938 133.523 48.1632 39.226 85.3603 22.4145 37.8781 47.4822
internal_count=635 543 196 160 347 92 154 193
is_linear=0
shrinkage=0.03


Tree=29
num_leaves=8
num_cat=0
split_feature=12 20 20 19 19 9 13
split_gain=6.93613 6.16542 7.64065 5.11432 4.59002 3.99145 2.15738
threshold=37.779386370090855 0.017286658323512217 0.019290656763708572 0.11013087971731306 0.073946307253376184 -0.064340356618105568 4.5345575261171058
decision_type=2 2 2 2 2 2 2
left_child=5 4 6 -4 -2 -1 -3
right_child=1 2 3 -5 -6 -7 -8
leaf_value=0 -0.0016172345157435917 -0.029357646135304474 0.0052815472872677731 -0.0080974542858660101 0.027464903397757427 0.024752048368893421 -0.0046768657970386596
leaf_weight=10.556120947003366 7.7767118811607343 12.057324782013895 44.31795372068882 54.356555983424187 7.5206653624773026 11.808128029108046 7.3593505024909964
leaf_count=43 32 49 181 220 31 49 30
internal_value=-0.000495284 -0.00323147 -0.00568882 -0.00195396 0.0133357 0.0141343 -0.0220138
internal_weight=155.753 133.389 118.091 98.6745 15.2974 22.3642 19.4167
internal_count=635 543 480 401 63 92 79
is_linear=0
shrinkage=0.03


Tree=30
num_leaves=11
num_cat=0
split_feature=10 11 36 36 24 22 3 15 38 23
split_gain=10.0031 10.2775 9.25395 8.74113 4.57674 4.49411 4.32201 4.30294 2.91169 1.8468
threshold=0.022811018593582148 0.022106637850872083 0.0080213846019836638 0.0048855916082296532 -0.59317129629629617 -0.16183374433183176 -0.027808118954237179 18.272270855223443 0.0092097423707132482 0.97688986273645229
decision_type=2 2 2 2 2 2 2 2 2 2
left_child=2 7 4 -3 8 -5 -6 -2 -1 -4
right_child=1 3 9 5 6 -7 -8 -9 -10 -11
leaf_value=-0.02168421919369792 -0.0048417929676937404 0.0068513596961693119 0.0085979913303989852 -0.0032018418815908346 -0.0083549034913415789 -0.034221129647241742 0.010478804115586373 0.020170177467423122 0.0014001030745768813 0.034852740589478327
leaf_weight=7.3359228521585447 9.5578959286212939 7.940485566854476 7.3342488110065487 7.414650812745097 11.075737640261648 17.032086029648781 55.425189971923828 10.529458954930304 7.5970955789089203 10.492079168558119
leaf_count=30 39 32 30 30 45 69 227 43 31 43
internal_value=0.00261852 -0.00764719 0.00823753 -0.0178362 0.00345777 -0.0263338 0.00697072 0.00822916 -0.0102761 0.0267644
internal_weight=151.735 52.4746 99.2603 32.3872 81.4339 24.4467 66.5009 20.0874 14.933 17.8263
internal_count=619 213 406 131 333 99 272 82 61 73
is_linear=0
shrinkage=0.03


Tree=31
num_leaves=8
num_cat=0
split_feature=14 36 36 36 28 5 8
split_gain=12.5294 8.21373 7.35996 6.18979 9.65634 3.56625 2.54795
threshold=126.77218606942917 0.0082429721824947514 0.0049773884110654526 0.0055306302629143924 5.5000000000000009 -0.017667570427563391 1.0000000180025095e-35
decision_type=2 2 2 2 2 2 2
left_child=1 3 -2 5 -5 -1 -3
right_child=2 6 -4 4 -6 -7 -8
leaf_value=-0.0012453930435853018 0.0017763996896470336 0.035249954109212826 -0.03319878245408827 0.010634417829424566 -0.011669925149309604 0.016067208735262295 0.0087113702945876993
leaf_weight=12.886488199234007 7.7100387215614345 8.2227388471364993 10.822465643286703 26.285737112164497 42.715398192405701 32.638610973954201 10.305663600564001
leaf_count=53 31 34 44 108 174 133 42
internal_value=0.00254639 0.00592007 -0.0191619 0.00259155 -0.00290169 0.0110048 0.0235065
internal_weight=151.587 133.055 18.5325 114.526 69.0011 45.5251 18.5284
internal_count=619 544 75 468 282 186 76
is_linear=0
shrinkage=0.03


Tree=32
num_leaves=10
num_cat=0
split_feature=11 36 36 16 13 33 35 33 2
split_gain=8.56256 8.69154 9.06274 6.70561 5.31687 4.85848 3.71494 3.9366 2.26837
threshold=0.022106637850872083 0.0076866228642947778 0.0052138578847569445 -2.1844068650829906 -1.0135671358283813 0.92422821905627195 -0.07734897505571818 0.14259800685340632 -0.0041082564115630929
decision_type=2 2 2 2 2 2 2 2 2
left_child=5 2 4 -3 -2 6 -1 -8 -4
right_child=1 3 8 -5 -6 -7 7 -9 -10
leaf_value=-0.0043407025374172983 -0.010770560264133752 0.026314763543778489 -0.009368432209462001 -0.0065639097375543012 0.014059928499137795 -0.0084813636697385966 -0.003023333173426946 0.018062301703436746 -0.029391196962028798
leaf_weight=8.093041926622389 12.544834047555925 10.523502811789514 15.302320286631586 7.8606378138065329 14.234267145395277 9.3167784065008146 7.3814236819744101 50.950490087270737 15.222040519118307
leaf_count=33 51 43 62 32 58 38 30 210 62
internal_value=0.00248587 -0.00446463 -0.0103143 0.012256 0.00196659 0.00956053 0.0124842 0.0151337 -0.021008
internal_weight=151.429 75.6876 57.3035 18.3841 26.7791 75.7417 66.425 58.3319 30.5244
internal_count=619 308 233 75 109 311 273 240 124
is_linear=0
shrinkage=0.03


Tree=33
num_leaves=11
num_cat=0
split_feature=10 11 38 36 2 25 26 7 36 19
split_gain=8.94035 9.05513 8.37918 8.33475 4.09543 6.61231 5.75203 3.85282 3.10576 1.45294
threshold=0.022811018593582148 0.022106637850872083 0.0083688977389175401 0.0080213846019836638 -0.018454803181901066 0.1704319761668322 0.23262599469496023 0.007695530615379636 0.0056694996618834063 0.091999990458513134
decision_type=2 2 2 2 2 2 2 2 2 2
left_child=3 8 -3 4 6 -6 -1 -4 -2 -5
right_child=1 2 7 9 5 -7 -8 -9 -10 -11
leaf_value=-0.024466550201408341 0.020540820506010107 0.0015017540689748492 -0.0060322292690702635 0.0089960689056758671 -0.003696574255862613 0.01509180171510866 0.0059522446048347662 -0.037554958225861419 -0.0010347154772405072 0.033241102010153858
leaf_weight=8.3627101033926028 7.5838942974805859 12.345940828323362 7.4356061369180706 7.758055284619334 27.334529846906662 35.931679949164391 9.6081372350454313 12.483196467161177 12.455153554677961 9.9416297078132612
leaf_count=34 31 50 30 32 112 148 39 51 51 41
internal_value=0.00239445 -0.00731782 -0.0169063 0.0077208 0.00317857 0.00687983 -0.00848463 -0.0280961 0.00757311 0.0253678
internal_weight=151.241 52.3038 32.2647 98.9367 81.2371 63.2662 17.9708 19.9188 20.039 17.6997
internal_count=619 213 131 406 333 260 73 81 82 73
is_linear=0
shrinkage=0.03


Tree=34
num_leaves=8
num_cat=0
split_feature=14 36 36 36 28 35 3
split_gain=11.2345 7.40593 6.83474 5.6286 8.98416 5.66218 1.40462
threshold=126.77218606942917 0.0082429721824947514 0.0049773884110654526 0.0055306302629143924 5.5000000000000009 0.025616395370351656 -0.0089812459900168156
decision_type=2 2 2 2 2 2 2
left_child=1 3 -2 5 -5 -1 -3
right_child=2 6 -4 4 -6 -7 -8
leaf_value=-0.0059406963851356964 0.0018121465391316748 0.032923433145568969 -0.031874702591220959 0.010202523806591196 -0.011335131797879941 0.016524805820988999 0.010333056018163981
leaf_weight=11.711451917886732 7.7042936235666302 7.2192289680242565 10.734912261366842 26.197221636772156 42.620924413204193 33.69597752392292 11.178611904382704
leaf_count=48 31 30 44 108 174 138 46
internal_value=0.00233029 0.00553408 -0.0182657 0.00236878 -0.00286793 0.0104079 0.0222918
internal_weight=151.063 132.623 18.4392 114.226 68.8181 45.4074 18.3978
internal_count=619 544 75 468 282 186 76
is_linear=0
shrinkage=0.03


Tree=35
num_leaves=6
num_cat=0
split_feature=4 38 21 21 38
split_gain=6.1966 4.12381 4.71815 7.15885 0.924245
threshold=-0.058221861166472759 0.0064393853639291938 0.011359379490783353 0.01367290932941004 0.010818101243371488
decision_type=2 2 2 2 2
left_child=4 -2 -3 -4 -1
right_child=1 2 3 -5 -6
leaf_value=0.023746852956715921 0.012332006924204815 0.015340500832125294 -0.024516053186796543 -0.0029936089240963481 0.0042901935588353169
leaf_weight=7.2785264402627927 12.34614849090576 7.7728751152753821 14.665759786963461 106.63207799196243 7.2853338569402695
leaf_count=30 51 32 60 436 30
internal_value=-0.000644201 -0.00273289 -0.00445454 -0.00607294 0.0166128
internal_weight=155.981 141.417 129.071 121.298 14.5639
internal_count=639 579 528 496 60
is_linear=0
shrinkage=0.03


Tree=36
num_leaves=9
num_cat=0
split_feature=4 28 28 19 9 12 20 37
split_gain=5.9178 8.78799 6.98292 8.20961 6.86223 8.21417 1.02568 0.912115
threshold=-0.058221861166472759 6.5000000000000009 1.5000000000000002 0.11013087971731306 0.049598885947679076 54.216137558281126 0.024581501172004392 -0.018788388377396877
decision_type=2 2 2 2 2 2 2 2
left_child=7 2 -2 -4 5 -3 -6 -1
right_child=1 4 3 -5 6 -7 -8 -9
leaf_value=0.023332041238361217 -0.01402035365084869 -0.011382973020563854 0.022539068639076371 -0.00012607055173999678 -0.013069096157556718 0.012048827825591866 -0.034117340320486564 0.0040835923945112739
leaf_weight=7.2668338268995285 11.345364511013029 37.648813247680664 23.366998344659805 30.187197059392929 13.426040858030321 18.058060005307198 7.3517611175775519 7.2672777622938138
leaf_count=30 46 154 97 123 55 74 30 30
internal_value=-0.000605788 -0.00264829 0.00524045 0.00994868 -0.00949621 -0.003373 -0.0235168 0.0162729
internal_weight=155.918 141.384 64.8996 53.5542 76.4847 55.7069 20.7778 14.5341
internal_count=639 579 266 220 313 228 85 60
is_linear=0
shrinkage=0.03


Tree=37
num_leaves=9
num_cat=0
split_feature=12 12 33 5 19 9 17 33
split_gain=5.71594 6.51604 10.4176 6.2894 6.09687 5.71978 5.5209 2.87999
threshold=38.431645230755912 54.216137558281126 0.78144736921781999 0.03981682128281306 0.10836599653330604 -0.0070577328549131348 -6.5683529416208364 0.13387978142076504
decision_type=2 2 2 2 2 2 2 2
left_child=7 3 6 5 -4 -2 -3 -1
right_child=1 2 4 -5 -6 -7 -8 -9
leaf_value=0 -0.0026899987042234147 -0.0018037901804846836 0.006915026842244318 0.011066584936562943 -0.014526938060256945 -0.024673156285751195 0.023160970473037189 0.020151870998056792
leaf_weight=10.35348227620125 21.415761455893517 10.051091328263285 16.54685552418232 7.5933236777782431 29.648332491517067 24.76677194237709 21.521543607115746 13.845047146081923
leaf_count=42 88 41 68 31 121 101 89 58
internal_value=-0.000592188 -0.00318773 0.00221321 -0.0110665 -0.00656707 -0.0153252 0.0151327 0.0121109
internal_weight=155.742 131.544 77.7678 53.7759 46.1952 46.1825 31.5726 24.1985
internal_count=639 539 319 220 189 189 130 100
is_linear=0
shrinkage=0.03


Tree=38
num_leaves=10
num_cat=0
split_feature=4 12 10 10 4 14 5 35 26
split_gain=5.56852 4.54649 8.04271 5.9774 4.6914 6.4488 5.68178 3.05277 1.28665
threshold=-0.058221861166472759 54.216137558281126 0.027280477459000644 0.041853843237375739 -0.021939537392237581 3.551213686216443 0.034318098644552382 0.052121326961291688 0.28647416413373866
decision_type=2 2 2 2 2 2 2 2 2
left_child=8 4 7 -4 5 -2 -6 -3 -1
right_child=1 2 3 -5 6 -7 -8 -9 -10
leaf_value=0.023704309346434593 0.013489413562442223 0.016849891316411712 -0.017756306818289089 0.0037408894618441483 -0.019552968927831735 -0.017387130417821878 0.0061708211479532173 -0.0020191910564459851 0.0028148005573629519
leaf_weight=7.2824243456125242 14.840089291334154 27.915568217635155 19.776310071349144 21.933983191847801 33.353959649801254 7.3889165371656409 7.8271529376506797 8.0559116303920728 7.2004077136516571
leaf_count=30 61 116 81 89 137 30 32 33 30
internal_value=-0.000565757 -0.00255137 0.00215403 -0.0064546 -0.00843473 0.00201893 -0.014257 0.0123453 0.0158305
internal_weight=155.575 141.092 77.6818 41.7103 63.4101 22.229 41.1811 35.9715 14.4828
internal_count=639 579 319 170 260 91 169 149 60
is_linear=0
shrinkage=0.03


Tree=39
num_leaves=10
num_cat=0
split_feature=12 12 33 19 14 23 12 35 33
split_gain=5.32601 5.89013 9.76711 5.68023 5.19278 5.10195 6.0833 3.60366 2.81712
threshold=38.431645230755912 54.216137558281126 0.78144736921781999 0.10836599653330604 113.01637205890212 0.98740489467916881 41.878265281352718 0.035920908882282949 0.13387978142076504
decision_type=2 2 2 2 2 2 2 2 2
left_child=8 5 4 -4 -3 6 -2 -7 -1
right_child=1 2 3 -5 -6 7 -8 -9 -10
leaf_value=0 0.0033399093265909707 0.021447897973036006 0.0065943249810663969 -0.01409949649612861 -0.0039403482216084926 -0.0094606570874378026 -0.025377330510485342 0.01249174886017834 0.019711486052506371
leaf_weight=10.342009142041208 7.2662838995456722 23.382603734731678 16.526457637548447 29.609718933701515 8.0992348194122297 13.416967168450357 23.086439579725266 9.9415902048349363 13.792957097291945
leaf_count=42 30 97 68 121 33 55 94 41 58
internal_value=-0.000536595 -0.00304707 0.00208618 -0.00640914 0.0146231 -0.010543 -0.0182575 0 0.0117379
internal_weight=155.464 131.329 77.618 46.1362 31.4818 53.7113 30.3527 23.3586 24.135
internal_count=639 539 319 189 130 220 124 96 100
is_linear=0
shrinkage=0.03


Tree=40
num_leaves=11
num_cat=0
split_feature=13 21 0 25 14 19 25 21 11 35
split_gain=6.9693 8.22839 7.5772 5.38134 6.33727 4.76474 4.41096 3.30458 2.43332 1.17367
threshold=-0.91630639139017223 0.01367290932941004 0.009316946740136391 0.38090739606360036 111.70612386565882 0.10836599653330604 0.38856316906398175 0.015561277846470089 0.033090846252707203 0.027902596173809194
decision_type=2 2 2 2 2 2 2 2 2 2
left_child=1 -1 6 4 -3 7 9 -4 -7 -2
right_child=2 3 5 -5 -6 8 -8 -9 -10 -11
leaf_value=-0.026561155722798973 0.010548401617527242 0 -0.0032818411854797116 0.014249891862329235 -0.028105521799797015 0 0 0.01767738762305723 -0.01978406011460546 0.027262028998024181
leaf_weight=12.114650189876555 14.911404579877855 31.814955875277519 10.908381760120394 13.661541804671286 7.3392711430788031 10.717576250433924 12.817057788372038 11.151574298739432 11.728124007582663 16.401713192462921
leaf_count=50 61 131 45 56 30 44 53 46 48 68
internal_value=0.00105427 -0.0061882 0.00654474 -0.000442887 -0.00637729 -0.00191026 0.01511 0.00727858 -0.0114114 0.0208643
internal_weight=153.566 64.9304 88.6358 52.8158 39.1542 44.5057 44.1302 22.06 22.4457 31.3131
internal_count=632 267 365 217 161 183 182 91 92 129
is_linear=0
shrinkage=0.03


Tree=41
num_leaves=11
num_cat=0
split_feature=13 21 0 25 14 19 25 21 22 6
split_gain=6.62366 7.80188 7.20802 5.11537 6.06246 4.52546 4.19588 3.15143 2.55974 1.17693
threshold=-0.91630639139017223 0.01367290932941004 0.009316946740136391 0.38090739606360036 111.70612386565882 0.10836599653330604 0.38856316906398175 0.015561277846470089 0.058874406823215771 0.0030600606043309103
decision_type=2 2 2 2 2 2 2 2 2 2
left_child=1 -1 6 4 -3 7 9 -4 -7 -2
right_child=2 3 5 -5 -6 8 -8 -9 -10 -11
leaf_value=-0.0258819924045556 0.026137587265274438 0 -0.0031981055450185677 0.013883782399840401 -0.027517971392358852 0 0 0.017259287907365788 -0.019726000544102621 0.0094854179664545669
leaf_weight=12.112082675099371 17.671321496367458 31.814955875277519 10.910506099462511 13.65398897230625 7.3141770213842383 10.727363958954813 12.817057788372038 11.127874657511709 11.703305810689924 13.580177664756773
leaf_count=50 73 131 45 56 30 44 53 46 48 56
internal_value=0.0010166 -0.00604209 0.00637525 -0.000436961 -0.00623098 -0.00186608 0.014737 0.00708403 -0.0111337 0.0203583
internal_weight=153.433 64.8952 88.5376 52.7831 39.1291 44.4691 44.0686 22.0384 22.4307 31.2515
internal_count=632 267 365 217 161 183 182 91 92 129
is_linear=0
shrinkage=0.03


Tree=42
num_leaves=12
num_cat=0
split_feature=13 38 23 10 9 7 20 24 34 28 0
split_gain=6.29641 8.52732 7.39397 8.45015 6.56507 6.51238 5.65952 4.16531 5.4542 3.95887 0.735964
threshold=-0.91630639139017223 0.00884374299065783 1.1633175015496648 0.032172698684027397 -0.0022104280685591223 -0.018901328264892544 0.022605162037796639 0.69517543859649134 0.0084672293851539866 6.5000000000000009 -0.0084775274145158491
decision_type=2 2 2 2 2 2 2 2 2 2 2
left_child=4 7 3 -3 5 -1 10 8 -2 -8 -6
right_child=1 2 -4 -5 6 -7 9 -9 -10 -11 -12
leaf_value=-0.010601613453150076 0.0064432743213277983 0.011116507692457523 -0.025309417654402897 -0.018359813402227847 -0.0089096397929493906 0.02160663766333485 0.0090744740479827158 -0.00017955095017635979 0.033598931528525659 -0.01334880549903447 -0.027637668744751761
leaf_weight=7.5968388766050365 15.776109114289286 31.238735973834991 7.9780825823545447 9.7174931168556196 8.5198939144611376 11.116971746087073 12.959292575716974 8.9912873059511167 14.73629307746887 11.224812284111975 13.435390904545782
leaf_count=31 65 129 33 40 35 47 53 37 61 46 55
internal_value=0.000980544 0.00621102 -0.00192742 0.00324441 -0.00590013 0.0080464 -0.0119676 0.0162608 0.0212798 -0.000984862 -0.0223469
internal_weight=153.291 88.438 48.9343 40.9562 64.8532 18.7138 46.1394 39.5037 30.5124 24.1841 21.9553
internal_count=632 365 202 169 267 78 189 163 126 99 90
is_linear=0
shrinkage=0.03


Tree=43
num_leaves=10
num_cat=0
split_feature=13 38 21 23 10 21 24 34 13
split_gain=5.96684 8.13303 7.34305 7.02394 8.02849 4.4987 3.98222 5.20124 3.40014
threshold=-0.91630639139017223 0.00884374299065783 0.01367290932941004 1.1633175015496648 0.032172698684027397 0.015835296590685579 0.69517543859649134 0.0084672293851539866 -4.0098589827912958
decision_type=2 2 2 2 2 2 2 2 2
left_child=2 6 -1 4 -3 -4 7 -2 -7
right_child=1 3 5 -5 -6 8 -8 -9 -10
leaf_value=-0.025029544975434699 0.0062741214797219971 0.010814854869545391 0.012874545166447673 -0.024694453531691397 -0.017935681677869846 0.00051571942618925282 -0.00017514290935527081 0.032852996405808271 -0.016656045279184527
leaf_weight=12.080802068114279 15.769418776035311 31.203088849782944 14.015756517648695 7.981209158897399 9.696480914950369 24.624216794967648 8.9913764148950559 14.665238842368124 14.050340309739115
leaf_count=50 65 129 58 33 40 101 37 61 58
internal_value=0.000935285 0.00603373 -0.00576365 -0.00190992 0.00313062 -0.000318319 0.0158612 0.0207799 -0.00586619
internal_weight=153.078 88.3068 64.7711 48.8808 40.8996 52.6903 39.426 30.4347 38.6746
internal_count=632 365 267 202 169 217 163 126 159
is_linear=0
shrinkage=0.03


Tree=44
num_leaves=8
num_cat=0
split_feature=4 28 28 10 36 36 9
split_gain=6.70747 7.63571 11.8788 9.5017 9.23355 6.83647 6.81017
threshold=-0.055018498670569065 6.5000000000000009 1.5000000000000002 0.02206053313641421 0.0051736327028402999 0.0080690786208594909 0.0025178004528181139
decision_type=2 2 2 2 2 2 2
left_child=-1 2 -2 -4 6 -6 -3
right_child=1 4 3 -5 5 -7 -8
leaf_value=0.019888694706314106 -0.018972610495928507 0.027070769310747322 0.02524630986500807 0.00037907033184622765 -0.021452687693608537 0.0042958291452849049 -0.0037492288260469434
leaf_weight=13.185737922787665 11.741792827844618 7.3891551941633251 24.305781841278076 31.948795989155769 36.595745071768761 10.251153290271757 17.499886870384216
leaf_count=55 48 31 102 131 151 42 72
internal_value=0.000897302 -0.00104434 0.0059471 0.0118788 -0.0078563 -0.0155661 0.00617583
internal_weight=152.918 139.732 67.9964 56.2546 71.7359 46.8469 24.889
internal_count=632 577 281 233 296 193 103
is_linear=0
shrinkage=0.03


Tree=45
num_leaves=9
num_cat=0
split_feature=33 19 19 19 13 25 21 3
split_gain=5.51341 4.31528 11.5129 7.83832 2.87937 2.85487 1.66992 0.965511
threshold=0.94824667125803497 0.075110353609307165 0.10836599653330604 0.21106396566804334 5.611474947164198 0.26766169154228864 0.0137435419633975 0.038269375423522829
decision_type=2 2 2 2 2 2 2 2
left_child=1 5 4 -4 -3 6 -1 -2
right_child=7 2 3 -5 -6 -7 -8 -9
leaf_value=-0.0011022597761165727 -0.023896767716680541 0.021198301323396264 -0.0082921916851056224 0.015901989540387049 0.00075815109662450992 0.0016877824225020189 -0.021583198581830984 -0.0046317812283959555
leaf_weight=7.4135134220123353 7.7523045837879163 29.127190381288528 56.018029421567917 13.003420352935789 9.8846293091773969 12.816633149981497 11.502550035715101 7.7682188451290131
leaf_count=31 32 122 230 54 41 53 47 32
internal_value=-0.00081856 0.00105487 0.00401098 -0.00320343 0.0166746 -0.0082056 -0.0151465 -0.01674
internal_weight=155.286 139.766 108.033 69.0214 39.0118 31.7327 18.9161 15.5205
internal_count=642 578 447 284 163 131 78 64
is_linear=0
shrinkage=0.03


Tree=46
num_leaves=10
num_cat=0
split_feature=33 19 19 19 20 20 4 28 40
split_gain=5.26787 4.12485 12.1391 7.43041 6.33993 3.78232 3.29274 1.89496 1.82899
threshold=0.94824667125803497 0.078996511102210926 0.10836599653330604 0.21106396566804334 0.019436493326695749 0.017229681886431265 0.0065790522806156168 9.5000000000000018 0.037079180436868649
decision_type=2 2 2 2 2 2 2 2 2
left_child=1 4 7 -4 5 -1 -6 -3 -2
right_child=8 2 3 -5 6 -7 -8 -9 -10
leaf_value=-2.3063025591724025e-05 -0.002498886186764711 0.022912613465873487 -0.0080523909563483716 0.015517083901844291 -0.0052205263824948774 -0.029739298673066059 0.017999500662308789 0.0052819844083963211 -0.025391274884238497
leaf_weight=7.1462260633707073 7.7746402174234372 23.436343416571617 56.015260189771652 12.976219251751898 10.505826458334925 10.208623841404913 7.2607023864984503 12.095272228121756 7.7369313538074493
leaf_count=30 32 99 230 54 43 42 30 50 32
internal_value=-0.0008021 0.00102795 0.00410699 -0.00309578 -0.00745893 -0.0195448 0.00437108 0.0179119 -0.0163697
internal_weight=155.156 139.644 104.523 68.9915 35.1214 17.3548 17.7665 35.5316 15.5116
internal_count=642 578 433 284 145 72 73 149 64
is_linear=0
shrinkage=0.03


Tree=47
num_leaves=10
num_cat=0
split_feature=9 38 37 28 23 23 36 9 10
split_gain=5.02649 5.4436 7.94674 5.20869 4.14647 5.42269 3.64963 1.2801 0.836835
threshold=-0.0070577328549131348 0.011397823297622933 -0.009077785258535696 3.5000000000000004 1.1633175015496648 1.0720889929641644 0.0054750285743184876 0.097267090956195137 -0.010658103086462143
decision_type=2 2 2 2 2 2 2 2 2
left_child=1 3 -3 -1 5 6 -2 -6 -5
right_child=4 2 -4 8 7 -7 -8 -9 -10
leaf_value=0 0.0028915601263860787 0.012649051283408959 -0.025167116827879695 0.032405019870093539 -0.022971608726040375 0.014205933486373773 -0.0098117609191399665 -0.003157269357959389 0.0094934157553949166
leaf_weight=12.539117306470873 30.7491584867239 8.0909607261419279 7.6278170198202124 8.9817928820848447 10.634102970361711 14.277355656027792 47.768481984734535 7.3453623652458182 6.9581857770681372
leaf_count=52 127 34 31 39 44 59 196 30 30
internal_value=-0.000785163 0.00744337 -0.00562473 0.0150441 -0.00427505 -0.00139654 -0.00470233 -0.0167538 0.025413
internal_weight=154.972 44.1979 15.7188 28.4791 110.774 92.795 78.5176 17.9795 15.94
internal_count=642 186 65 121 456 382 323 74 69
is_linear=0
shrinkage=0.03


Tree=48
num_leaves=6
num_cat=0
split_feature=33 38 0 35 3
split_gain=5.01478 3.57354 4.79637 4.90158 0.904954
threshold=0.94824667125803497 0.014341788617253217 -0.022793444644905844 -0.071727256031793793 0.038269375423522829
decision_type=2 2 2 2 2
left_child=1 2 -1 -4 -2
right_child=4 -3 3 -5 -6
leaf_value=-0.018192572826845575 -0.022875885664413995 0.017234040714424335 -0.018957266776740579 0.0032606022363685359 -0.0042527520489923877
leaf_weight=10.307809367775915 7.7246349751949293 9.3075086772441846 7.6001382768154135 112.11645029485226 7.7590932548046112
leaf_count=42 32 39 31 466 32
internal_value=-0.000751859 0.00103345 -0.000256125 0.00143855 -0.0159556
internal_weight=154.816 139.332 130.024 119.717 15.4837
internal_count=642 578 539 497 64
is_linear=0
shrinkage=0.03


Tree=49
num_leaves=6
num_cat=0
split_feature=33 38 17 38 36
split_gain=4.7854 3.41445 4.78982 4.70292 0.855889
threshold=0.94824667125803497 0.014341788617253217 -10.778231625639888 0.0070118306301055981 0.005888200656037337
decision_type=2 2 2 2 2
left_child=1 2 -1 -4 -2
right_child=4 -3 3 -5 -6
leaf_value=-0.018210338130824021 -0.0037289171340964718 0.016851814435173446 0.014913864483880209 -0.0010053808643244455 -0.021965387256735205
leaf_weight=10.279099360108374 7.3230775594711295 9.2788590490818006 17.672085121273994 102.05343621969223 8.1482650041580182
leaf_count=42 30 39 74 423 34
internal_value=-0.000749192 0.000992587 -0.000263878 0.00142758 -0.015607
internal_weight=154.755 139.283 130.005 119.726 15.4713
internal_count=642 578 539 497 64
is_linear=0
shrinkage=0.03


end of trees

feature_importances:
month=30
div_ma_60=29
macro_usdjpy_vol_20=29
bb_bandwidth=24
macro_topix_vol_20=23
ma_20_60_cross=22
macd=22
rsi=21
ma_5_20_cross=20
atr_pct=19
volatility=18
price_position_20d=16
return_20d=12
return_10d=10
div_ma_10=10
macro_usdjpy_ret_60=10
macro_nikkei_ret_20=10
rsi_change=9
vol_ratio=9
upper_shadow_pct=9
return_1d=8
macro_topix_ret_20=8
return_5d=7
return_2d=6
macd_signal=6
macd_hist_change=6
macro_usdjpy_ret_20=6
return_3d=5
bb_pct_b=5
vol_change=5
lower_shadow_pct=5
macd_hist=4
div_ma_5=3
candle_body_pct=3
gap=3
div_ma_20=1
day_of_week=1
macro_nikkei_above_200dma=1

parameters:
[boosting: gbdt]
[objective: binary]
[metric: binary_logloss]
[tree_learner: serial]
[device_type: cpu]
[data_sample_strategy: bagging]
[data: ]
[valid: ]
[num_iterations: 50]
[learning_rate: 0.03]
[num_leaves: 15]
[num_threads: 0]
[seed: 42]
[deterministic: 0]
[force_col_wise: 0]
[force_row_wise: 0]
[histogram_pool_size: -1]
[max_depth: 4]
[min_data_in_leaf: 30]
[min_sum_hessian_in_leaf: 0.001]
[bagging_fraction: 0.7]
[pos_bagging_fraction: 1]
[neg_bagging_fraction: 1]
[bagging_freq: 5]
[bagging_seed: 400]
[bagging_by_query: 0]
[feature_fraction: 0.6]
[feature_fraction_bynode: 1]
[feature_fraction_seed: 30056]
[extra_trees: 0]
[extra_seed: 12879]
[early_stopping_round: 0]
[early_stopping_min_delta: 0]
[first_metric_only: 0]
[max_delta_step: 0]
[lambda_l1: 0.5]
[lambda_l2: 2]
[linear_lambda: 0]
[min_gain_to_split: 0]
[drop_rate: 0.1]
[max_drop: 50]
[skip_drop: 0.5]
[xgboost_dart_mode: 0]
[uniform_drop: 0]
[drop_seed: 17869]
[top_rate: 0.2]
[other_rate: 0.1]
[min_data_per_group: 100]
[max_cat_threshold: 32]
[cat_l2: 10]
[cat_smooth: 10]
[max_cat_to_onehot: 4]
[top_k: 20]
[monotone_constraints: ]
[monotone_constraints_method: basic]
[monotone_penalty: 0]
[feature_contri: ]
[forcedsplits_filename: ]
[refit_decay_rate: 0.9]
[cegb_tradeoff: 1]
[cegb_penalty_split: 0]
[cegb_penalty_feature_lazy: ]
[cegb_penalty_feature_coupled: ]
[path_smooth: 0]
[interaction_constraints: ]
[verbosity: -1]
[saved_feature_importance_type: 0]
[use_quantized_grad: 0]
[num_grad_quant_bins: 4]
[quant_train_renew_leaf: 0]
[stochastic_rounding: 1]
[linear_tree: 0]
[max_bin: 255]
[max_bin_by_feature: ]
[min_data_in_bin: 5]
[bin_construct_sample_cnt: 200000]
[data_random_seed: 175]
[is_enable_sparse: 1]
[enable_bundle: 1]
[use_missing: 1]
[zero_as_missing: 0]
[feature_pre_filter: 1]
[pre_partition: 0]
[two_round: 0]
[header: 0]
[label_column: ]
[weight_column: ]
[group_column: ]
[ignore_column: ]
[categorical_feature: ]
[forcedbins_filename: ]
[precise_float_parser: 0]
[parser_config_file: ]
[objective_seed: 16083]
[num_class: 1]
[is_unbalance: 0]
[scale_pos_weight: 1]
[sigmoid: 1]
[boost_from_average: 1]
[reg_sqrt: 0]
[alpha: 0.9]
[fair_c: 1]
[poisson_max_delta_step: 0.7]
[tweedie_variance_power: 1.5]
[lambdarank_truncation_level: 30]
[lambdarank_norm: 1]
[label_gain: ]
[lambdarank_position_bias_regularization: 0]
[eval_at: ]
[multi_error_top_k: 1]
[auc_mu_weights: ]
[num_machines: 1]
[local_listen_port: 12400]
[time_out: 120]
[machine_list_filename: ]
[machines: ]
[gpu_platform_id: -1]
[gpu_device_id: -1]
[gpu_use_dp: 0]
[num_gpu: 1]

end of parameters

pandas_categorical:[]
