tree
version=v4
num_class=1
num_tree_per_iteration=1
label_index=0
max_feature_idx=44
objective=binary sigmoid:1
feature_names=return_1d return_2d return_3d return_5d return_10d return_20d div_ma_5 div_ma_10 div_ma_20 div_ma_60 ma_5_20_cross ma_20_60_cross rsi rsi_change macd macd_signal macd_hist macd_hist_change bb_pct_b bb_bandwidth atr_pct volatility vol_change vol_ratio candle_body_pct upper_shadow_pct lower_shadow_pct day_of_week month is_month_end is_month_start streak gap price_position_20d macro_usdjpy_ret_20 macro_usdjpy_ret_60 macro_usdjpy_vol_20 macro_topix_ret_20 macro_topix_vol_20 macro_topix_above_200dma macro_nikkei_ret_20 macro_nikkei_above_200dma macro_nikkei_vi macro_jgb10y macro_bias_score
feature_infos=[-0.17772667542706966:0.1470235717139432] [-0.20539682539682536:0.16510776738511601] [-0.24013357619914999:0.17508813160987069] [-0.22865947611710324:0.24522163481089865] [-0.25104727707959307:0.30696721311475406] [-0.27784189267166759:0.2820615261685977] [-0.18004324182663956:0.11861627362173989] [-0.20405762075873687:0.13833228001040926] [-0.23400609000351938:0.17718290736289741] [-0.25990902863676019:0.21897800811042367] [-0.11857745094931693:0.13821315192743766] [-0.094390213981528581:0.10999476118612317] [12.283044058744991:96.584190916078668] [-24.477381847899785:30.523230841411753] [-76.757544168411869:70.388875063558089] [-61.726880727269695:61.703804987248915] [-30.363520725662603:39.603186159897412] [-19.050373370978008:12.003121116441562] [-0.40688573596952488:1.3342851245192389] [0.033581177580368354:0.39473402552224823] [0.012253614857796663:0.061921529175050304] [0.009105963204296243:0.057095451026884708] [-0.8996731498443703:7.0808635808635803] [0.45453671130036144:2.3363224203448341] [-1:1] [0:0.86904761904761907] [0:0.92592592592592593] [0:4] [1:12] none [0:1] [-7:9] [-0.073388837496145554:0.14382740711146624] [0:1] [-0.10288784967882303:0.08505611680078462] [-0.13986255140503889:0.13160084488587853] [0.0024251968629527628:0.011841457708833433] [-0.22586490939044479:0.19897850606512013] [0.0040695656522785678:0.036437277456277402] [0:1] [-0.22859537662338159:0.23022297972565586] [0:1] none none none
tree_sizes=1084 1090 1505 1190 1413 994 872 993 1101 890 1399 1399 989 1289 1358 1315 1291 1280 1206 1318 1099 892 1299 1279 1200 892 889 1103 894 1106 997 1288 1309 1103 1305 1196 1310 1293 975 1636 996 989 1420 1073 1203 1414 1286 1453 1420 1299

Tree=0
num_leaves=9
num_cat=0
split_feature=7 34 34 36 0 0 28 36
split_gain=16.2343 14.314 13.0114 8.6492 4.83419 7.46437 4.56224 3.39038
threshold=-0.01153455674987014 -0.027882564149019736 0.010103050245114488 0.0045506404834245442 -0.014554509886359866 0.00085637451096354244 9.5000000000000018 0.005918254689754157
decision_type=2 2 2 2 2 2 2 2
left_child=4 -2 6 -4 7 -6 -3 -1
right_child=1 2 3 -5 5 -7 -8 -9
leaf_value=-0.114186785333353 -0.080665786768567047 -0.11703940723207339 -0.12294066762210951 -0.096145732481913562 -0.069870587653325905 -0.10075994724820976 -0.14389444587954162 -0.088871352982352325
leaf_weight=7.4803832173347455 12.96599757671356 32.165647834539413 12.217959254980086 43.635568767786026 19.199650257825855 12.467305362224577 8.2284215390682203 7.4803832173347473
leaf_count=30 52 129 49 175 77 50 33 30
internal_value=-0.101618 -0.10785 -0.112033 -0.102374 -0.0870857 -0.0807679 -0.124564 -0.102314
internal_weight=155.841 109.214 96.2476 55.8535 46.6277 31.667 40.3941 14.9608
internal_count=625 438 386 224 187 127 162 60
is_linear=0
shrinkage=1


Tree=1
num_leaves=9
num_cat=0
split_feature=7 34 34 38 23 40 17 0
split_gain=15.3906 13.5893 12.3479 13.3165 11.5552 4.43437 4.22789 3.51288
threshold=-0.01153455674987014 -0.027882564149019736 0.010103050245114488 0.0088339553591261707 1.1964958678704534 0.031947984421408789 -2.8273079055880914 0.00085637451096354244
decision_type=2 2 2 2 2 2 2 2
left_child=4 -2 5 -4 6 -3 -1 -8
right_child=1 2 3 -5 -6 -7 7 -9
leaf_value=0.0023749970862195968 0.021125924225402049 -0.030387378044659668 0.013424624394566246 -0.014899636237857228 -0.013458493825458351 -0.0079998956058342056 0.03419618962719493 0.0067445085123131335
leaf_weight=9.7271106690168327 12.978874981403349 22.413977935910225 29.17483426630497 26.678044855594635 8.4808080643415433 17.933272540569305 19.969286322593696 8.4784622490406019
leaf_count=39 52 90 117 107 34 72 80 34
internal_value=0.00072895 -0.00533986 -0.00942079 0 0.0148746 -0.0216387 0.021899 0.0274877
internal_weight=155.835 109.179 96.2001 55.8529 46.6557 40.3473 38.1749 28.4477
internal_count=625 438 386 224 187 162 153 114
is_linear=0
shrinkage=0.03


Tree=2
num_leaves=13
num_cat=0
split_feature=28 36 27 3 11 20 24 2 10 13 3 2
split_gain=10.0149 9.39176 6.67168 6.64016 14.4609 6.04255 5.15077 4.6489 4.27352 3.65127 1.96287 1.82837
threshold=8.5000000000000018 0.0055852855331987817 2.5000000000000004 -0.01555615197869392 -0.050001318460096748 0.018677696481540725 -0.055050505050505037 -0.014885007550493099 -0.014520554596792355 2.0332642094042304 0.013456901485342844 -0.0082663500988040522
decision_type=2 2 2 2 2 2 2 2 2 2 2 2
left_child=1 6 8 7 -5 -6 11 -2 -3 -8 -4 -1
right_child=3 2 10 4 5 -7 9 -9 -10 -11 -12 -13
leaf_value=0.015656226205488944 0.014344412041023893 0.021651260256291435 0.033639328376878413 0.014930228054875674 -0.0042532976365827271 -0.037313534039396627 -0.023924750386981049 -0.011053050741648562 -0.00063814967302431723 0 0.010743908938369556 -0.0013015235401842955
leaf_weight=7.9817560762167004 12.725131198763849 7.9818162322044364 13.224301993846895 7.7237521409988394 8.9714366197586077 17.179457753896713 11.959076419472696 9.2257557362318021 28.922972336411476 9.468943923711775 10.967497289180754 9.4714915901422483
leaf_count=32 51 32 53 31 36 69 48 37 116 38 44 38
internal_value=0.000711156 0.00644472 0.0136749 -0.00916543 -0.0172027 -0.0276126 -0.00466286 0.00301218 0.00466229 -0.0141698 0.0254453 0.00649486
internal_weight=155.803 99.9779 61.0966 55.8255 33.8746 26.1509 38.8813 21.9509 36.9048 21.428 24.1918 17.4532
internal_count=625 401 245 224 136 105 156 88 148 86 97 70
is_linear=0
shrinkage=0.03


Tree=3
num_leaves=10
num_cat=0
split_feature=36 24 2 19 4 17 4 19 11
split_gain=7.3944 9.25338 11.8352 6.96737 5.6472 5.50761 4.60986 9.7724 4.75675
threshold=0.0065992573228417662 0.72627372627372633 -0.0075677537472755288 0.080844400269743849 -0.047944167355926763 -0.18223453083432692 0.034383635680578679 0.12005739868122588 0.020790384698487933
decision_type=2 2 2 2 2 2 2 2 2
left_child=1 2 3 -1 -2 -4 7 -6 -8
right_child=4 -3 5 -5 6 -7 8 -9 -10
leaf_value=0.026061736966387365 0.028840392149241341 0.022330749646655993 0 -0.0026746707859736157 0.0080559847532620885 -0.023153206986208433 0.027369232636076043 -0.022340521675416211 -0.00066210986631857235
leaf_weight=8.4848742038011533 8.4858596920967084 7.9712219387292853 13.954654365777968 23.937726825475693 27.434637635946274 35.332121461629868 10.478078201413156 11.968476608395575 7.7277638316154471
leaf_count=34 34 32 56 96 110 142 42 48 31
internal_value=0.000699527 -0.00476856 -0.00806182 0.00548707 0.00826132 -0.0171336 0.00411241 -0.00144767 0.0158407
internal_weight=155.775 89.6806 81.7094 32.4226 66.0948 49.2868 57.609 39.4031 18.2058
internal_count=625 360 328 130 265 198 231 158 73
is_linear=0
shrinkage=0.03


Tree=4
num_leaves=12
num_cat=0
split_feature=28 9 5 36 38 19 28 27 3 40 21
split_gain=9.42272 10.1045 9.0905 8.61339 7.75808 7.44811 7.17987 6.29171 5.69573 5.11153 3.84122
threshold=8.5000000000000018 -0.022758464936498028 0.057718424715152768 0.0055852855331987817 0.00974901266386838 0.084076939992724115 2.5000000000000004 2.5000000000000004 -0.0090503326465467531 -0.0090540241936145054 0.016800603594350001
decision_type=2 2 2 2 2 2 2 2 2 2 2
left_child=3 4 8 5 -2 -1 -7 9 -3 -5 -9
right_child=1 2 -4 7 -6 6 -8 10 -10 -11 -12
leaf_value=0.014607689328683128 -0.011271803770936789 -0.006579759155801391 0.0041908098713859185 0.019751014655826717 0.018488199765962245 0.0051740984182222444 -0.023680687759848957 0.036349038373197799 -0.04243490545197267 -0.0026822307935359 0.0090310484033452858
leaf_weight=10.709523558616636 13.209185361862184 8.2246874719858223 7.9725703895092002 11.234913170337675 13.956110864877699 10.712989822030069 17.425922036170959 11.734963953495027 12.404500514268873 25.677767932415009 12.478377267718313
leaf_count=43 53 33 32 45 56 43 70 47 50 103 50
internal_value=0.000699985 -0.00888347 -0.0208072 0.00626224 0.0037224 -0.00437187 -0.0125831 0.0131827 -0.0306476 0.00442439 0.0246061
internal_weight=155.742 55.7671 28.6018 99.9745 27.1653 38.8484 28.1389 61.126 20.6292 36.9127 24.2133
internal_count=625 224 115 401 109 156 113 245 83 148 97
is_linear=0
shrinkage=0.03


Tree=5
num_leaves=8
num_cat=0
split_feature=19 20 23 19 2 16 4
split_gain=11.1872 8.57489 9.92306 9.72208 5.59439 3.87816 8.41579
threshold=0.057007415340446767 0.019302494156434646 0.98475361317971788 0.086530604425226462 -0.040599480349830512 4.4087333515536846 0.0042796092796092431
decision_type=2 2 2 2 2 2 2
left_child=-1 5 3 -3 -4 6 -2
right_child=1 2 4 -5 -6 -7 -8
leaf_value=-0.027119619019649766 0.023336418343403092 0.027846646875113613 0.0065505700723309957 -9.8123321245592216e-05 -0.015621042018298396 0.026865035336320228 -0.014243269907298371
leaf_weight=11.450129777193068 8.4806584715843254 12.205266281962393 10.729808658361433 48.073933646082878 46.067420348525047 12.716378420591353 8.7191781252622587
leaf_count=46 34 49 43 193 185 51 35
internal_value=-0.000868357 0.00141242 -0.00219876 0.0060318 -0.011097 0.0152669 0.0040055
internal_weight=158.443 146.993 117.076 60.2792 56.7972 29.9162 17.1998
internal_count=636 590 470 242 228 120 69
is_linear=0
shrinkage=0.03


Tree=6
num_leaves=7
num_cat=0
split_feature=38 34 11 38 38 21
split_gain=8.43198 8.50733 8.14313 11.7536 6.55616 3.12784
threshold=0.006443758591191711 -0.037518279428509486 0.059230359128815142 0.0084763836862541374 0.0099088576295996086 0.020244062278993426
decision_type=2 2 2 2 2 2
left_child=-1 5 3 -3 -4 -2
right_child=1 2 4 -5 -6 -7
leaf_value=0.019755147182050896 0 0.004482163895131324 -0.0013586741337455487 -0.016459139882438426 0.029000753638623897 0.026888907709428905
leaf_weight=13.968475058674811 7.9895135909318951 33.637371987104416 16.6698501855135 70.425364851951599 7.472449228167533 8.2475313395261747
leaf_count=56 32 135 67 283 30 33
internal_value=-0.000829586 -0.00316531 -0.00589827 -0.00959174 0.00896409 0.0158716
internal_weight=158.411 144.442 128.205 104.063 24.1423 16.237
internal_count=636 580 515 418 97 65
is_linear=0
shrinkage=0.03


Tree=7
num_leaves=8
num_cat=0
split_feature=19 20 37 28 23 16 16
split_gain=10.6973 8.08864 8.70645 11.7865 10.7183 4.38292 3.32707
threshold=0.057007415340446767 0.018727047615528125 0.0024126470258741821 6.5000000000000009 0.97090998159695341 4.7096254397094066 0.68218042538548229
decision_type=2 2 2 2 2 2 2
left_child=-1 5 4 -4 -3 6 -2
right_child=1 2 3 -5 -6 -7 -8
leaf_value=-0.026465669599803107 0.016067472865441499 0.021002129300174564 0.0042209726603048637 -0.018898149174992284 -0.0067231407360054665 0.028799064902744264 -0.0087352288964359596
leaf_weight=11.430446013808249 7.4795840829610842 24.68415442109108 34.869731843471527 40.015678077936172 21.177916765213013 11.232002258300779 7.4721090048551559
leaf_count=46 30 99 140 161 85 45 30
internal_value=-0.000770766 0.001456 -0.00178249 -0.00810807 0.00813997 0.0159894 0.00321926
internal_weight=158.362 146.931 120.747 74.8854 45.8621 26.1837 14.9517
internal_count=636 590 485 301 184 105 60
is_linear=0
shrinkage=0.03


Tree=8
num_leaves=9
num_cat=0
split_feature=28 11 4 32 9 9 15 26
split_gain=8.72057 8.96504 7.04649 8.36322 6.87417 4.86928 8.29677 4.40476
threshold=8.5000000000000018 -0.050001318460096748 0.085023340291128138 -0.012442806079372535 -0.026827846530977039 -0.022758464936498028 18.108253619946026 0.23294519177131376
decision_type=2 2 2 2 2 2 2 2
left_child=2 -2 3 -1 -5 7 -7 -3
right_child=1 5 -4 4 -6 6 -8 -9
leaf_value=-0.013681822415761465 0.013297152236546242 -0.01394022557040038 -0.019620362360173827 -0.0086625894209715979 0.014378464058268071 -0.033971526109651477 7.5380963352105705e-06 0.011359045328659332
leaf_weight=12.695952773094175 9.9750497639179212 12.938255131244661 7.7203111350536338 11.710727393627165 68.537123456597328 18.303093999624256 8.2081335932016355 8.2186543494462949
leaf_count=51 40 52 31 47 275 74 33 33
internal_value=-0.000741843 -0.00993549 0.00446759 0.00699759 0.0107048 -0.0154388 -0.0236626 -0.00333242
internal_weight=158.307 57.6432 100.664 92.9438 80.2479 47.6681 26.5112 21.1569
internal_count=636 232 404 373 322 192 107 85
is_linear=0
shrinkage=0.03


Tree=9
num_leaves=7
num_cat=0
split_feature=19 20 34 19 16 7
split_gain=9.99239 7.53337 8.35724 7.82195 4.16105 6.92552
threshold=0.057007415340446767 0.018727047615528125 -0.037518279428509486 0.16599597790114087 4.7096254397094066 0.0028538601291606537
decision_type=2 2 2 2 2 2
left_child=-1 4 -3 -4 5 -2
right_child=1 2 3 -5 -6 -7
leaf_value=-0.025610432210125725 0.021466141011450172 0.018749079877190201 -0.00079905734329358685 -0.022028955149236019 0.027903046081260048 -0.014578628686759033
leaf_weight=11.394846796989439 7.4888995140790957 13.489390075206755 89.770569667220116 17.409400656819344 11.238743454217909 7.466639444231987
leaf_count=46 30 54 361 70 45 30
internal_value=-0.000739144 0.00140796 -0.00171589 -0.00472521 0.0154315 0.00298896
internal_weight=158.258 146.864 120.669 107.18 26.1943 14.9555
internal_count=636 590 485 431 105 60
is_linear=0
shrinkage=0.03


Tree=10
num_leaves=12
num_cat=0
split_feature=28 18 35 3 11 0 32 2 35 15 12
split_gain=8.4798 9.90155 6.90356 7.16532 6.14776 5.4222 4.21743 8.96625 7.14449 4.14772 2.32703
threshold=5.5000000000000009 0.17000271954193583 0.004257431469596896 -0.013302191133440886 0.017051193530913337 0.0086191607158200307 -0.0029746594377519915 -0.012594361664263585 0.038397542527518043 -8.0919229327581856 60.569317687961764
decision_type=2 2 2 2 2 2 2 2 2 2 2
left_child=2 9 3 -1 -4 -5 7 -3 -8 -2 -6
right_child=1 6 4 5 10 -7 8 -9 -10 -11 -12
leaf_value=-0.0022322437730965838 0.028954157794927889 0.0039760125988978507 -0.018168035021750559 0.036274162858110241 -0.00054407241000999204 0.0026477818378110333 -0.014433243132935862 -0.032569640037110915 0.0057067238568492195 0 0.019829775058430813
leaf_weight=8.9778888672590238 7.7375483512878409 7.9661439359188106 9.9508317112922686 15.725399330258371 7.7176119983196241 7.4829087555408469 28.280254110693932 14.114283442497252 30.332177013158798 8.2306461334228498 7.4702280163764954
leaf_count=36 31 32 40 63 31 30 114 57 122 33 30
internal_value=0.000983198 -0.0043137 0.010012 0.0188256 -0.00127559 0.0270975 -0.00874008 -0.0195267 -0.00391886 0.0157026 0.00974558
internal_weight=153.986 96.6611 57.3249 32.1862 25.1387 23.2083 80.6929 22.0804 58.6124 15.9682 15.1878
internal_count=619 389 230 129 101 93 325 89 236 64 61
is_linear=0
shrinkage=0.03


Tree=11
num_leaves=12
num_cat=0
split_feature=7 28 36 14 38 23 1 15 14 5 21
split_gain=8.67107 12.3306 10.2595 7.68757 10.8785 8.80968 6.77223 5.80999 3.96772 2.23713 2.13071
threshold=-0.01153455674987014 4.5000000000000009 0.0065992573228417662 18.467705191433087 0.008907906550449084 0.98665278169489712 -0.018783959000042868 -8.6485533634811755 -7.069435068484835 -0.037564245133760714 0.014941746492497547
decision_type=2 2 2 2 2 2 2 2 2 2 2
left_child=6 2 10 5 -5 -3 7 -1 -8 -9 -2
right_child=1 3 -4 4 -6 -7 8 9 -10 -11 -12
leaf_value=0.018614267948335494 -0.011381060484432182 -0.0053921804110268557 0.028846145292089918 0.021792959466388959 -0.019846830836101715 -0.030956927142531589 0.0042494979024142246 0.00018894733260784265 0.03105451217752582 -0.019432735420229108 0.0061283862967221889
leaf_weight=7.4854888170957592 10.703196942806246 31.760252639651299 13.720190837979315 11.710321843624117 7.4407275915145865 20.981743991374969 10.222668722271921 7.4815877526998529 14.475334361195562 8.4743205904960597 9.4691709131002408
leaf_count=30 43 128 55 47 30 85 41 30 58 34 38
internal_value=0.000965201 -0.00373786 0.0105643 -0.0107867 0.00455864 -0.0165958 0.0113361 0 0.021671 -0.0104007 -0.00267397
internal_weight=153.925 105.786 33.8926 71.893 19.151 52.742 48.1394 23.4414 24.698 15.9559 20.1724
internal_count=619 426 136 290 77 213 193 94 99 64 81
is_linear=0
shrinkage=0.03


Tree=12
num_leaves=8
num_cat=0
split_feature=38 37 23 14 14 23 14
split_gain=7.7401 8.68963 9.20208 8.50466 6.30655 8.87131 7.22759
threshold=0.006443758591191711 -0.0020099661699320977 1.1079067592900269 4.9194492058943533 19.659990707357796 0.83419065805683901 43.924500775802024
decision_type=2 2 2 2 2 2 2
left_child=-1 2 3 -2 5 -3 -6
right_child=1 4 -4 -5 6 -7 -8
leaf_value=0.02152745371873762 0.025191574941013945 0.0085869866109354667 -0.013133730839928259 -0.0049533814163228379 0.016293728727168642 -0.016844107676774595 -0.013061133694146751
leaf_weight=12.952022776007651 25.652811467647552 13.680043846368788 10.444248706102369 10.199980393052099 17.682583644986156 53.284743145108223 9.9386488050222379
leaf_count=52 103 55 42 41 71 215 40
internal_value=0.000948559 -0.00111322 0.00916717 0.0164106 -0.00638609 -0.011333 0.00505618
internal_weight=153.835 140.883 46.297 35.8528 94.586 66.9648 27.6212
internal_count=619 567 186 144 381 270 111
is_linear=0
shrinkage=0.03


Tree=13
num_leaves=11
num_cat=0
split_feature=7 28 36 13 38 10 5 23 2 40
split_gain=8.27389 11.5706 9.66624 7.08796 5.86474 15.4259 9.85501 4.81479 4.45873 3.17586
threshold=-0.01153455674987014 4.5000000000000009 0.0065992573228417662 -9.3242846601805009 0.0084763836862541374 0.0082610410149027719 0.0099682795692053201 1.1304690410420413 -0.028069970743964497 0.035073714590360357
decision_type=2 2 2 2 2 2 2 2 2 2
left_child=3 2 9 -1 5 -3 -6 8 -5 -2
right_child=1 4 -4 7 6 -7 -8 -9 -10 -11
leaf_value=-0.012394148622229449 -0.015357706812714381 -0.021184526899885814 0.027936924032702537 0.0023797008139131602 -0.0023413848492155947 0.02108530560596119 -0.030897730204425392 0 0.030187099465390228 0.006327141878473593
leaf_weight=7.4697740823030463 8.4501775652170199 13.116512238979341 13.709985166788099 8.9836167991161329 23.481903925538063 13.968327254056929 21.206043466925621 12.454122602939604 19.222149461507801 11.714788764715193
leaf_count=30 34 53 55 36 95 56 86 50 77 47
internal_value=0.000926457 -0.00366977 0.0101791 0.0110586 -0.0105082 5.02289e-05 -0.0169568 0.0160979 0.022571 -0.00264902
internal_weight=153.777 105.648 33.875 48.1297 71.7728 27.0848 44.6879 40.6599 28.2058 20.165
internal_count=619 426 136 193 290 109 181 163 113 81
is_linear=0
shrinkage=0.03


Tree=14
num_leaves=12
num_cat=0
split_feature=7 38 10 5 39 13 33 23 21 23 3
split_gain=7.82632 10.5948 14.3651 12.1677 7.23636 6.74526 5.47824 4.55827 5.02751 4.28227 3.05047
threshold=-0.01153455674987014 0.0084763836862541374 0.0072274128051631479 0.0099682795692053201 1.0000000180025095e-35 -9.3242846601805009 0.93458312452966041 1.1304690410420413 0.01906528754110447 0.96195073731949698 0.02833761574539018
decision_type=2 2 2 2 2 2 2 2 2 2 2
left_child=5 2 9 4 -3 -1 -4 8 -7 -2 -5
right_child=1 3 6 10 -6 7 -8 -9 -10 -11 -12
leaf_value=-0.012105916144557093 0 0.023518123463866312 0.028441732210052296 -0.032329740891119313 -0.0071790862723303287 0.029827206488021635 0 0 0.00077349380172636118 -0.026457368293597565 -0.0083074005316946132
leaf_weight=7.4658716470003119 12.149095579981806 7.6981893479824093 19.212763249874119 18.502985075116161 21.507867857813835 19.470939889550213 7.7257994860410681 12.454122602939604 8.7362237572669965 7.6594183295965186 11.0783354640007
leaf_count=30 49 31 77 75 87 78 31 50 35 31 45
internal_value=0.000899318 -0.00357189 0.00673033 -0.0119628 0.00142018 0.0107545 0.0205571 0.0156742 0.0219724 -0.0115464 -0.0249041
internal_weight=153.662 105.534 46.7471 58.7874 29.2061 48.1272 26.9386 40.6613 28.2072 19.8085 29.5813
internal_count=619 426 188 238 118 193 108 163 113 80 120
is_linear=0
shrinkage=0.03


Tree=15
num_leaves=11
num_cat=0
split_feature=36 20 28 20 26 0 6 2 10 10
split_gain=9.84749 12.3599 10.8433 7.4309 7.36029 7.34189 7.09964 6.142 3.89665 1.82077
threshold=0.0065992573228417662 0.022640811290568785 4.5000000000000009 0.018177459761964974 0.12158167036215818 0.0024776924222885692 0.0075584665233619378 -0.011530777050954009 -0.015267718654792093 0.0046388640307277748
decision_type=2 2 2 2 2 2 2 2 2 2
left_child=1 4 -2 -4 -1 -5 -6 8 -3 -9
right_child=2 7 3 5 6 -7 -8 9 -10 -11
leaf_value=0.019675938216079387 0.026919473511485079 0.0094915210044387195 -0.022762179476297641 0.017376232140869516 0.0061878629019832656 -0.0066734503688132465 -0.018880406510432112 -0.036221143344198958 -0.015590102783844333 -0.010144647296082599
leaf_weight=13.92588587105274 17.185489490628242 7.4731699526309994 8.1657391935586912 21.399873226881027 21.334584310650826 19.62975962460041 15.552986919879912 14.313829734921457 10.669152170419691 7.415474444627761
leaf_count=56 69 30 33 86 86 79 63 58 43 30
internal_value=-0.000756636 -0.00720375 0.00778471 1.68398e-05 0.0023922 0.00574619 -0.00442343 -0.0193215 -0.00459722 -0.0295593
internal_weight=157.066 90.6851 66.3809 49.1954 50.8135 41.0296 36.8876 39.8716 18.1423 21.7293
internal_count=633 366 267 198 205 165 149 161 73 88
is_linear=0
shrinkage=0.03


Tree=16
num_leaves=11
num_cat=0
split_feature=36 21 28 7 12 35 38 26 40 0
split_gain=9.31931 12.5958 9.52153 6.67089 13.6089 8.91657 6.5444 6.06838 3.02992 2.96892
threshold=0.0065992573228417662 0.025563661568344994 5.5000000000000009 -0.0051234140095755571 51.822626612097714 0.024984302338169954 0.0091083170291591693 0.32583417593528824 0.014492004836522023 0.006146235433134751
decision_type=2 2 2 2 2 2 2 2 2 2
left_child=3 2 9 5 -5 -1 -6 -7 -4 -2
right_child=1 -3 8 4 6 7 -8 -9 -10 -11
leaf_value=-0.015789424476743797 0.024861470946041176 0.035970598851485354 0 -0.033679108004573494 0.0068595365196830373 0.00052900680933809312 -0.017237970443436716 0.032046697211397461 -0.017971213232676038 0.0014559101845208224
leaf_weight=12.160649076104162 12.438302993774416 9.6945157647132856 20.370037361979485 17.662692189216614 23.648604556918144 14.65597063302994 14.490437209606169 7.9823357760906211 13.887206375598906 9.9618328362703306
leaf_count=49 50 39 82 72 95 59 59 32 56 40
internal_value=-0.000746312 0.00756079 0.00138321 -0.00702395 -0.0133308 0.0028567 -0.00232502 0.0139503 -0.00814285 0.0160398
internal_weight=156.953 66.3519 56.6574 90.6007 55.8017 34.799 38.139 22.6383 34.2572 22.4001
internal_count=633 267 228 366 226 140 154 91 138 90
is_linear=0
shrinkage=0.03


Tree=17
num_leaves=11
num_cat=0
split_feature=36 28 24 17 15 1 11 15 36 4
split_gain=8.84416 9.99095 7.72344 6.81523 8.53264 5.19457 4.34222 10.4444 4.89188 0.711654
threshold=0.0065992573228417662 4.5000000000000009 0.72627372627372633 0.20058558520550743 -0.42604093645509233 0.026600322754168907 -0.019062202272014214 7.771309921378724 0.0078773298394208182 0.02750167500295542
decision_type=2 2 2 2 2 2 2 2 2 2
left_child=2 9 3 4 -1 -5 8 -8 -3 -2
right_child=1 6 -4 5 -6 -7 7 -9 -10 -11
leaf_value=0.013858215044649912 0.033932993972222915 -0.0024395752879391684 0.017926692089566931 -0.026862128181015084 -0.011047641894740392 0 -0.020576560614855383 0.012668061835116996 0.025209681617180044 0.01204249066121193
leaf_weight=16.641684219241142 8.2182979285717028 9.9049606174230593 7.9668095856904975 23.755115568637851 33.990411385893822 8.1327824443578702 18.096955195069317 12.446115270256994 8.7194511741399747 8.9362987726926786
leaf_count=67 33 40 32 97 137 33 73 50 35 36
internal_value=-0.000711798 0.00737839 -0.00683499 -0.00977069 -0.00236108 -0.0202594 0 -0.00662267 0.0109671 0.0257608
internal_weight=156.809 66.3221 90.4868 82.52 50.6321 31.8879 49.1675 30.5431 18.6244 17.1546
internal_count=633 267 366 334 204 130 198 123 75 69
is_linear=0
shrinkage=0.03


Tree=18
num_leaves=10
num_cat=0
split_feature=35 20 26 33 4 5 15 20 5
split_gain=8.4138 9.86928 6.83918 6.87475 6.30424 4.79906 4.17026 2.58856 1.67091
threshold=-0.056750367768685188 0.022893149935318397 0.12818622287760692 0.91293175200345511 -1.0000000180025095e-35 0.0090810829468562799 11.336354265938814 0.029048815001864816 0.063052249708306599
decision_type=2 2 2 2 2 2 2 2 2
left_child=7 2 6 -4 5 -3 -2 -1 -6
right_child=1 4 3 -5 8 -7 -8 -9 -10
leaf_value=0.0040147197931512946 0.0039675541662724523 -0.010941833684779653 0.0022670412866870595 -0.023422122223276682 -0.03572967565892568 0.011496016719659431 0.029840551539241585 0.029684040863444845 -0.010646081434490643
leaf_weight=9.4152556806802767 15.634045347571375 29.47076652944088 48.249980866909027 9.3881437778472883 9.3380733281373995 9.4255020022392255 9.4523748606443387 7.4135966151952735 8.8911779820919019
leaf_count=38 63 119 195 38 38 38 38 30 36
internal_value=-0.000661071 -0.00324399 0.00323275 -0.00231087 -0.0126689 -0.00484152 0.0157536 0.0180713 -0.026499
internal_weight=156.679 139.85 82.7245 57.6381 57.1255 38.8963 25.0864 16.8289 18.2293
internal_count=633 565 334 233 231 157 101 68 74
is_linear=0
shrinkage=0.03


Tree=19
num_leaves=11
num_cat=0
split_feature=36 20 7 19 11 26 7 37 33 34
split_gain=8.24478 11.2244 8.93751 7.85336 7.7832 6.52584 6.98357 5.95898 6.50214 4.20542
threshold=0.0065992573228417662 0.022640811290568785 -0.0051234140095755571 0.080304932148443184 -0.0080261882011221624 0.12158167036215818 -0.0061343530287105768 0.050501197974257568 0.33271772869598742 0.0099029970948658636
decision_type=2 2 2 2 2 2 2 2 2 2
left_child=1 5 9 4 -2 -1 -7 8 -5 -3
right_child=3 2 -4 7 -6 6 -8 -9 -10 -11
leaf_value=0.018833551832437012 0.0093180859916617322 -0.017218521017223508 -0.032895018169137695 0.00090751050529632512 -0.026866385597544857 0.017665720740836274 -0.011035612765092901 -0.0068692033726285018 0.026728219197574378 0.0068177599184531664
leaf_weight=13.922609612345694 8.4282088279724139 9.678581655025484 17.802823916077614 14.90802527964115 8.6448321491479856 7.9542888253927222 28.81866243481636 8.704665854573248 25.570293217897415 12.165712639689444
leaf_count=56 34 39 73 60 35 32 117 35 103 49
internal_value=-0.000633033 -0.00655491 -0.0181507 0.00717738 -0.00911324 0.00257377 -0.00384941 0.0132606 0.0180621 -0.00375392
internal_weight=156.599 90.3427 39.6471 66.256 17.073 50.6956 36.773 49.183 40.4783 21.8443
internal_count=633 366 161 267 69 205 149 198 163 88
is_linear=0
shrinkage=0.03


Tree=20
num_leaves=9
num_cat=0
split_feature=23 23 15 19 35 37 37 23
split_gain=6.76906 9.94426 7.48925 10.1339 9.18062 7.69053 7.71721 1.44213
threshold=0.82148884777953513 0.73439796911140032 15.065224568132928 0.16780359123029465 0.051122905301416728 0.050128477521635968 0.039387623418046365 0.78288141073504447
decision_type=2 2 2 2 2 2 2 2
left_child=1 -1 5 4 -4 6 -2 -3
right_child=2 7 3 -5 -6 -7 -8 -9
leaf_value=-0.0089517011268319055 -0.0072069299236145285 0.035339410664324382 0.02421075811443248 -0.018118988935502445 -0.0096572194922521643 -0.028635349626793004 0.018939057742869973 0.0097491550556950118
leaf_weight=9.1613162010908145 71.576769024133682 8.9438168257474917 24.630204379558563 8.3807158768177015 7.8871714174747458 11.345330759882925 9.6265945583581907 7.4260598272085181
leaf_count=37 290 36 99 34 32 46 39 30
internal_value=0.000109854 0.0137564 -0.00255486 0.00771985 0.0154779 -0.00732124 -0.00354632 0.0268725
internal_weight=158.978 25.5312 133.447 40.8981 32.5174 92.5487 81.2034 16.3699
internal_count=643 103 540 165 131 375 329 66
is_linear=0
shrinkage=0.03


Tree=21
num_leaves=7
num_cat=0
split_feature=38 37 15 19 21 2
split_gain=5.56516 5.07568 16.0204 8.56007 7.79026 6.30997
threshold=0.006443758591191711 0.052503169904171483 17.431550183724919 0.092236535984057802 0.018134519323103334 -0.012594361664263585
decision_type=2 2 2 2 2 2
left_child=-1 3 -3 4 -2 -5
right_child=1 2 -4 5 -6 -7
leaf_value=0.017686270802705288 0.0040626041067960078 -0.036622127898846238 0.010697705982282051 0.0058438471661384711 0.034850713483766206 -0.011684973752863077
leaf_weight=12.86774070560932 41.234208270907402 11.312519475817682 10.426288291811941 26.078143253922462 7.7069406360387793 49.280148178339005
leaf_count=52 167 46 42 105 31 200
internal_value=0.000106704 -0.00155896 -0.0143057 0.000742794 0.0103833 -0.00543087
internal_weight=158.906 146.038 21.7388 124.299 48.9411 75.3583
internal_count=643 591 88 503 198 305
is_linear=0
shrinkage=0.03


Tree=22
num_leaves=11
num_cat=0
split_feature=28 36 20 4 37 11 40 20 34 34
split_gain=9.39009 7.7329 8.85168 7.25588 6.09364 7.31854 6.08386 5.38556 5.16119 2.60188
threshold=8.5000000000000018 0.0047647246620065925 0.023797474455369196 1.0000000180025095e-35 0.042068621819476799 -0.019518554281230612 0.0076099193446168565 0.021103153228170784 0.010798732777574817 0.021567747216707515
decision_type=2 2 2 2 2 2 2 2 2 2
left_child=1 9 7 -4 5 8 -7 -3 -2 -1
right_child=4 2 3 -5 -6 6 -8 -9 -10 -11
leaf_value=0 -0.0042607527057645245 0.0080054206990451508 0.0081854044282548104 -0.019522400395834444 -0.030486513415226471 -0.027446335667259264 0.00036995097878692984 0.028481495856833416 0.022102729022500437 -0.022986500613746363
leaf_weight=9.1525299996137637 12.868365734815599 36.682780221104622 17.862627819180492 12.564583614468573 8.5375600755214673 13.50550562143326 11.020176872611044 19.616856455802917 9.6168254613876325 7.4110100567340842
leaf_count=37 52 148 72 51 35 55 45 79 39 30
internal_value=0.00011821 0.00553332 0.00922607 -0.00329205 -0.00953272 -0.0043325 -0.0152966 0.0161296 0.00728657 -0.0119048
internal_weight=158.839 103.29 86.7268 30.4272 55.5484 47.0109 24.5257 56.2996 22.4852 16.5635
internal_count=643 417 350 123 226 191 100 227 91 67
is_linear=0
shrinkage=0.03


Tree=23
num_leaves=11
num_cat=0
split_feature=28 23 36 23 21 5 23 21 34 34
split_gain=8.89205 9.27391 7.35647 6.40343 13.7678 5.822 5.33975 5.13285 2.48402 2.0332
threshold=8.5000000000000018 0.81883041051789751 0.0047647246620065925 1.0012229475234564 0.015377897746551501 0.064167244607357801 1.094355055698391 0.019574498050885982 0.021567747216707515 0.011240627421540863
decision_type=2 2 2 2 2 2 2 2 2 2
left_child=2 -2 8 5 -5 -4 9 -8 -1 -3
right_child=1 6 3 4 -6 -7 7 -9 -10 -11
leaf_value=0 0.015262228681030852 -0.030319251401072837 0.021713296860749711 0.020028705541203576 -0.014682622006669081 -0.00097543899573092341 -0.014344503171053348 0.013875318469008545 -0.022480994546929058 -0.0089207270679991617
leaf_weight=9.1525299996137637 9.1535590589046461 15.664783015847208 36.457010582089424 15.602608919143675 22.722833514213562 11.938164934515951 11.299407988786699 8.0911090523004514 7.3955285549163809 11.277489066123961
leaf_count=37 37 64 147 63 92 48 46 33 30 46
internal_value=9.6725e-05 -0.00929883 0.00536821 0.00897192 0 0.0160022 -0.0148922 -0.00167158 -0.0116395 -0.0231159
internal_weight=158.755 55.4863 103.269 86.7206 38.3254 48.3952 46.3328 19.3905 16.5481 26.9423
internal_count=643 226 417 350 155 195 189 79 67 110
is_linear=0
shrinkage=0.03


Tree=24
num_leaves=10
num_cat=0
split_feature=28 23 35 35 8 15 23 35 7
split_gain=8.39565 8.82771 5.89679 5.61962 4.2284 3.83747 4.67119 3.62882 2.5254
threshold=8.5000000000000018 0.81883041051789751 0.051589454852216783 0.055900136275615082 0.026948651312173846 13.00167539295863 0.98665278169489712 0.022017727214020181 -0.0088723910563091486
decision_type=2 2 2 2 2 2 2 2 2
left_child=2 -2 5 7 -4 6 -1 -3 -7
right_child=1 3 4 -5 -6 8 -8 -9 -10
leaf_value=0.010699562360012743 0.014880460008362821 -0.0068838259222478151 0.002533950673870208 0.003270581976024086 -0.024442182826857443 0.028767071363842062 -0.0066047822118182288 -0.028416041792242511 0.0088682292370844979
leaf_weight=28.482061922550201 9.1579887866973859 16.192734256386757 9.1722453534603137 10.378956794738768 7.3510164916515341 9.4547943919897062 23.260428905487061 19.688662588596344 25.485243931412697
leaf_count=115 37 66 37 42 30 38 94 81 103
internal_value=7.65945e-05 -0.00905667 0.0052024 -0.0145265 -0.0100009 0.00842975 0.00268512 -0.0199713 0.0159249
internal_weight=158.624 55.4183 103.206 46.2604 16.5233 86.6825 51.7425 35.8814 34.94
internal_count=643 226 417 189 67 350 209 147 141
is_linear=0
shrinkage=0.03


Tree=25
num_leaves=7
num_cat=0
split_feature=38 23 23 34 11 40
split_gain=9.99694 7.76595 7.38837 6.14184 6.75156 0.118734
threshold=0.0066785424997837335 0.78288141073504447 0.73439796911140032 -0.037518279428509486 0.059230359128815142 0.039275293191748502
decision_type=2 2 2 2 2 2
left_child=5 2 -2 -3 -5 -1
right_child=1 3 -4 4 -6 -7
leaf_value=0.010234410644057617 -0.0014480402684529947 0.015997605147410818 0.035110912261967664 -0.0098914549009754965 0.0079470195164031976 0.028848718448751681
leaf_weight=7.4061298519372922 8.6498512625694293 9.9229071587324125 7.4371679723262778 94.522155091166496 21.269400417804718 7.4400511234998703
leaf_count=30 35 40 30 384 86 30
internal_value=0.000853725 -0.00162139 0.0166377 -0.00429931 -0.00640812 0.0227707
internal_weight=156.648 141.801 16.087 125.714 115.792 14.8462
internal_count=635 575 65 510 470 60
is_linear=0
shrinkage=0.03


Tree=26
num_leaves=7
num_cat=0
split_feature=38 23 23 40 24 40
split_gain=9.52469 7.36486 7.0659 5.05332 4.85226 0.0974237
threshold=0.0066785424997837335 0.78288141073504447 0.73439796911140032 -0.059292237359456927 0.21498599439775914 0.039275293191748502
decision_type=2 2 2 2 2 2
left_child=5 2 -2 -3 -5 -1
right_child=1 3 -4 4 -6 -7
leaf_value=0.0099944232605463212 -0.0014128037258631255 0.016709981646631795 0.034318249571078721 -0.010351481658114278 0.001916906692214327 0.028189566825420877
leaf_weight=7.4044961929321271 8.6495048552751559 7.4426389783620825 7.427018240094184 75.672027453780174 42.526981994509697 7.4324743002653122
leaf_count=30 35 30 30 307 173 30
internal_value=0.000867098 -0.00154752 0.016235 -0.00415915 -0.00585418 0.0222659
internal_weight=156.555 141.718 16.0765 125.642 118.199 14.837
internal_count=635 575 65 510 480 60
is_linear=0
shrinkage=0.03


Tree=27
num_leaves=9
num_cat=0
split_feature=38 7 11 14 32 1 35 40
split_gain=9.07864 9.58682 7.95069 8.3006 6.13879 8.12754 3.1715 0.078169
threshold=0.0066785424997837335 -0.0061343530287105768 -0.034754577097248489 29.217875993737497 0.00030245551987495572 -0.022899594998057823 0.025770323971595403 0.039275293191748502
decision_type=2 2 2 2 2 2 2 2
left_child=7 4 -3 -4 5 -2 -6 -1
right_child=1 2 3 -5 6 -7 -8 -9
leaf_value=0.0097604142179336592 -0.0017343547624968552 0.011354093635756263 -0.018274953939171407 0.0043694456915248977 -0.01779586633572083 0.024867469662653435 0.0037204011734255533 0.02755375758688243
leaf_weight=7.4025407582521421 15.392075344920157 13.336365118622778 51.322333320975304 17.795406088232994 8.1460348069667834 23.282633975148201 12.374387875199316 7.4221623092889786
leaf_count=30 62 54 210 72 33 94 50 30
internal_value=0.000877261 -0.00147836 -0.00809715 -0.012275 0.00745929 0.0143468 -0.00497677 0.0217768
internal_weight=156.474 141.649 82.4541 69.1177 59.1951 38.6747 20.5204 14.8247
internal_count=635 575 336 282 239 156 83 60
is_linear=0
shrinkage=0.03


Tree=28
num_leaves=7
num_cat=0
split_feature=38 37 11 34 32 21
split_gain=8.66607 7.27445 11.6341 6.30825 5.45548 5.22555
threshold=0.0066785424997837335 0.052503169904171483 0.027782342270600505 0.035075048741410771 0.0073018089495399128 0.01826335235639974
decision_type=2 2 2 2 2 2
left_child=-1 3 -3 4 -2 -5
right_child=1 2 -4 5 -6 -7
leaf_value=0.021302774433308112 0.0083418110548336109 -0.034598486113473548 0.0085126679265000223 -0.028656269217146077 -0.006458893666220075 0.0014188660702713597
leaf_weight=14.809608325362204 76.938322007656097 11.708066239953043 7.6811693310737601 8.5986630469560641 28.500877410173416 8.1218391358852369
leaf_count=60 312 48 31 35 116 33
internal_value=0.000873686 -0.00142624 -0.0176194 0.00126555 0.00415571 -0.0146554
internal_weight=156.359 141.549 19.3892 122.16 105.439 16.7205
internal_count=635 575 79 496 428 68
is_linear=0
shrinkage=0.03


Tree=29
num_leaves=9
num_cat=0
split_feature=38 7 11 20 32 0 13 40
split_gain=8.23332 8.93532 7.4591 8.57241 5.69317 7.89122 1.74023 0.12567
threshold=0.0066785424997837335 -0.0061343530287105768 -0.034754577097248489 0.023476244108195096 0.00030245551987495572 -0.021258040148745435 -0.66729782316944142 0.039275293191748502
decision_type=2 2 2 2 2 2 2 2
left_child=7 4 -3 -4 5 -2 -6 -1
right_child=1 2 3 -5 6 -7 -8 -9
leaf_value=0.0090351446707525058 -0.004955453311259894 0.011019454935761354 -0.0045172583740218323 -0.028086346344427818 -0.013643434028663359 0.022503546919861478 0.0019360414401191561 0.026470179857687008
leaf_weight=7.3941959589719755 11.901236101984976 13.33236204087734 49.88641844689846 19.097263783216476 8.8601078689098376 26.766465693712234 11.642693012952803 7.3975316137075424
leaf_count=30 48 54 203 79 36 108 47 30
internal_value=0.000836257 -0.00140272 -0.00780368 -0.0118609 0.00722087 0.0138552 -0.00474414 0.0207621
internal_weight=156.278 141.487 82.316 68.9837 59.1705 38.6677 20.5028 14.7917
internal_count=635 575 336 282 239 156 83 60
is_linear=0
shrinkage=0.03


Tree=30
num_leaves=8
num_cat=0
split_feature=38 16 23 34 20 1 40
split_gain=8.18277 6.93429 7.62611 8.52442 7.43419 2.68405 0.527497
threshold=0.006443758591191711 6.5227685754250713 0.98665278169489712 0.0038157787156543059 0.027363732499503992 0.021491355983156771 0.031533568115926565
decision_type=2 2 2 2 2 2 2
left_child=-1 2 4 -4 -2 6 -3
right_child=1 5 3 -5 -6 -7 -8
leaf_value=0.018964110063924376 0.010396935475641906 -0.010698800553774339 0.0025968254757632271 -0.020394817433621232 -0.01544152510095698 -0.0014880994407252001 -0.03261381475467813
leaf_weight=12.999432191252707 53.61016446352005 7.3195394128561038 25.746318280696869 27.562027722597122 9.9879634678363782 7.8113900423049918 7.8556569814682007
leaf_count=53 217 30 104 113 41 32 32
internal_value=-0.0019632 -0.00425346 -0.00103272 -0.00932698 0.00576332 -0.0186396 -0.0253935
internal_weight=152.892 139.893 116.906 53.3083 63.5981 22.9866 15.1752
internal_count=622 569 475 217 258 94 62
is_linear=0
shrinkage=0.03


Tree=31
num_leaves=11
num_cat=0
split_feature=28 9 4 9 23 5 15 38 23 15
split_gain=8.91289 7.13787 6.98022 9.25723 5.78439 5.61053 5.33967 6.04928 5.33056 0.625962
threshold=8.5000000000000018 -0.025932328263534539 -0.01615956049125444 -0.032481495437768244 0.85062310679377695 0.054689284836586867 -7.4445604204234916 0.0064205304458383296 1.094355055698391 5.5328087398488375
decision_type=2 2 2 2 2 2 2 2 2 2
left_child=2 4 3 -1 -2 -3 -4 -8 -6 -5
right_child=1 5 6 9 8 -7 7 -9 -10 -11
leaf_value=-0.0064566681663950562 0.018124800432787372 -0.029584527747390201 0.013462455397691772 0.011177306636527272 -0.023526446926748972 0 0.014800962613787069 -0.010473840725283018 0.0047710636318530151 0.032533513776599937
leaf_weight=9.8881466239690798 8.1778174340724963 19.636932551860813 13.835351929068564 7.6593514829874065 9.5433680266141909 7.3798149377107611 8.0647125095128995 47.086010590195656 9.8952899128198606 11.603072568774222
leaf_count=40 33 82 56 31 39 30 33 191 40 47
internal_value=-0.00192783 -0.0114803 0.00336335 0.0152088 -1.18292e-05 -0.0218775 -0.00171821 -0.00612681 -0.0093206 0.0265972
internal_weight=152.77 54.6332 98.1366 29.1506 27.6165 27.0167 68.9861 55.1507 19.4387 19.2624
internal_count=622 224 398 118 112 112 280 224 79 78
is_linear=0
shrinkage=0.03


Tree=32
num_leaves=11
num_cat=0
split_feature=7 13 6 28 35 23 21 25 33 9
split_gain=8.98148 9.37896 9.76472 6.99967 9.62795 4.96868 6.00472 4.87565 3.76964 3.12264
threshold=-0.0086315145197939595 2.8201624323796293 -0.0050522694235476152 5.5000000000000009 0.029204588446373528 0.98665278169489712 0.015595534989378894 0.24324344387045746 0.63932230550412306 0.070480276930538821
decision_type=2 2 2 2 2 2 2 2 2 2
left_child=1 2 7 4 8 6 -5 -1 -2 -7
right_child=3 -3 -4 5 -6 9 -8 -9 -10 -11
leaf_value=0.015055336672285853 -0.0027442501208116291 -0.016029450331346069 0.038667983347198322 -0.020334045034263407 -0.019403855816008328 -0.029811196513663551 0.0041371156144954192 -0.0062184930743767134 0.018072414645477788 -0.0032867615784057135
leaf_weight=18.594822242856026 9.6252095848321932 9.6536759287118894 9.126229062676428 12.278003066778181 11.018426313996313 17.875680223107342 21.32155479490757 15.532572090625761 20.17427970468998 7.3699975013732901
leaf_count=75 39 39 37 50 45 75 87 63 82 30
internal_value=-0.0018533 0.00782159 0.0139495 -0.0071897 0.00201394 -0.0136767 -0.00502381 0.00514944 0.0111272 -0.0234281
internal_weight=152.57 52.9073 43.2536 99.6632 40.8179 58.8452 33.5996 34.1274 29.7995 25.2457
internal_count=622 214 175 408 166 242 137 138 121 105
is_linear=0
shrinkage=0.03


Tree=33
num_leaves=9
num_cat=0
split_feature=7 13 6 38 21 20 25 1
split_gain=8.54112 8.92376 9.31797 7.52809 7.02262 8.89509 4.62073 3.08781
threshold=-0.0086315145197939595 2.8201624323796293 -0.0050522694235476152 0.006443758591191711 0.015469785689892766 0.023476244108195096 0.24324344387045746 0.019262867927432484
decision_type=2 2 2 2 2 2 2 2
left_child=1 2 6 -2 7 -6 -1 -5
right_child=3 -3 -4 4 5 -7 -8 -9
leaf_value=0.014646502787927979 0.014378406594886954 -0.015640200181011813 0.037770169426737735 -0.025719714304004177 0.0073980277211436732 -0.015584421355722602 -0.0060547165835389185 -0.0014122362987108949
leaf_weight=18.596251100301743 10.741103008389471 9.6469918340444547 9.1106324642896634 24.71866449713707 30.443920850753784 25.949319243431091 15.528300940990446 7.6350263506174079
leaf_count=75 44 39 37 101 124 108 63 31
internal_value=-0.0018147 0.00761674 0.0135997 -0.00702703 -0.0100428 -0.00309202 0.00499755 -0.0208363
internal_weight=152.37 52.8822 43.2352 99.488 88.7469 56.3932 34.1246 32.3537
internal_count=622 214 175 408 364 232 138 132
is_linear=0
shrinkage=0.03


Tree=34
num_leaves=11
num_cat=0
split_feature=28 7 23 7 7 15 35 37 3 1
split_gain=8.20154 7.64373 7.31708 4.17684 4.10553 4.58954 4.03924 4.32949 3.62367 1.44015
threshold=8.5000000000000018 -0.0086315145197939595 1.1172585925343814 -0.01153455674987014 0.021074619952468541 -16.834673370156366 -0.057609767237490721 1.0000000180025095e-35 -0.035984035414887143 -0.013486290814085642
decision_type=2 2 2 2 2 2 2 2 2 2
left_child=1 2 9 8 5 -5 -3 -8 -2 -1
right_child=3 6 -4 4 -6 -7 7 -9 -10 -11
leaf_value=0.010171723159371966 -0.013405731813209015 0.015604228287241994 -0.0040691175356004482 -0.0018876727191226594 4.1626253130211146e-05 -0.031360121031995432 0.0088163257790116675 -0.0091736829658265219 0.0092563270716120218 0.033742081584224252
leaf_weight=8.6851204782724398 9.1732199341058749 7.8738465756177893 9.4020136296749097 8.2694666683673876 7.6556402891874304 16.617085412144661 13.328256368637083 48.030830442905426 12.628000795841215 10.55092513561249
leaf_count=35 37 32 38 34 32 70 54 196 51 43
internal_value=-0.0017584 0.00331458 0.0158556 -0.0109543 -0.0174516 -0.0229936 -0.00196193 -0.00487425 0 0.0257666
internal_weight=152.214 97.871 28.6381 54.3434 32.5422 24.8866 69.2329 61.3591 21.8012 19.236
internal_count=622 398 116 224 136 104 282 250 88 78
is_linear=0
shrinkage=0.03


Tree=35
num_leaves=10
num_cat=0
split_feature=15 19 34 11 35 21 38 14 5
split_gain=9.17715 10.3461 8.58193 8.07699 7.63532 6.45782 4.72712 3.42211 3.79361
threshold=16.683565297073791 0.089409162785017024 -0.037518279428509486 -0.027955237540443541 0.056294619725414836 0.013984622523057622 0.0073522408624028821 28.242365680457741 0.12164870476033042
decision_type=2 2 2 2 2 2 2 2 2
left_child=1 3 -3 -1 7 -5 -4 -2 -9
right_child=4 2 6 5 -6 -7 -8 8 -10
leaf_value=0.028922452920304369 0.0034805931546275123 0.009389311807231928 0.00074041807671623846 -0.017232271001324503 -0.011570529938972321 0.0081865331136217918 -0.019937769131115231 0.035389479151390027 0.0049850959713178319
leaf_weight=9.3879046738147718 11.522587120532991 12.83284382522106 10.594389423727987 11.226491957902907 7.2755063474178305 26.117436900734901 46.818371936678886 12.622291162610056 7.6399399489164344
leaf_count=38 47 52 43 46 30 107 193 51 31
internal_value=0.000361744 -0.00376631 -0.0110004 0.00680516 0.012671 0 -0.0159731 0.0190203 0.026077
internal_weight=156.038 116.977 70.2456 46.7318 39.0603 37.3439 57.4128 31.7848 20.2622
internal_count=638 479 288 191 159 153 236 129 82
is_linear=0
shrinkage=0.03


Tree=36
num_leaves=11
num_cat=0
split_feature=15 23 19 34 2 21 5 23 5 21
split_gain=8.68768 12.0481 11.7691 8.97597 6.43781 5.86488 4.7874 5.12561 3.2678 0.509939
threshold=16.683565297073791 0.98665278169489712 0.089409162785017024 -0.019056532167070758 -0.025756603121963092 0.015424730591213342 0.13781994978972703 0.88794294441412702 0.0078740699917332364 0.015241160765054168
decision_type=2 2 2 2 2 2 2 2 2 2
left_child=1 2 5 -4 -3 -1 7 -2 -6 -9
right_child=6 4 3 -5 8 -7 -8 9 -10 -11
leaf_value=0.0031596911253075916 -0.00080659541819723814 0.0026917113554189125 0.010816704686313428 -0.017705939375544492 -0.027168651944973799 0.032172093437420793 -0.0067284246446679607 0.012495109819869869 -0.0073007027860713418 0.030593164177578739
leaf_weight=13.47699558734894 8.6127171665430087 13.592171490192412 14.748395815491675 21.613005772233009 22.929659381508827 13.516236230731009 7.3370348662137976 10.995139375329019 16.981446906924248 12.090348199009894
leaf_count=55 35 55 60 89 95 55 30 45 70 49
internal_value=0.000375641 -0.0036409 0.00499068 -0.00578519 -0.0139436 0.0194215 0.0123567 0.0173565 -0.0198249 0.0242548
internal_weight=155.893 116.858 63.3546 36.3614 53.5033 26.9932 39.0352 31.6982 39.9111 23.0855
internal_count=638 479 259 149 220 110 159 129 165 94
is_linear=0
shrinkage=0.03


Tree=37
num_leaves=11
num_cat=0
split_feature=17 5 12 20 38 19 33 36 4 36
split_gain=6.83272 4.87394 3.8358 7.26909 6.84262 4.76586 4.40798 4.34969 3.55479 1.47517
threshold=1.5496160167869049 0.0045708226918943504 53.199133938061628 0.018362810867135898 0.0088339553591261707 0.089409162785017024 0.89559968420035141 0.0052974122720070051 0.038120824107742986 0.0070624294123895282
decision_type=2 2 2 2 2 2 2 2 2 2
left_child=2 9 3 -1 6 -5 -4 -6 -3 -2
right_child=1 8 4 5 7 -7 -8 -9 -10 -11
leaf_value=-0.023615013062995325 -0.029273317866575273 0.014366680274657047 0.026044265749459158 0.013615854315466283 -0.016888791537078906 -0.002949651709447772 0 0.0073571993344318043 -0.010928050664665191 -0.0063593716741263857
leaf_weight=8.7391234487295133 9.3671038150787371 7.2746872603893307 20.476017966866497 22.316769778728485 8.6746216267347354 39.721589356660843 7.6014641225337973 15.161450400948523 8.7603418081998807 7.64197714626789
leaf_count=36 40 30 83 91 36 162 31 62 36 31
internal_value=0.000376717 -0.0112262 0.00375195 -0.000626225 0.00980105 0.00301428 0.0193643 -0.00151034 3.64239e-05 -0.0215197
internal_weight=155.735 33.0441 122.691 70.7775 51.9136 62.0384 28.0775 23.8361 16.035 17.0091
internal_count=638 137 501 289 212 253 114 98 66 71
is_linear=0
shrinkage=0.03


Tree=38
num_leaves=8
num_cat=0
split_feature=14 37 14 17 11 5 36
split_gain=7.09128 9.62824 8.70534 8.34136 6.11909 3.15943 0.424466
threshold=28.242365680457741 0.050128477521635968 47.046091306605042 1.5496160167869049 -0.019062202272014214 0.0045708226918943504 0.0052746946737428314
decision_type=2 2 2 2 2 2 2
left_child=1 3 6 4 -1 -5 -2
right_child=2 -3 -4 5 -6 -7 -8
leaf_value=0.015140944648235106 0.011836753793919203 -0.024885591660690497 -0.0081658610483324595 -0.020806307008580893 -0.00069326001008569846 0 0.032967019111667585
leaf_weight=31.747850745916367 7.9141305834055009 13.219483673572539 8.3080974519252759 16.729657247662548 57.750093907117844 11.122810542583464 8.825941935181616
leaf_count=129 32 55 34 70 236 46 36
internal_value=0.000345423 -0.00241858 0.0144215 0.000361248 0.00496789 -0.0132799 0.0261072
internal_weight=155.618 130.57 25.0482 117.35 89.4979 27.8525 16.7401
internal_count=638 536 102 481 365 116 68
is_linear=0
shrinkage=0.03


Tree=39
num_leaves=14
num_cat=0
split_feature=23 21 40 40 21 21 3 2 17 21 14 36 23
split_gain=7.04119 7.83983 6.05064 5.74658 5.58354 10.4655 13.0179 8.3679 5.47251 4.39721 3.97499 3.30344 2.27998
threshold=0.98665278169489712 0.015595534989378894 -0.038207417621535782 -0.0070415057313272236 0.015424730591213342 0.021094659527158877 -0.022481161813525882 0.0045389787516660904 -0.23967162231989333 0.026515754154451104 5.5308619877624787 0.0048985038653485777 0.90699122022253065
decision_type=2 2 2 2 2 2 2 2 2 2 2 2 2
left_child=4 3 -3 -2 7 6 -6 10 -5 -7 -1 -4 -9
right_child=1 2 11 8 5 9 -8 12 -10 -11 -12 -13 -14
leaf_value=0.02321419241511339 -0.013889406568350027 0.0069584755534268048 -0.0016796768708971207 0.026209939956594017 -0.0080413887291604629 -0.02032810756308626 0.031877516758028628 -0.029181294255432647 -0.00089414764584572779 0.0057909769760642864 -0.0035081692662940487 -0.025359898163270913 -0.0032543385455936521
leaf_weight=8.1569962799549121 8.3002730458974856 7.39792177081108 8.72798043489456 10.785662293434147 8.3482860177755338 7.5915296524763134 25.546851918101311 7.2338462620973569 11.710160300135609 11.792993798851965 7.3863229006528845 24.893315955996513 7.632299080491066
leaf_count=33 34 30 37 44 34 32 104 30 48 48 30 103 31
internal_value=0.000330245 -0.00636519 -0.0147524 0.00456725 0.00626524 0.0120263 0.0217275 -0.00348493 0.0125676 -0.00468108 0.0107082 -0.0200731 -0.018724
internal_weight=155.504 71.8153 41.0192 30.7961 83.6891 53.2797 33.8951 30.4095 22.4958 19.3845 15.5433 33.6213 14.8661
internal_count=638 296 170 126 342 218 138 124 92 80 63 140 61
is_linear=0
shrinkage=0.03


Tree=40
num_leaves=8
num_cat=0
split_feature=36 37 9 15 34 10 10
split_gain=5.91919 8.51814 5.70419 7.23128 6.96318 5.08884 6.70266
threshold=0.0071938752021442577 0.051416134536963816 -0.068116421063774565 -18.617779491035268 -0.016319447040454346 0.0152168295049554 -0.012049459115628212
decision_type=2 2 2 2 2 2 2
left_child=2 5 -1 -4 -5 6 -2
right_child=1 -3 3 4 -6 -7 -8
leaf_value=-0.025379021610783054 0.016753653534750428 -0.017047767475775806 0.022116838111000077 0.017896475750286543 -0.0083355072291619123 0.028411319293502137 -0.0084449146734928322
leaf_weight=9.3532025665044767 18.711860328912731 8.6748354285955411 7.5509590506553641 8.122392073273657 75.869838207960129 11.443072259426115 15.004231557250025
leaf_count=38 76 36 31 33 313 47 61
internal_value=-0.000806942 0.0069555 -0.00514912 -0.0024234 -0.0052671 0.0124119 0.00527493
internal_weight=154.73 53.834 100.896 91.5432 83.9922 45.1592 33.7161
internal_count=635 220 415 377 346 184 137
is_linear=0
shrinkage=0.03


Tree=41
num_leaves=8
num_cat=0
split_feature=24 36 37 19 5 10 13
split_gain=5.67967 5.58504 6.6709 4.21925 6.16978 2.9395 1.80182
threshold=0.68449656750572097 0.0070911961006431814 0.050501197974257568 0.16599597790114087 0.073834949171163081 0.01733520841283798 4.3040386926346637
decision_type=2 2 2 2 2 2 2
left_child=1 3 5 4 -1 -3 -2
right_child=6 2 -4 -5 -6 -7 -8
leaf_value=-0.0081606769427674253 0.022126299626498501 0.0042156087852286972 -0.015939661199881733 -0.023176493481187676 0.0143371484538737 0.022994400763606843 0.0014985658033475941
leaf_weight=64.125446960330009 9.3243506252765673 30.536289140582085 8.920003414154051 11.843086972832678 10.886900812387465 10.185231462121008 8.786758825182913
leaf_count=265 38 124 37 49 44 42 36
internal_value=-0.000770582 -0.00301386 0.00471115 -0.0076045 -0.00441315 0.0101202 0.0140087
internal_weight=154.608 136.497 49.6415 86.8554 75.0123 40.7215 18.1111
internal_count=635 561 203 358 309 166 74
is_linear=0
shrinkage=0.03


Tree=42
num_leaves=12
num_cat=0
split_feature=28 19 34 15 34 19 40 19 38 9 23
split_gain=5.81466 6.66404 6.06736 5.53735 11.2917 4.96121 4.63152 4.05504 3.9033 7.2564 5.12124
threshold=8.5000000000000018 0.090752367548545015 0.0033862353912327285 16.683565297073791 -0.018521515752735914 0.16599597790114087 0.067209143427040777 0.078578134888136517 0.011028996609989928 -0.013392747113038396 0.85545098874080983
decision_type=2 2 2 2 2 2 2 2 2 2 2
left_child=1 2 -1 4 -3 -5 8 -4 10 -10 -2
right_child=6 3 7 5 -6 -7 -8 -9 9 -11 -12
leaf_value=0.028346810222172517 0.0078043541632092338 0.0085642142930523208 -0.0067867512860475725 0.014961793054095516 -0.022954486209720241 -0.0099036822384851019 -0.028835786424927956 0.018085847245849451 0.022285744293686762 -0.013391144722540344 -0.017481086633655687
leaf_weight=13.293759033083914 7.8433524817228344 15.720390394330023 13.252274781465532 20.91236670315266 21.619288772344589 8.1620948016643506 6.8904876708984366 7.3575104922056189 9.4768046289682406 6.9985866695642462 22.963418886065483
leaf_count=54 32 64 54 85 89 34 30 30 39 30 94
internal_value=-0.000732622 0.00343064 0.0139054 -0.00194754 -0.00954272 0.00731044 -0.00855689 0.0022435 -0.00424695 0.00650962 -0.0105029
internal_weight=154.49 100.318 33.9035 66.4141 37.3397 29.0745 54.1727 20.6098 47.2822 16.4754 30.8068
internal_count=635 410 138 272 153 119 225 84 195 69 126
is_linear=0
shrinkage=0.03


Tree=43
num_leaves=9
num_cat=0
split_feature=24 36 23 15 3 21 27 13
split_gain=5.3934 5.23928 5.9597 4.81608 4.5256 3.23503 3.4845 1.68326
threshold=0.68449656750572097 0.0070911961006431814 0.8174397480697867 15.065224568132928 -0.00030061646897233668 0.025563661568344994 2.5000000000000004 4.3040386926346637
decision_type=2 2 2 2 2 2 2 2
left_child=1 2 4 -4 -1 6 -3 -2
right_child=7 5 3 -5 -6 -7 -8 -9
leaf_value=0.021122553880994543 0.021563744834955958 -0.0068606539084721382 -0.016731408475001777 0 -0.0067786804046416982 0.020138832227357236 0.009686212826755039 0.0015085459389686704
leaf_weight=8.5836371630430239 9.3116267472505587 22.45079830288887 45.852201953530312 24.42132443189621 7.7973530441522589 7.8148745149373999 19.293546572327614 8.7771473824977857
leaf_count=35 38 92 191 100 32 32 79 36
internal_value=-0.00070868 -0.00290092 -0.00735566 -0.0111971 0.00773301 0.00458047 0.000537335 0.0136981
internal_weight=154.303 136.214 86.6545 70.2735 16.381 49.5592 41.7443 18.0888
internal_count=635 561 358 291 67 203 171 74
is_linear=0
shrinkage=0.03


Tree=44
num_leaves=10
num_cat=0
split_feature=28 4 6 1 24 38 2 28 15
split_gain=5.48979 6.64489 4.35088 5.28641 3.58988 4.62886 3.40969 2.46765 2.27823
threshold=8.5000000000000018 0.083739300203429581 0.012061875115778864 0.013636552121378267 0.15324933297311602 0.011028996609989928 0.0078767229068822404 11.500000000000002 8.193161555050958
decision_type=2 2 2 2 2 2 2 2 2
left_child=1 2 3 -1 5 7 -6 -2 -4
right_child=4 -3 8 -5 6 -7 -8 -9 -10
leaf_value=0.0048555411345970936 -0.028652649481677853 -0.020065265804910196 0.0053913002462371469 -0.018963439327357084 0.01121589798220877 0.00016398413033943401 -0.011162199043508122 -0.0039324891163458045 0.025665281907316664
leaf_weight=59.619760885834694 14.192450210452082 7.6738793849945059 14.200117170810701 7.6083132773637763 11.881248950958254 11.566912010312079 8.7640297114849073 7.6011557877063742 11.051438748836516
leaf_count=244 59 32 58 31 49 49 37 31 45
internal_value=-0.000664435 0.00337913 0.00586686 0.00147326 -0.00828393 -0.0141256 0.000907051 -0.0217165 0.0160471
internal_weight=154.159 100.154 92.4796 67.2281 54.0058 33.3605 20.6453 21.7936 25.2516
internal_count=635 410 378 275 225 139 86 90 103
is_linear=0
shrinkage=0.03


Tree=45
num_leaves=12
num_cat=0
split_feature=36 19 37 15 19 32 35 35 19 15 19
split_gain=10.1354 10.3477 7.76803 7.02099 7.38498 5.1831 5.32228 5.70332 4.40447 3.90291 3.86812
threshold=0.0060038208782324251 0.091387863894682189 0.03159189211310743 15.615496569268464 0.16177626222036387 0.015570297870360574 0.035920908882282949 0.062108917370563572 0.13321482846980823 -3.0413408196590841 0.070062492637555984
decision_type=2 2 2 2 2 2 2 2 2 2 2
left_child=1 2 10 9 -5 6 8 -8 -2 -3 -1
right_child=5 3 -4 4 -6 -7 7 -9 -10 -11 -12
leaf_value=0.00085344709411873257 0.0094640646581119758 -0.010465728319268067 -0.014758396957643475 0.0099497519747320795 -0.023736802849656569 -0.0093373905637994612 -0.012623741289328456 0.015275707586779192 0.030265240890543003 -0.03990802285516587 0.028288997827273062
leaf_weight=9.6674588024616295 37.766564920544624 11.624069854617121 8.1293922513723356 13.54470454156399 7.2608752846717826 10.674770146608351 13.577220961451532 9.3700205981731397 14.029057413339613 10.342270687222479 9.991538003087042
leaf_count=40 155 49 34 55 30 44 56 38 58 43 41
internal_value=0.00129488 -0.00689918 0.0067037 -0.0159765 -0.00219936 0.00823827 0.0111218 -0.000318981 0.0162927 -0.0271273 0.0168145
internal_weight=155.978 70.5603 27.7884 42.7719 20.8056 85.4176 74.7429 22.9472 51.7956 21.9663 19.659
internal_count=643 292 115 177 85 351 307 94 213 92 81
is_linear=0
shrinkage=0.03


Tree=46
num_leaves=11
num_cat=0
split_feature=19 28 17 40 34 33 17 38 37 19
split_gain=6.20412 12.6805 6.29724 6.24854 7.8039 4.18772 3.80272 2.72978 2.48275 3.53791
threshold=0.089409162785017024 8.5000000000000018 -1.4865376588676271 -0.05782760526214397 0.01044105190434619 0.40135637815278541 -3.2490333696331084 0.0093106049949179589 0.044188910128786903 0.077828794483537786
decision_type=2 2 2 2 2 2 2 2 2 2
left_child=1 8 6 -4 -5 -3 -2 -8 9 -1
right_child=2 5 3 4 -6 -7 7 -9 -10 -11
leaf_value=0.011728552584257717 -0.0047353231949855698 0.0048007692259724715 0.015004263438243591 -0.01998067441605024 0 -0.018992239968187656 0.028713496746135547 0.0020341255804320678 0.0016185843676159589 0.037447864927091894
leaf_weight=16.483602881431583 8.5397774279117602 10.199013009667398 7.5785429477691642 35.156166046857834 32.690987974405289 11.728256791830061 7.6123088002204877 7.9765387177467346 7.2569910436868659 10.572388082742689
leaf_count=67 35 42 31 145 136 50 31 33 30 43
internal_value=0.00124797 0.00910732 -0.00313615 -0.00748946 -0.0105745 -0.00782228 0.00942978 0.0176985 0.020174 0.0241807
internal_weight=155.795 56.2403 99.5543 75.4257 67.8472 21.9273 24.1286 15.5888 34.313 27.056
internal_count=643 232 411 312 281 92 99 64 140 110
is_linear=0
shrinkage=0.03


Tree=47
num_leaves=13
num_cat=0
split_feature=36 7 28 22 23 38 21 12 0 11 23 1
split_gain=9.7151 4.76937 5.30852 5.32653 4.55936 5.40704 4.55001 4.91677 4.12121 2.71239 1.40046 1.16445
threshold=0.0060038208782324251 -0.0075849946168330589 4.5000000000000009 -0.036845967654102967 1.0065906034782122 0.0083726253616534987 0.015148320463207779 55.873272459596969 0.0024776924222885692 0.0033476080147810676 1.2366556363978198 -0.018783959000042868
decision_type=2 2 2 2 2 2 2 2 2 2 2 2
left_child=4 8 9 -4 6 -6 -1 -8 11 -3 -7 -2
right_child=1 2 3 -5 5 10 7 -9 -10 -11 -12 -13
leaf_value=-0.012374709768479014 0.0098547639287134489 0.025034572421390122 0.0068736739971488091 -0.014828847965716209 0 -0.032323895267337956 -0.0024258948866212357 0.022416164938862958 0 0 -0.0081148060879069443 0.029098798225656891
leaf_weight=14.385120183229445 10.84577529132366 8.7408555448055285 17.184389054775238 18.808351889252663 13.482741698622705 10.411002695560457 15.22073218226433 9.7608428746461851 8.3579261153936368 7.7011546045541754 7.1015676707029334 13.650016412138941
leaf_count=59 44 36 71 78 55 45 63 40 34 32 30 56
internal_value=0.0012428 0.00804571 0.00192147 -0.00425599 -0.00679043 -0.0150162 0 0.00766661 0.0167185 0.0152527 -0.0251135 0.0225315
internal_weight=155.65 85.2885 52.4348 35.9927 70.362 30.9953 39.3667 24.9816 32.8537 16.442 17.5126 24.4958
internal_count=643 351 217 149 292 130 162 103 134 68 75 100
is_linear=0
shrinkage=0.03


Tree=48
num_leaves=12
num_cat=0
split_feature=36 20 21 14 2 38 27 35 34 38 38
split_gain=9.269 6.78823 7.75359 5.39286 4.73944 4.59266 4.59264 5.66846 5.42993 4.67429 1.90173
threshold=0.0060038208782324251 0.023123420537213644 0.015148320463207779 7.5219570638162176 -0.017006019318003437 0.010306941239303034 2.5000000000000004 -0.03740733760333486 0.013333375153227746 0.011723993584779791 0.0096698427417792384
decision_type=2 2 2 2 2 2 2 2 2 2 2
left_child=1 2 3 -1 -3 -4 7 -2 -9 10 -8
right_child=6 4 5 -5 -6 -7 9 8 -10 -11 -12
leaf_value=0.0050160031559443813 0.016823758109169897 -0.0012157038777579222 0.020417520260985568 -0.022455106834081841 -0.029116438971127759 -0.0050832711967466462 0.013007726079400563 -0.015131939692805454 0.0070919351287491049 -0.00047832874087253512 0.035035486577583978
leaf_weight=8.5476017147302645 13.310721114277838 10.407044023275377 15.93968775868416 13.814377665519713 13.973522275686262 7.5625633150339118 19.162715986371044 19.127480000257492 15.916270464658735 10.095671325922011 7.5906849205493918
leaf_count=35 55 43 65 57 60 32 79 78 66 42 31
internal_value=0.00121148 -0.00664003 9.77973e-06 -0.0117891 -0.0187705 0.0118686 0.00786038 0.00128976 -0.00479538 0.0155861 0.0217815
internal_weight=155.448 70.2448 45.8642 22.362 24.3806 23.5023 85.2035 48.3545 35.0438 36.8491 26.7534
internal_count=643 292 189 92 103 97 351 199 144 152 110
is_linear=0
shrinkage=0.03


Tree=49
num_leaves=11
num_cat=0
split_feature=36 20 4 32 35 35 2 14 12 15
split_gain=8.82862 6.47536 4.7857 4.76474 4.94182 5.37214 4.52743 4.50056 4.16763 3.73326
threshold=0.0060038208782324251 0.023123420537213644 0.039871563590004773 0.015570297870360574 0.035920908882282949 0.062108917370563572 -0.017006019318003437 14.873644088099129 54.274528321833579 12.501249479081322
decision_type=2 2 2 2 2 2 2 2 2 2
left_child=1 2 8 4 7 -6 -3 -2 -1 -4
right_child=3 6 9 -5 5 -7 -8 -9 -10 -11
leaf_value=-0.0010924080730037443 0.010028225868789386 -0.0011852503088344917 -0.024714286134498643 -0.0091700874069592618 -0.012500004312443535 0.014571076587976959 -0.02852388240822145 0.034003479550118329 0.019996435599961036 0.0012937141148233629
leaf_weight=18.948418125510219 42.935482442378998 10.405616462230684 7.8378882706165296 10.637994945049284 13.540602877736093 9.3703503459691984 13.878879711031912 8.6628852486610395 11.424506306648253 7.6185670793056488
leaf_count=78 177 43 33 44 56 38 60 36 47 31
internal_value=0.0011825 -0.00648649 0 0.00767353 0.0104513 -0.000545116 -0.0183618 0.0154519 0.00712194 -0.012356
internal_weight=155.261 70.1139 45.8294 85.1473 74.5093 22.911 24.2845 51.5984 30.3729 15.4565
internal_count=643 292 189 351 307 94 103 213 125 64
is_linear=0
shrinkage=0.03


end of trees

feature_importances:
vol_ratio=34
macro_topix_vol_20=28
macro_usdjpy_vol_20=25
bb_bandwidth=24
month=23
macd_signal=21
volatility=21
macro_usdjpy_ret_20=21
div_ma_10=18
atr_pct=17
macro_usdjpy_ret_60=17
ma_20_60_cross=15
macro_nikkei_ret_20=15
return_20d=14
macro_topix_ret_20=14
return_3d=13
macd=12
return_10d=11
return_1d=8
return_2d=8
return_5d=8
div_ma_60=8
ma_5_20_cross=8
rsi_change=8
macd_hist_change=8
candle_body_pct=7
gap=7
price_position_20d=6
rsi=5
macd_hist=5
lower_shadow_pct=5
div_ma_5=4
day_of_week=4
upper_shadow_pct=2
div_ma_20=1
bb_pct_b=1
vol_change=1
macro_topix_above_200dma=1

parameters:
[boosting: gbdt]
[objective: binary]
[metric: binary_logloss]
[tree_learner: serial]
[device_type: cpu]
[data_sample_strategy: bagging]
[data: ]
[valid: ]
[num_iterations: 50]
[learning_rate: 0.03]
[num_leaves: 15]
[num_threads: 0]
[seed: 42]
[deterministic: 0]
[force_col_wise: 0]
[force_row_wise: 0]
[histogram_pool_size: -1]
[max_depth: 4]
[min_data_in_leaf: 30]
[min_sum_hessian_in_leaf: 0.001]
[bagging_fraction: 0.7]
[pos_bagging_fraction: 1]
[neg_bagging_fraction: 1]
[bagging_freq: 5]
[bagging_seed: 400]
[bagging_by_query: 0]
[feature_fraction: 0.6]
[feature_fraction_bynode: 1]
[feature_fraction_seed: 30056]
[extra_trees: 0]
[extra_seed: 12879]
[early_stopping_round: 0]
[early_stopping_min_delta: 0]
[first_metric_only: 0]
[max_delta_step: 0]
[lambda_l1: 0.5]
[lambda_l2: 2]
[linear_lambda: 0]
[min_gain_to_split: 0]
[drop_rate: 0.1]
[max_drop: 50]
[skip_drop: 0.5]
[xgboost_dart_mode: 0]
[uniform_drop: 0]
[drop_seed: 17869]
[top_rate: 0.2]
[other_rate: 0.1]
[min_data_per_group: 100]
[max_cat_threshold: 32]
[cat_l2: 10]
[cat_smooth: 10]
[max_cat_to_onehot: 4]
[top_k: 20]
[monotone_constraints: ]
[monotone_constraints_method: basic]
[monotone_penalty: 0]
[feature_contri: ]
[forcedsplits_filename: ]
[refit_decay_rate: 0.9]
[cegb_tradeoff: 1]
[cegb_penalty_split: 0]
[cegb_penalty_feature_lazy: ]
[cegb_penalty_feature_coupled: ]
[path_smooth: 0]
[interaction_constraints: ]
[verbosity: -1]
[saved_feature_importance_type: 0]
[use_quantized_grad: 0]
[num_grad_quant_bins: 4]
[quant_train_renew_leaf: 0]
[stochastic_rounding: 1]
[linear_tree: 0]
[max_bin: 255]
[max_bin_by_feature: ]
[min_data_in_bin: 5]
[bin_construct_sample_cnt: 200000]
[data_random_seed: 175]
[is_enable_sparse: 1]
[enable_bundle: 1]
[use_missing: 1]
[zero_as_missing: 0]
[feature_pre_filter: 1]
[pre_partition: 0]
[two_round: 0]
[header: 0]
[label_column: ]
[weight_column: ]
[group_column: ]
[ignore_column: ]
[categorical_feature: ]
[forcedbins_filename: ]
[precise_float_parser: 0]
[parser_config_file: ]
[objective_seed: 16083]
[num_class: 1]
[is_unbalance: 0]
[scale_pos_weight: 1]
[sigmoid: 1]
[boost_from_average: 1]
[reg_sqrt: 0]
[alpha: 0.9]
[fair_c: 1]
[poisson_max_delta_step: 0.7]
[tweedie_variance_power: 1.5]
[lambdarank_truncation_level: 30]
[lambdarank_norm: 1]
[label_gain: ]
[lambdarank_position_bias_regularization: 0]
[eval_at: ]
[multi_error_top_k: 1]
[auc_mu_weights: ]
[num_machines: 1]
[local_listen_port: 12400]
[time_out: 120]
[machine_list_filename: ]
[machines: ]
[gpu_platform_id: -1]
[gpu_device_id: -1]
[gpu_use_dp: 0]
[num_gpu: 1]

end of parameters

pandas_categorical:[]
