tree
version=v4
num_class=1
num_tree_per_iteration=1
label_index=0
max_feature_idx=44
objective=binary sigmoid:1
feature_names=return_1d return_2d return_3d return_5d return_10d return_20d div_ma_5 div_ma_10 div_ma_20 div_ma_60 ma_5_20_cross ma_20_60_cross rsi rsi_change macd macd_signal macd_hist macd_hist_change bb_pct_b bb_bandwidth atr_pct volatility vol_change vol_ratio candle_body_pct upper_shadow_pct lower_shadow_pct day_of_week month is_month_end is_month_start streak gap price_position_20d macro_usdjpy_ret_20 macro_usdjpy_ret_60 macro_usdjpy_vol_20 macro_topix_ret_20 macro_topix_vol_20 macro_topix_above_200dma macro_nikkei_ret_20 macro_nikkei_above_200dma macro_nikkei_vi macro_jgb10y macro_bias_score
feature_infos=[-0.097063111851697581:0.12918108419838514] [-0.16714697406340062:0.15132641291810844] [-0.20677035681610245:0.15841288782816232] [-0.2103825136612022:0.15811455847255362] [-0.17475728155339809:0.17716262975778552] [-0.24360730593607305:0.31349480968858123] [-0.13751939835263219:0.085724201758445195] [-0.15323762086141224:0.10169292540327324] [-0.16651445381221103:0.12472133662535662] [-0.20463184513568236:0.16641256055952849] [-0.099009644971944311:0.090424935530889039] [-0.096756670655650079:0.10265552912733256] [7.2897196261682211:94.346289752650179] [-23.017006296792111:34.977504951534002] [-208.78652181563302:120.5326415471045] [-182.21612921768079:102.17110063482991] [-65.643000378406668:45.390032562908679] [-24.6300290795417:26.119424481002223] [-0.32138915756615644:1.3470312427772104] [0.039543879031473314:0.32732122564073562] [0.01326670585929845:0.063807160581354133] [0.0091251542063919382:0.055432099082295926] [-0.90395175083265822:7.31958762886598] [0.53149947884215609:2.1432873365825342] [-1:0.99206349206349209] [0:0.91111111111111109] [0:0.91666666666666663] [0:4] [1:12] none [0:1] [-8:7] [-0.086416419119632715:0.11933174224343679] [0:1] [-0.10288784967882303:0.08505611680078462] [-0.13986255140503889:0.1344631365590534] [0.0024251968629527628:0.011841457708833433] [-0.22586490939044479:0.19897850606512013] [0.0040695656522785678:0.036437277456277402] [0:1] [-0.22859537662338159:0.23022297972565586] [0:1] none none none
tree_sizes=1281 1203 1310 1389 1309 958 984 1090 963 1064 968 889 791 1002 997 1207 1317 1095 1201 1388 1207 1308 1419 1282 1211 1312 1308 1098 1072 1102 1287 788 888 1412 1097 1173 1084 1051 1305 1175 1630 1213 999 996 978 999 995 979 978 1102

Tree=0
num_leaves=11
num_cat=0
split_feature=37 28 35 7 16 17 35 16 36 15
split_gain=10.775 9.0513 7.78777 6.97206 11.1261 6.91567 5.34071 4.88072 4.3978 3.45443
threshold=0.011290741771607828 9.5000000000000018 0.032225279626958543 -0.011511523383373258 12.112036936741807 -2.5242486518549296 -0.046495458847131681 0.5056630568718391 0.0063903117896531372 -1.2931407048777044
decision_type=2 2 2 2 2 2 2 2 2 2
left_child=3 2 5 9 6 -2 -5 -4 -3 -1
right_child=1 8 7 4 -6 -7 -8 -9 -10 -11
leaf_value=-0.15313673928797339 -0.17100794923282109 -0.16686045731503552 -0.22029199293130319 -0.17379743897905825 -0.15653503486831463 -0.19620830965922575 -0.19881414648598217 -0.19215814618405774 -0.19223069949314903 -0.17960988165437333
leaf_weight=12.145204231143 11.897342920303343 14.375956028699877 14.62381733953953 8.4272845685482007 8.4272845685482007 29.991218611598015 24.786131083965302 12.393065541982649 7.4358393251895896 10.410175055265425
leaf_count=49 48 58 59 34 34 121 100 50 30 42
internal_value=-0.185341 -0.191847 -0.19721 -0.176007 -0.183954 -0.188374 -0.191736 -0.209251 -0.175977 -0.163268
internal_weight=154.913 90.7172 68.9054 64.1961 41.6407 41.8886 33.2134 27.0169 21.8118 22.5554
internal_count=625 366 278 259 168 169 134 109 88 91
is_linear=0
shrinkage=1


Tree=1
num_leaves=10
num_cat=0
split_feature=38 7 36 36 16 4 35 20 3
split_gain=28.5968 18.0453 13.1153 11.0131 8.66054 8.29925 7.26913 3.57951 1.08907
threshold=0.010926169668663256 -0.013173468163166254 0.004979456732467284 0.0044183554902026516 3.6192107684449217 0.048718595102415836 0.033399540715166161 0.029816903317005723 0.026413932478754457
decision_type=2 2 2 2 2 2 2 2 2
left_child=1 6 3 -3 7 -4 -1 -2 -6
right_child=4 2 5 -5 8 -7 -8 -9 -10
leaf_value=0.027063884494407983 -0.0056912489642616431 -0.01549224745022237 -0.027984098259294977 0.019884503229753561 0.045006069912480073 -6.4917266126138977e-05 -0.0015134178391139105 0.01645643598307223 0.018272106937657042
leaf_weight=13.393826752901079 9.6672943979501742 13.377659350633623 45.318692088127136 14.122568026185034 9.4282016158103961 13.386592671275137 14.373378574848173 11.905066832900046 9.9216984659433347
leaf_count=54 39 54 183 57 38 54 58 48 40
internal_value=0.000182423 -0.00746708 -0.0142601 0.00228319 0.0211918 -0.0220767 0.0126595 0.0062542 0.0349966
internal_weight=154.895 113.973 86.2055 27.5002 40.9223 58.7053 27.7672 21.5724 19.3499
internal_count=625 460 348 111 165 237 112 87 78
is_linear=0
shrinkage=0.03


Tree=2
num_leaves=11
num_cat=0
split_feature=38 3 36 11 14 12 39 14 6 20
split_gain=27.1124 13.7307 9.22186 12.0861 10.7875 6.67984 7.43826 5.72506 6.03416 2.19167
threshold=0.010926169668663256 -0.0081356446215027894 0.004979456732467284 0.044137723222896004 66.153363446509516 53.763787008879326 1.0000000180025095e-35 -17.476057918903958 -0.0060404585112799518 0.027246061866848966
decision_type=2 2 2 2 2 2 2 2 2 2
left_child=1 7 3 -3 -4 6 -2 -1 -9 -7
right_child=5 2 4 -5 -6 9 -8 8 -10 -11
leaf_value=0.022153958076155243 0.025387997452321762 0.016709369763221873 -0.028608036786532565 -0.024893592374449047 0.0050677025874900933 0.015327150924060996 -0.0069408366745683948 0.0082906205602971718 -0.017853282160562693 0.04410921199564706
leaf_weight=11.653367102146147 9.190430760383606 14.379602834582331 40.283589765429497 8.1752058118581754 9.1528353691101056 9.9346479028463381 12.404189452528954 19.838563829660416 10.39040130376816 9.4516407996416074
leaf_count=47 37 58 163 33 37 40 50 80 42 38
internal_value=0.000202472 -0.00725285 -0.0151063 0.000219729 -0.022127 0.0206411 0.00716797 0.00597785 -0.000780481 0.0328737
internal_weight=154.854 113.874 71.9912 22.5548 49.4364 40.9809 21.5946 41.8823 30.229 19.3863
internal_count=625 460 291 91 200 165 87 169 122 78
is_linear=0
shrinkage=0.03


Tree=3
num_leaves=12
num_cat=0
split_feature=38 19 3 36 11 14 19 9 23 23 2
split_gain=25.726 14.0145 12.9966 8.71006 11.4964 10.2616 7.18693 5.69864 3.7408 3.65779 2.85159
threshold=0.010926169668663256 0.13992497257271388 -0.0081356446215027894 0.004979456732467284 0.044137723222896004 66.153363446509516 0.095704298463174839 1.0000000180025095e-35 0.92517245515935465 1.1738300073359826 -0.027723079280756843
decision_type=2 2 2 2 2 2 2 2 2 2 2
left_child=2 6 7 4 -4 -5 -2 10 -9 -3 -1
right_child=1 9 3 5 -6 -7 -8 8 -10 -11 -12
leaf_value=0 0.015958981067650743 0.044217835277487516 0.016248392870232525 -0.027877802743278932 -0.024343167975073774 0.0049408360908626166 -0.017615226953604343 0.0088611578845708434 -0.014721800435060379 0.0111145798499022 0.023152038057431122
leaf_weight=7.4526030272245434 10.676112040877344 14.443896487355234 14.400349929928781 40.152975991368294 8.1547832489013654 9.1575008481740934 8.4425964802503568 7.9326204508543041 12.376042544841765 7.4641551226377478 14.137147113680838
leaf_count=30 43 58 58 163 33 37 34 32 50 30 57
internal_value=0.000224 0.0201189 -0.00704478 -0.0146987 0.000174291 -0.0215357 0.000158586 0.00581328 -0.00486926 0.0354401 0.0160587
internal_weight=154.791 41.0268 113.764 71.8656 22.5551 49.3105 19.1187 41.8984 20.3087 21.9081 21.5898
internal_count=625 165 460 291 91 200 77 169 82 88 87
is_linear=0
shrinkage=0.03


Tree=4
num_leaves=11
num_cat=0
split_feature=38 19 3 36 9 13 19 14 0 20
split_gain=24.373 17.0819 13.9028 9.43022 11.4463 10.3754 7.33762 6.10401 6.04846 4.7334
threshold=0.010791728037763145 0.13992497257271388 -0.0081356446215027894 0.004979456732467284 0.07585088129722875 -0.58112310182169213 0.095704298463174839 -17.476057918903958 0.017230494656900189 0.019153819380321128
decision_type=2 2 2 2 2 2 2 2 2 2
left_child=2 6 7 4 -4 -5 -2 -1 -3 -9
right_child=1 8 3 5 -6 -7 -8 9 -10 -11
leaf_value=0.023345263619720717 0.013670353433981637 0.044942134557425954 0.016531665665979921 -0.0030142753282883816 -0.025167584886613421 -0.033107922560479251 -0.018535117878198809 -0.017726374647762628 0.0074881639740128122 0.0062832622960586624
leaf_weight=10.939176619052885 11.922564327716829 15.962068423628809 13.903270393610002 17.709517762064934 7.4103770852088919 29.492656096816063 9.6635881066322309 8.6636968106031436 7.4708499461412421 21.562103018164635
leaf_count=44 48 64 56 72 30 120 39 35 30 87
internal_value=0.000238703 0.018446 -0.00729677 -0.0154716 0.000474876 -0.0227036 -0.000460423 0.00604858 0.0351188 -0.000806243
internal_weight=154.7 45.0191 109.681 68.5158 21.3136 47.2022 21.5862 41.165 23.4329 30.2258
internal_count=625 181 444 278 86 192 87 166 94 122
is_linear=0
shrinkage=0.03


Tree=5
num_leaves=8
num_cat=0
split_feature=19 28 40 23 33 14 21
split_gain=17.0714 9.50923 7.49457 7.80814 5.25951 6.42828 5.23879
threshold=0.16555155336002944 2.5000000000000004 0.061228325444555372 0.96660509039264386 0.13308782669070993 67.81357369557567 0.025435403617627177
decision_type=2 2 2 2 2 2 2
left_child=2 -2 4 -4 -1 -6 -3
right_child=1 6 3 -5 5 -7 -8
leaf_value=0.015837555468395041 -0.0067757068059049325 0.0066337238435172849 0 -0.035476709201628674 -0.0070664382331992789 0.015867400649388384 0.038796395699473872
leaf_weight=11.437256366014479 7.9454637765884426 9.4611833095550555 8.644272446632387 11.32681383192539 83.908681616187096 10.390622094273565 14.220873430371283
leaf_count=46 32 38 35 46 340 42 57
internal_value=0 0.0189712 -0.00505361 -0.0210611 -0.00155609 -0.00410659 0.0280484
internal_weight=157.335 31.6275 125.708 19.9711 105.737 94.2993 23.6821
internal_count=636 127 509 81 428 382 95
is_linear=0
shrinkage=0.03


Tree=6
num_leaves=8
num_cat=0
split_feature=38 13 21 3 3 34 32
split_gain=21.6674 11.9902 7.72252 9.31741 5.0835 4.96517 1.01977
threshold=0.014271091893598563 2.9533551106107834 0.015675680896399955 0.039903623095473691 -0.021895173100344386 -0.007846026615542066 0.0018179698372887689
decision_type=2 2 2 2 2 2 2
left_child=1 2 4 -4 -1 -3 -7
right_child=-2 5 3 -5 -6 6 -8
leaf_value=0.010463543368456941 0.03713331270693928 0.00011992027506240661 0.01462446724332348 -0.013927904225493009 -0.0126126835710245 -0.0094929537801321292 -0.026462479788051756
leaf_weight=8.9472619742155057 10.982723996043203 10.836170285940169 49.812911778688431 10.629077851772307 33.746893331408501 11.359847709536551 20.94438748061657
leaf_count=36 44 44 201 43 137 46 85
internal_value=0 -0.00328392 0.00219261 0.00907786 -0.00718924 -0.0162261 -0.0218337
internal_weight=157.259 146.277 103.136 60.442 42.6942 43.1404 32.3042
internal_count=636 592 417 244 173 175 131
is_linear=0
shrinkage=0.03


Tree=7
num_leaves=9
num_cat=0
split_feature=19 28 3 23 36 34 16 37
split_gain=15.6599 8.89847 8.27744 6.95378 11.5919 9.57799 5.33939 4.25105
threshold=0.16555155336002944 2.5000000000000004 -0.026824183023003819 0.85805218298738706 0.0069262550178596869 -0.0093569331870515509 -7.9928008526963161 0.038260314929467916
decision_type=2 2 2 2 2 2 2 2
left_child=2 -2 6 4 -4 -5 -1 -3
right_child=1 7 3 5 -6 -7 -8 -9
leaf_value=-0.00046978652437134369 -0.0066756872740944568 0.035008761272193815 0.017077183759192937 0.0051740597760678688 -0.019918899675817201 -0.018993752383918996 0.027120870041582732 0.0041912232599653617
leaf_weight=13.182155281305315 7.9409711956977871 16.229084953665737 19.012211412191395 17.465537071228027 9.8131707757711393 57.611045598983765 8.4672591984271985 7.4663105159997931
leaf_count=53 32 65 77 71 40 234 34 30
internal_value=0 0.0181794 -0.00483138 -0.0084323 0.00352061 -0.0131885 0.0110679 0.0269641
internal_weight=157.188 31.6364 125.551 103.902 28.8254 75.0766 21.6494 23.6954
internal_count=636 127 509 422 117 305 87 95
is_linear=0
shrinkage=0.03


Tree=8
num_leaves=8
num_cat=0
split_feature=38 13 5 15 37 23 37
split_gain=19.8947 11.2281 4.98964 9.79153 5.22275 2.53359 4.06624
threshold=0.014271091893598563 2.9533551106107834 0.092060049454906437 57.765026043790293 0.039975666649975324 0.84948223232585962 0.010714786907102926
decision_type=2 2 2 2 2 2 2
left_child=1 2 4 -4 -1 -3 -7
right_child=-2 5 3 -5 -6 6 -8
leaf_value=0.0031254995421164623 0.035596621272835437 0 0.032212010529133459 -0.0079092051281004563 -0.013758817312940751 -0.0028594757426849203 -0.026227150911099666
leaf_weight=65.056171745061874 10.984012514352797 8.3804565370082837 10.650199472904207 7.6623082906007758 19.703536972403526 12.084318503737448 22.557690963149071
leaf_count=263 44 34 43 31 80 49 92
internal_value=0 -0.0031322 0.00216076 0.0155602 -0.000853287 -0.0156788 -0.0190861
internal_weight=157.079 146.095 103.072 18.3125 84.7597 43.0225 34.642
internal_count=636 592 417 74 343 175 141
is_linear=0
shrinkage=0.03


Tree=9
num_leaves=9
num_cat=0
split_feature=19 3 12 16 7 13 26 16
split_gain=14.2415 7.72644 7.1271 12.6558 6.55835 10.4694 9.18636 5.09685
threshold=0.16555155336002944 -0.026824183023003819 76.014999342207162 -11.059763704537735 0.0018730356177438299 2.9533551106107834 0.36045112781954891 -7.9928008526963161
decision_type=2 2 2 2 2 2 2 2
left_child=1 7 3 -2 6 -6 -3 -1
right_child=2 4 -4 -5 5 -7 -8 -9
leaf_value=-0.00049473254771524827 0 -0.027398582816530837 -0.0048796758820292274 0.041980013618202409 0.0078060066346517304 -0.016212171797325859 0.001083416657018488 0.026430145030367235
leaf_weight=13.181126534938814 9.9620864987373405 25.79932789504528 7.9416910856962195 13.718138843774794 38.416644349694252 25.184095248579979 14.310970962047575 8.4781550019979459
leaf_count=53 40 105 32 55 156 103 58 34
internal_value=0 -0.0045912 0.0173599 0.0252017 -0.00808062 -0.00168017 -0.0173115 0.0107539
internal_weight=156.992 125.37 31.6219 23.6802 103.711 63.6007 40.1103 21.6593
internal_count=636 509 127 95 422 259 163 87
is_linear=0
shrinkage=0.03


Tree=10
num_leaves=8
num_cat=0
split_feature=19 3 16 16 12 0 35
split_gain=13.7066 10.4957 9.26163 12.4934 10.37 6.07832 4.07188
threshold=0.18871967573370732 -0.027521415079732933 -5.9228422699107872 -12.392155863100426 61.90093400704334 0.012170891488592074 0.048026981734366044
decision_type=2 2 2 2 2 2 2
left_child=1 6 3 -3 -4 -2 -1
right_child=5 2 4 -5 -6 -7 -8
leaf_value=0.02120316417554946 0.034586014207624242 0.0040919196376372931 0.0071380598499923087 -0.036087572661245258 -0.013704584260141595 0 -0.0027484863193618192
leaf_weight=16.925724819302562 11.709986731410028 9.3719470500946063 46.224227592349052 17.200122714042664 36.352241203188896 7.4724282324314109 7.475736826658248
leaf_count=68 47 38 188 70 148 30 30
internal_value=0.000185276 -0.00322748 -0.00731208 -0.0220968 -0.00196714 0.0227148 0.0136447
internal_weight=152.732 133.55 109.149 26.5721 82.5765 19.1824 24.4015
internal_count=619 542 444 108 336 77 98
is_linear=0
shrinkage=0.03


Tree=11
num_leaves=7
num_cat=0
split_feature=38 3 16 16 19 21
split_gain=15.4307 7.75765 10.8488 9.84394 8.53666 5.04848
threshold=0.014271091893598563 -0.027521415079732933 -5.9228422699107872 -13.617168408702591 0.18871967573370732 0.01797463605322815
decision_type=2 2 2 2 2 2
left_child=1 5 3 -3 -4 -1
right_child=-2 2 4 -5 -6 -7
leaf_value=0.022088848839465981 0.032655995862585108 0.0033985519315864279 -0.0038638714119929658 -0.032799594055859894 0.025522413401005858 -0.0015701082099378615
leaf_weight=14.710128858685495 10.209990724921225 8.4011777043342608 79.063145890831947 19.08993861079216 7.9698134064674369 13.19528917968273
leaf_count=59 41 34 322 78 32 53
internal_value=0.000186384 -0.0024573 -0.00600868 -0.0217487 -0.000491547 0.0110431
internal_weight=152.639 142.429 114.524 27.4911 87.033 27.9054
internal_count=619 578 466 112 354 112
is_linear=0
shrinkage=0.03


Tree=12
num_leaves=6
num_cat=0
split_feature=38 37 19 3 38
split_gain=14.6669 10.7205 9.72571 6.34412 4.78209
threshold=0.014271091893598563 0.045459419413955156 0.19098300828820142 -0.027521415079732933 0.0082385551693436119
decision_type=2 2 2 2 2
left_child=1 2 3 -1 -3
right_child=-2 4 -4 -5 -6
leaf_value=0.012828024943665139 0.031874321820349591 -0.0027929307889115419 0.029379654116042851 -0.0047543120317806884 -0.028390373580890069
leaf_weight=21.448854684829712 10.195816710591314 13.472574070096018 8.4705722182989103 83.193588852882385 15.726699098944662
leaf_count=86 41 55 34 339 64
internal_value=0.000198302 -0.00237744 0.00176685 -0.000836763 -0.0179966
internal_weight=152.508 142.312 113.113 104.642 29.1993
internal_count=619 578 459 425 119
is_linear=0
shrinkage=0.03


Tree=13
num_leaves=8
num_cat=0
split_feature=38 13 36 32 17 9 17
split_gain=13.9509 8.06581 7.71022 10.4913 8.59393 5.51579 6.63233
threshold=0.014271091893598563 2.9533551106107834 0.0049285609599828929 -0.0040113974194388438 -1.0770737746876138 0.093953541986108002 -0.11408487573143765
decision_type=2 2 2 2 2 2 2
left_child=1 2 3 -1 -4 6 -3
right_child=-2 5 4 -5 -6 -7 -8
leaf_value=-0.0074740835763955895 0.031124090010013157 -0.027942025707699679 0.007111756238716317 0.029962554318159435 -0.013176639179904526 -0.032079565078284598 0.00018321472714000179
leaf_weight=8.8879560828208941 10.176822543144224 7.5876076817512503 37.377357169985771 15.844059348106383 33.403252437710762 8.5159600079059583 30.589665189385414
leaf_count=36 41 31 151 64 136 35 125
internal_value=0.000204305 -0.00230539 0.00258246 0.0163952 -0.00235576 -0.0123071 -0.00614592
internal_weight=152.383 142.206 95.5126 24.732 70.7806 46.6932 38.1773
internal_count=619 578 387 100 287 191 156
is_linear=0
shrinkage=0.03


Tree=14
num_leaves=8
num_cat=0
split_feature=38 13 21 38 21 25 23
split_gain=13.291 7.68651 8.24406 11.0215 7.94129 5.57672 4.89007
threshold=0.014271091893598563 2.9533551106107834 0.015272979949547119 0.0077277570654196272 0.023178307555954868 0.069004610384702611 0.84948223232585962
decision_type=2 2 2 2 2 2 2
left_child=1 2 3 -1 -4 -3 -7
right_child=-2 5 4 -5 -6 6 -8
leaf_value=-0.025306481658280738 0.030403093449083998 0.0083210286749852425 0.015049795008642715 0.0065968103430343542 -0.009190391808822999 0.0018067932925856741 -0.022015945387355865
leaf_weight=16.39561028778553 10.153393462300299 7.8009755462408057 47.004687249660492 18.243362084031105 13.858757048845289 8.3354174643754941 30.483157262206078
leaf_count=67 41 32 190 74 56 34 125
internal_value=0.000190291 -0.00225603 0.00251046 -0.00865162 0.00917484 -0.0120305 -0.0166952
internal_weight=152.275 142.122 95.5024 34.639 60.8634 46.6196 38.8186
internal_count=619 578 387 141 246 191 159
is_linear=0
shrinkage=0.03


Tree=15
num_leaves=10
num_cat=0
split_feature=38 35 3 35 6 40 40 25 35
split_gain=22.6609 8.57404 11.7876 10.3426 6.22515 6.81315 5.3097 6.27543 4.40718
threshold=0.01074305306165734 0.030774233617286265 -0.029097381460160662 0.015237241563145877 0.014735671674632278 -0.020121299621168372 0.043304665039097696 0.15540334855403351 0.001149359990594623
decision_type=2 2 2 2 2 2 2 2 2
left_child=1 2 -1 -4 5 -2 7 -3 -7
right_child=4 6 3 -5 -6 8 -8 -9 -10
leaf_value=0.026903496276125167 0.00350657496727869 0.0048170502001526365 -0.015670623696206597 0.013686415510148172 -0.00071731746874011864 0.0085695181912397566 -0.032071596633139271 -0.018626929128074236 0.043233882760801333
leaf_weight=9.4743257910013181 13.094893619418142 14.273867532610891 33.684685721993446 13.223275899887083 12.833469882607458 7.4233706295490292 14.583114132285116 24.554131075739861 12.420191958546637
leaf_count=38 53 58 138 54 52 30 60 100 50
internal_value=-0.00126132 -0.00872347 -0.000208106 -0.00686696 0.01594 0.0225289 -0.0171099 -0.00982732 0.0329248
internal_weight=155.565 109.793 56.3823 46.908 45.7719 32.9385 53.4111 38.828 19.8436
internal_count=633 448 230 192 185 133 218 158 80
is_linear=0
shrinkage=0.03


Tree=16
num_leaves=11
num_cat=0
split_feature=38 35 3 35 40 38 36 40 25 32
split_gain=21.4884 8.17869 11.1769 9.80524 5.69875 8.85747 7.94418 5.08661 5.96026 0.442138
threshold=0.01074305306165734 0.030774233617286265 -0.029097381460160662 0.015237241563145877 -0.020121299621168372 0.012454505997219914 0.0073631023113726168 0.043304665039097696 0.15540334855403351 0.0024193148478889319
decision_type=2 2 2 2 2 2 2 2 2 2
left_child=1 2 -1 -4 5 -2 9 8 -3 -6
right_child=4 7 3 -5 6 -7 -8 -9 -10 -11
leaf_value=0.026216477075682882 -0.016204142682985659 0.004688178757226367 -0.01526024846998175 0.013309943116625391 0.044694074159560865 0.022608108163955341 0.0017782955569935906 -0.031374227645129024 -0.018149537766167262 0.018579912180142599
leaf_weight=9.483194097876547 9.6270216554403323 14.281115293502806 33.607769906520844 13.245600536465643 8.2098852097988182 7.6451843529939643 11.388496264815329 14.505666747689245 24.497452720999718 8.9032560586929304
leaf_count=38 39 58 138 54 33 31 46 60 100 36
internal_value=-0.00120393 -0.0084828 -0.000161416 -0.00666209 0.0155392 0.000760341 0.0233663 -0.0166854 -0.00955374 0.0352586
internal_weight=155.395 109.621 56.3366 46.8534 45.7738 17.2722 28.5016 53.2842 38.7786 17.1131
internal_count=633 448 230 192 185 70 115 218 158 69
is_linear=0
shrinkage=0.03


Tree=17
num_leaves=9
num_cat=0
split_feature=38 25 13 15 6 16 12 38
split_gain=20.4399 6.77289 7.25286 8.34725 5.93834 6.45462 3.67031 3.63429
threshold=0.01074305306165734 0.60172413793103463 1.0510983530803844 1.1023462195571223 0.014735671674632278 -0.11470778875108588 39.07819068192434 0.0084286571121877703
decision_type=2 2 2 2 2 2 2 2
left_child=1 2 7 -4 5 6 -2 -1
right_child=4 -3 3 -5 -6 -7 -8 -9
leaf_value=-0.0053425263752219579 0.018347375983961654 -0.030748248336622843 0.0014476254024933012 -0.024921608706279453 -0.001022287503033621 0.035002769663857292 -0.0060187548055232925 0.0090337175237392587
leaf_weight=31.904771655797958 9.4271712601184863 9.2375326156616193 15.823371917009352 25.346538364887238 12.836403056979178 15.338206395506857 8.151202127337454 27.121525093913078
leaf_count=130 38 38 65 105 52 62 33 110
internal_value=-0.001139 -0.00824987 -0.00546771 -0.0148418 0.0151881 0.0216357 0.00682186 0.00109688
internal_weight=155.187 109.434 100.196 41.1699 45.753 32.9166 17.5784 59.0263
internal_count=633 448 410 170 185 133 71 240
is_linear=0
shrinkage=0.03


Tree=18
num_leaves=10
num_cat=0
split_feature=9 10 13 9 15 35 0 1 28
split_gain=13.97 12.0052 8.96217 7.06305 11.7046 9.18039 6.42572 5.8309 2.70691
threshold=0.093953541986108002 0.0052224137332591578 3.1196215702934365 -0.00072072499340799373 38.71780692875496 0.036955013395850507 0.003544353682086943 0.016283350260715927 10.500000000000002
decision_type=2 2 2 2 2 2 2 2 2
left_child=1 3 6 5 -5 -1 -3 -4 -2
right_child=8 2 7 4 -6 -7 -8 -9 -10
leaf_value=0.016579412403539402 -0.027492369805631606 0.010003166378394445 -0.021304479692584147 -0.027303856300403457 0.01253531411270037 -0.0090086731202070457 0.037085872775484502 0.010812422492325197 -0.0034786063481032515
leaf_weight=20.495462000370026 16.560778766870502 26.091214716434479 7.7377644628286353 20.784308180212978 7.4025039672851554 26.297031462192535 13.073077678680418 8.2506833523511869 8.3135230839252454
leaf_count=83 68 106 32 86 30 107 53 34 34
internal_value=-0.00110807 0.00281675 0.0132693 -0.00482199 -0.0162069 0.00211186 0.0207704 -0.00453754 -0.0208808
internal_weight=155.006 130.132 55.1527 74.9793 28.1868 46.7925 39.1643 15.9884 24.8743
internal_count=633 531 225 306 116 190 159 66 102
is_linear=0
shrinkage=0.03


Tree=19
num_leaves=12
num_cat=0
split_feature=37 19 6 15 23 25 23 26 16 23 36
split_gain=9.82977 13.4784 10.2271 9.55634 8.58011 5.69326 5.45967 4.12752 3.69973 3.58127 2.93705
threshold=0.011290741771607828 0.11542605659224828 0.0095508565524248541 1.1023462195571223 0.77949650427483808 0.066946778711484606 1.2639090466816207 0.24945414847161576 -9.8545672377462612 1.0290908831865024 0.0054299175625218089
decision_type=2 2 2 2 2 2 2 2 2 2 2
left_child=1 3 -3 7 10 9 -7 -1 -5 -6 -2
right_child=4 2 -4 8 5 6 -8 -9 -10 -11 -12
leaf_value=-0.0023403404636374299 0.022717364508040114 0.038748392221417842 0 -0.001269105314253748 -0.008852302726653688 -0.019875823709438158 0.0041333239845706944 0.01947754777809772 -0.031806762915613178 0.016441432697490089 -0.00021155738596041374
leaf_weight=14.019736975431444 7.3988292068243018 14.552089840173723 9.0875068753957731 7.4037503451108924 8.0648639947175962 49.741749167442322 8.2879969626665098 12.346319496631621 8.2617356926202756 7.615805745124816 8.0711667835712415
leaf_count=57 30 59 37 30 33 205 34 50 34 31 33
internal_value=-0.00107418 0.0074923 0.024704 -0.00252972 -0.0075729 -0.0119123 -0.0161734 0.00800039 -0.020001 0.00305421 0.0112413
internal_weight=154.852 65.6711 23.6396 42.0315 89.1804 73.7104 58.0297 26.3661 15.6655 15.6807 15.47
internal_count=633 267 96 171 366 303 239 107 64 64 63
is_linear=0
shrinkage=0.03


Tree=20
num_leaves=10
num_cat=0
split_feature=11 19 15 19 21 24 15 0 20
split_gain=14.2571 11.075 9.63999 11.9031 8.08102 8.9967 4.04155 3.81028 3.03547
threshold=1.0000000180025095e-35 0.19972713763497432 33.656298313291408 0.083807677035164604 0.013753490587943481 0.61127851915626363 -20.82714428189005 -0.012732251140241456 0.017211063612532343
decision_type=2 2 2 2 2 2 2 2 2
left_child=4 2 7 -4 8 6 -6 -2 -1
right_child=1 -3 3 -5 5 -7 -8 -9 -10
leaf_value=0.0061273605316642839 -0.0016478937362122918 0.018686688243935427 0.022624004325025652 -0.010532672609083464 0.0091365777412957851 -0.0087895340244842149 0.032045725332653686 -0.027242635182236144 -0.016269226708913846
leaf_weight=7.5873577296733883 8.1397831141948682 10.363788172602652 10.998228207230566 36.182883888483047 16.467099756002426 8.0198501199483854 20.460442736744881 29.476456105709076 9.5112224817275983
leaf_count=31 33 42 45 148 67 33 83 122 39
internal_value=-0.000404407 -0.00773219 -0.0114901 -0.00189292 0.0104907 0.0170492 0.0232095 -0.0224456 -0.0059446
internal_weight=157.207 95.1611 84.7974 47.1811 62.046 44.9474 36.9275 37.6162 17.0986
internal_count=643 390 348 193 253 183 150 155 70
is_linear=0
shrinkage=0.03


Tree=21
num_leaves=11
num_cat=0
split_feature=11 19 15 19 26 12 20 36 15 15
split_gain=13.454 10.5182 9.18744 11.3791 8.3213 4.28708 3.75671 3.43211 3.36104 3.06183
threshold=1.0000000180025095e-35 0.19972713763497432 33.656298313291408 0.093345437832424119 0.21937500000000001 61.90093400704334 0.023425759839518012 0.0060349393816393213 -13.828085235382554 -0.6539299940728206
decision_type=2 2 2 2 2 2 2 2 2 2
left_child=4 2 9 -4 5 8 7 -6 -1 -2
right_child=1 -3 3 -5 6 -7 -8 -9 -10 -11
leaf_value=-0.0037737096003790894 -0.0046068346820164231 0.018228885388207997 0.01740808711857484 -0.012278528934177347 -0.0037117699494626189 -0.018522745038416843 0.032292480711323526 0.018601412958563671 0.018066613790150392 -0.026997216280309693
leaf_weight=12.476864293217663 10.063221469521521 10.355692222714422 15.655376166105269 31.513009786605835 8.3142818063497561 7.5067799985408774 12.843403473496435 12.29617567360401 8.6156726628541946 27.41780598461628
leaf_count=51 41 42 64 129 34 31 52 50 35 114
internal_value=-0.000381272 -0.00751183 -0.011182 -0.00181304 0.0101953 -0.00127238 0.0199407 0.00940471 0.00528992 -0.0219035
internal_weight=157.058 95.0051 84.6494 47.1684 62.0532 28.5993 33.4539 20.6105 21.0925 37.481
internal_count=643 390 348 193 253 117 136 84 86 155
is_linear=0
shrinkage=0.03


Tree=22
num_leaves=12
num_cat=0
split_feature=11 19 26 3 28 26 28 13 34 20 36
split_gain=12.7265 10.0109 7.90275 7.4334 6.43855 7.16871 6.03089 5.46007 4.4602 3.57035 3.26096
threshold=1.0000000180025095e-35 0.13283880109374685 0.21937500000000001 0.026413932478754457 11.500000000000002 0.12332075471698115 8.5000000000000018 1.9532652893461597 0.010103050245114488 0.023425759839518012 0.0060349393816393213
decision_type=2 2 2 2 2 2 2 2 2 2 2
left_child=2 4 7 6 5 -2 -3 8 -1 10 -4
right_child=1 3 9 -5 -6 -7 -8 -9 -10 -11 -12
leaf_value=-0.0048595610783621884 -0.00042974834846618715 0.00051655331078843654 -0.0036234510976286805 -0.011015657971701955 0.006893461782101316 -0.025145489448736257 0.033350374252273468 -0.015425251379522014 0.022922048721492855 0.031479040987435813 0.018095299650376286
leaf_weight=8.1137251555919701 16.269802987575531 11.823912635445597 8.3102392107248324 12.213163971900938 8.9957865774631482 37.201350435614586 8.3395831882953626 12.339057594537733 8.1344952583312971 12.831869617104529 12.316508725285528
leaf_count=33 67 48 34 50 37 154 34 51 33 52 50
internal_value=-0.000357605 -0.00730443 0.00992363 0.00568416 -0.0142366 -0.0181822 0.0165574 -0.00124328 0.00921488 0.0194197 0.00913533
internal_weight=156.889 94.8436 62.0459 32.3767 62.4669 53.4712 20.1635 28.5873 16.2482 33.4586 20.6267
internal_count=643 390 253 132 258 221 82 117 66 136 84
is_linear=0
shrinkage=0.03


Tree=23
num_leaves=11
num_cat=0
split_feature=11 15 17 21 24 31 5 15 15 14
split_gain=12.0316 7.96885 7.33604 7.27944 8.05304 5.93481 5.56626 5.48873 3.88521 2.54021
threshold=1.0000000180025095e-35 27.914499891972387 2.6462429737043469 0.013753490587943481 0.61127851915626363 -1.4999999999999998 -0.011917642930461545 -0.6539299940728206 -20.82714428189005 20.356816596999924
decision_type=2 2 2 2 2 2 2 2 2 2
left_child=3 7 5 6 8 -3 -1 -2 -5 -9
right_child=1 2 -4 4 -6 -7 -8 9 -10 -11
leaf_value=0.010240108223827591 0 -0.011755392918432184 -0.021094217183608557 0.0081058582996759859 -0.0084893164098586767 0.011325951378522615 -0.020322676666355729 -0.030543463757640308 0.030339319221185986 -0.0050012749170546779
leaf_weight=7.8461055457592037 12.256814047694204 11.298293858766554 9.8314361423253995 16.465566113591194 8.0012741535902006 35.742435246706009 9.236329570412634 18.398654222488407 20.469555661082268 7.1517198532819739
leaf_count=32 50 46 41 67 33 146 38 77 83 30
internal_value=-0.000324936 -0.00709072 0 0.00966839 0.0159042 0.00522305 -0.00589689 -0.0173861 0.0217385 -0.0248206
internal_weight=156.698 94.6794 56.8722 62.0188 44.9364 47.0407 17.0824 37.8072 36.9351 25.5504
internal_count=643 390 233 253 183 192 70 157 150 107
is_linear=0
shrinkage=0.03


Tree=24
num_leaves=10
num_cat=0
split_feature=11 37 10 20 7 23 37 23 9
split_gain=11.4232 9.24798 9.28604 5.22682 7.26391 6.72954 6.21874 4.52148 3.28328
threshold=1.0000000180025095e-35 0.062051497156040532 0.013599918302966587 0.023425759839518012 -0.010479129450372391 0.8838809690994428 0.011290741771607828 0.96464411201049449 0.10627695001192498
decision_type=2 2 2 2 2 2 2 2 2
left_child=3 2 7 4 -1 -6 -5 -2 -4
right_child=1 -3 8 6 5 -7 -8 -9 -10
leaf_value=0.021096495080599464 -0.00045960873170278367 -0.032368648204276665 0.012065517704283974 0.033215971578166581 0.012819903020644381 -0.01561226148596909 0.00086887801209173398 -0.020306777700477931 -0.0054655653391868057
leaf_weight=10.92486125230789 19.213366657495499 9.5029702484607679 29.06100594997406 12.290501818060877 9.2759424746036547 19.202754363417625 10.305374071002005 25.590228915214539 11.176019519567488
leaf_count=44 79 40 119 50 38 79 42 106 46
internal_value=-0.000334507 -0.00693574 -0.00324292 0.00939958 0.00208201 -0.00562578 0.0203434 -0.0124994 0.00681281
internal_weight=156.543 94.5436 85.0406 61.9994 39.4036 28.4787 22.5959 44.8036 40.237
internal_count=643 390 350 253 161 117 92 185 165
is_linear=0
shrinkage=0.03


Tree=25
num_leaves=11
num_cat=0
split_feature=38 36 17 11 36 6 32 23 18 1
split_gain=12.4934 9.73549 11.6477 7.32976 7.95881 6.33003 5.13001 4.39273 3.73008 2.00221
threshold=0.010791728037763145 0.0049522727424689333 -1.3692201733500935 0.043315075043198988 0.0043786339792509241 0.015803586711683311 -0.005719987785726798 1.1074919851197682 0.28875987369041783 -0.0025747402671061344
decision_type=2 2 2 2 2 2 2 2 2 2
left_child=1 3 7 4 -1 8 -4 -3 -2 -10
right_child=5 2 6 -5 -6 -7 -8 -9 9 -11
leaf_value=-0.0023987733493336535 0.0051273853980564384 -0.0033138876261103031 0.00043664166841587363 -0.0098844731409898825 0.031993096052370072 -0.0026872070603431446 -0.023591397649270013 0.02021351276160456 0.010529053530331373 0.037625637077251008
leaf_weight=8.7190342098474556 12.609641879796984 20.35890601575375 8.2264049351215345 10.858382686972616 12.356428042054175 13.527200847864149 41.483990207314491 8.1588048636913282 8.0801622718572634 10.327496528625487
leaf_count=36 51 83 34 45 50 55 173 33 33 42
internal_value=0.000124513 -0.00520352 -0.0109081 0.00814808 0.0181402 0.0132808 -0.0194619 0.00380927 0.02044 0.028664
internal_weight=154.706 110.162 78.2281 31.9338 21.0755 44.5445 49.7104 28.5177 31.0173 18.4077
internal_count=635 454 323 131 86 181 207 116 126 75
is_linear=0
shrinkage=0.03


Tree=26
num_leaves=11
num_cat=0
split_feature=38 3 28 40 6 16 38 21 0 2
split_gain=11.8558 10.7192 9.73542 7.58313 6.04399 9.27054 6.37933 5.41253 4.42674 1.22852
threshold=0.010791728037763145 -0.022333004571299605 2.5000000000000004 0.035913360362268561 0.015803586711683311 -1.6153952988022324 0.011856757862080571 0.015719363012679635 -0.0043619680015887221 -0.028347209119114532
decision_type=2 2 2 2 2 2 2 2 2 2
left_child=1 3 7 9 5 6 -2 -3 -4 -1
right_child=4 2 8 -5 -6 -7 -8 -9 -10 -11
leaf_value=0.0072698016688210135 0.018806234493769017 -0.006633491760421416 -0.0025581400378750048 -0.010269114751462069 -0.0026171127785229753 0.035054817975455434 -0.015331296884525371 0.023704166198386223 -0.020178632341623912 0.029401638875296742
leaf_weight=7.7167187482118651 8.1629467457532865 8.131332993507387 21.018004640936852 7.7657261341810218 13.526391878724096 15.444430902600288 7.3861162811517724 8.5781024396419507 47.360484212636948 9.4148706793785095
leaf_count=31 33 34 86 32 55 63 30 35 198 38
internal_value=0.000145045 -0.0050489 -0.0101779 0.0113755 0.0129644 0.0199657 0.0018363 0.00900823 -0.0152022 0.0220188
internal_weight=154.505 109.985 85.0879 24.8973 44.5199 30.9935 15.5491 16.7094 68.3785 17.1316
internal_count=635 454 353 101 181 126 63 69 284 69
is_linear=0
shrinkage=0.03


Tree=27
num_leaves=9
num_cat=0
split_feature=38 7 18 6 16 38 37 38
split_gain=11.2043 8.90007 6.10347 5.75239 8.82335 6.08008 5.19614 5.06695
threshold=0.010791728037763145 -0.013173468163166254 0.34329197977074782 0.015803586711683311 -1.6153952988022324 0.011856757862080571 0.0049376330772438201 0.0098216860171829439
decision_type=2 2 2 2 2 2 2 2
left_child=1 6 -3 4 5 -2 -1 -4
right_child=3 2 7 -5 -6 -7 -8 -9
leaf_value=0.020274973095207365 0.018348275418614769 -0.030316124058819522 -0.002052136640454606 -0.0025488517279465533 0.034220207390189786 -0.014978516940061967 -0.00332564758007993 -0.022765179789943756
leaf_weight=14.671622961759569 8.1655616164207441 9.9805933088064176 59.270008623600006 13.52555939555168 15.395978599786758 7.3804639279842386 14.13444037735462 11.735196247696875
leaf_count=59 33 42 246 55 63 30 58 49
internal_value=0.000156613 -0.00489539 -0.0100213 0.0126268 0.0194678 0.00176764 0.00874371 -0.00621077
internal_weight=154.259 109.792 80.9858 44.4676 30.942 15.546 28.8061 71.0052
internal_count=635 454 337 181 126 63 117 295
is_linear=0
shrinkage=0.03


Tree=28
num_leaves=9
num_cat=0
split_feature=38 3 28 6 16 38 12 6
split_gain=10.6367 9.80782 6.31042 5.47743 8.40352 5.79557 4.28853 1.90805
threshold=0.010791728037763145 -0.027521415079732933 1.5000000000000002 0.015803586711683311 -1.6153952988022324 0.011856757862080571 45.797085236221342 -0.021324542314937713
decision_type=2 2 2 2 2 2 2 2
left_child=1 7 -3 4 5 -2 -4 -1
right_child=3 2 6 -5 -6 -7 -8 -9
leaf_value=0 0.017903969069164548 0.01131487928641536 -0.023814692954004579 -0.0024823752905350684 0.033420480242793732 -0.014634977156085893 -0.0071915153227058749 0.019775664691251187
leaf_weight=8.4485091567039508 8.166763097047804 9.6656351536512357 20.097490444779396 13.524706259369848 15.340155512094498 7.3741434961557397 59.559669330716133 11.880897939205168
leaf_count=34 33 40 84 55 63 30 248 48
internal_value=0.00013923 -0.00478347 -0.00916482 0.0123005 0.0189882 0.00170088 -0.0120498 0.012892
internal_weight=154.058 109.652 89.3228 44.4058 30.8811 15.5409 79.6572 20.3294
internal_count=635 454 372 181 126 63 332 82
is_linear=0
shrinkage=0.03


Tree=29
num_leaves=9
num_cat=0
split_feature=38 7 18 6 16 38 37 38
split_gain=10.0571 8.26585 5.73705 5.2179 8.00876 5.525 4.83579 4.82182
threshold=0.010791728037763145 -0.013173468163166254 0.34329197977074782 0.015803586711683311 -1.6153952988022324 0.011856757862080571 0.0049376330772438201 0.0098216860171829439
decision_type=2 2 2 2 2 2 2 2
left_child=1 6 -3 4 5 -2 -1 -4
right_child=3 2 7 -5 -6 -7 -8 -9
leaf_value=0.019621683174467362 0.017472704007690069 -0.029368909139416279 -0.0018498891177774787 -0.0024176353349009776 0.032653025941663298 -0.01430033901923649 -0.0031323970958706793 -0.022091364930659833
leaf_weight=14.665353998541834 8.1666498184204084 9.8730275928974134 59.188595160841942 13.523835137486456 15.277625516057014 7.3672087192535409 14.113355055451391 11.665531039237974
leaf_count=59 33 42 246 55 63 30 58 49
internal_value=0.000148029 -0.00463878 -0.00959516 0.0119848 0.0185256 0.00163595 0.00849707 -0.00590334
internal_weight=153.841 109.506 80.7272 44.3353 30.8115 15.5339 28.7787 70.8541
internal_count=635 454 337 181 126 63 117 295
is_linear=0
shrinkage=0.03


Tree=30
num_leaves=11
num_cat=0
split_feature=11 40 34 19 15 5 1 38 15 19
split_gain=9.61512 9.28448 7.06106 8.4006 6.56441 8.53436 6.94832 5.73258 3.06737 3.07513
threshold=-0.010401463969140099 0.01473398977476559 0.023798587721067469 0.094013347853098006 28.937510999064131 0.014014893082036963 -0.017783407461237018 0.009117073049066728 -22.18664367401065 0.099984130158126641
decision_type=2 2 2 2 2 2 2 2 2 2
left_child=1 8 4 -4 6 -6 -2 -5 9 -1
right_child=2 -3 3 7 5 -7 -8 -9 -10 -11
leaf_value=-0.0016021057509454587 0.010577918566440095 -0.0060810084691966856 -0.039319018497477612 0.012995416338093323 0.03153181124125673 0 -0.01609012440301439 -0.019139292686428173 0.036471987037892395 0.022208895040240886
leaf_weight=7.3805653005838376 9.599202021956442 13.891415834426878 8.742687255144121 7.5057597905397406 7.8715134710073462 38.893904224038124 31.933392092585564 8.1964723914861661 8.8026888966560382 7.4819675236940384
leaf_count=30 39 57 37 31 32 161 134 34 36 31
internal_value=-0.000570016 0.0120818 -0.00505241 -0.0186809 -0.000783122 0.00661499 -0.00937911 -0.00319858 0.0229708 0.0107075
internal_weight=150.3 37.5566 112.743 24.4449 88.298 46.7654 41.5326 15.7022 23.6652 14.8625
internal_count=622 154 468 102 366 193 173 65 97 61
is_linear=0
shrinkage=0.03


Tree=31
num_leaves=6
num_cat=0
split_feature=21 1 38 3 28
split_gain=7.83155 9.10656 7.58235 9.31053 8.89452
threshold=0.011631133411509507 0.044392988371938842 0.01059579863023492 -0.0081356446215027894 5.5000000000000009
decision_type=2 2 2 2 2
left_child=-1 2 3 -2 -4
right_child=1 -3 4 -5 -6
leaf_value=-0.021860145386121237 0.010025530236995173 -0.027198418231157595 -0.0060016968362572231 -0.0093032682548359266 0.022320740566159913
leaf_weight=12.162956357002257 35.691830918192863 7.1913092136383048 12.429632619023321 52.786768555641174 29.87248806655407
leaf_count=51 146 30 51 221 123
internal_value=-0.000536323 0.00152181 0.00359992 -0.00129108 0.0137649
internal_weight=150.135 137.972 130.781 88.4786 42.3021
internal_count=622 571 541 367 174
is_linear=0
shrinkage=0.03


Tree=32
num_leaves=7
num_cat=0
split_feature=11 21 6 28 28 19
split_gain=9.01472 7.44129 7.00074 6.5081 4.39386 2.53786
threshold=-0.010401463969140099 0.011797393729312078 0.027929875020650526 8.5000000000000018 8.5000000000000018 0.14421578642457414
decision_type=2 2 2 2 2 2
left_child=4 -2 3 -3 5 -1
right_child=1 2 -4 -5 -6 -7
leaf_value=0.027006401413981806 -0.027718783147103583 -0.0050672097102217014 -0.026326530067070475 0.011239185078077304 -0.00062323911631029932 0.0041699585516791282
leaf_weight=13.702729478478433 9.6678926050662977 64.053933084011078 7.756147786974906 30.978047519922256 14.096480265259741 9.688412278890608
leaf_count=56 41 266 33 128 58 40
internal_value=-0.000536683 -0.00488684 -0.00210814 0.000215777 0.0117197 0.019212
internal_weight=149.944 112.456 102.788 95.032 37.4876 23.3911
internal_count=622 468 427 394 154 96
is_linear=0
shrinkage=0.03


Tree=33
num_leaves=12
num_cat=0
split_feature=37 38 19 36 3 28 13 35 32 26 19
split_gain=8.6039 7.5433 7.8312 7.1477 12.6766 7.06514 6.45815 3.68571 2.2863 2.77154 0.529566
threshold=0.039337582084114316 0.011028996609989928 0.13787895886502211 0.0049415050897072838 -0.012816614776600675 6.5000000000000009 -3.3877154066590189 0.052121326961291688 0.0014800757434426661 0.26546556122448989 0.20485680827475486
decision_type=2 2 2 2 2 2 2 2 2 2 2
left_child=1 3 7 5 -5 -1 -2 -3 9 -8 -4
right_child=6 2 10 4 -6 -7 8 -9 -10 -11 -12
leaf_value=0.031224210034171338 0.0057629719235320811 -0.01086307272887641 0.038285723639014252 0.010882435913924619 -0.017742342725566851 -0.0010064126305115071 0.0035407731038490753 0.014152637607098093 -0.026872808950592859 -0.018949789777353617 0.013649500388357909
leaf_weight=8.3195155858993548 11.357126057147978 9.0978035628795642 7.601656109094618 19.991291210055351 34.955845773220062 12.686559766530989 7.6641696542501467 8.0335732251405698 15.52749942243099 7.1838396191596985 7.4166821241378784
leaf_count=34 47 37 32 81 147 52 32 33 66 30 31
internal_value=-0.000528147 0.00384784 0.0155956 -0.00120491 -0.00704802 0.0127113 -0.0118641 0.000336896 -0.0188669 -0.00740819 0.0300346
internal_weight=149.836 108.103 32.1497 75.9532 54.9471 21.0061 41.7326 17.1314 30.3755 14.848 15.0183
internal_count=622 447 133 314 228 86 175 70 128 62 63
is_linear=0
shrinkage=0.03


Tree=34
num_leaves=9
num_cat=0
split_feature=37 21 36 37 23 14 14 7
split_gain=8.20616 6.75456 7.64877 8.23666 6.30543 3.83443 3.56293 7.63965
threshold=0.039337582084114316 0.011557529135713656 0.0049415050897072838 -0.013254114772900725 0.84354663611653014 57.63761169458963 61.52276502407927 0.010227969183739744
decision_type=2 2 2 2 2 2 2 2
left_child=1 -1 5 -4 -2 -3 7 -6
right_child=4 2 3 -5 6 -7 -8 -9
leaf_value=-0.017736937510928561 0.0056194898466030057 0.028467020835003014 0.015854344256284326 -0.0049699700917513077 -0.021528321749620667 0.00031868182418599709 -0.034008936003765436 0.012411823584019922
leaf_weight=9.5339861065149289 11.573508352041243 15.550823271274568 22.646151900291443 52.859891653060913 14.350088521838194 7.317573368549346 8.5338291823863965 7.1759910881519309
leaf_count=40 48 64 94 219 61 30 36 30
internal_value=-0.000488046 0.00378595 0.00633314 0.00133017 -0.0115752 0.0208131 -0.0186009 -0.00948306
internal_weight=149.542 107.908 98.3744 75.506 41.6334 22.8684 30.0599 21.5261
internal_count=622 447 407 313 175 94 127 91
is_linear=0
shrinkage=0.03


Tree=35
num_leaves=10
num_cat=0
split_feature=13 19 19 34 19 20 19 24 34
split_gain=8.33286 8.16 6.44595 6.75931 6.36297 3.10647 4.12245 3.65252 4.20783
threshold=3.2332986452836683 0.063726104152239851 0.083807677035164604 0.017348878600102261 0.16555155336002944 0.02196448475809866 0.085399082142490076 1.0000000180025095e-35 0.016536368096459756
decision_type=2 2 2 2 2 2 2 2 2
left_child=1 -1 3 -3 -4 6 -2 -7 -9
right_child=5 2 4 -5 -6 7 -8 8 -10
leaf_value=-0.015779350356862804 -0.0038427163775355462 0.034731212418394754 -0.0020964803542873802 0 0.016386458096199596 -0.017996344294073745 -0.03143708397333761 0.016867669674426145 -0.0095082416118440604
leaf_weight=13.092246785759924 12.030011087656023 11.98682923614979 53.281184002757072 7.2094101607799521 21.588185042142868 7.1064016819000271 9.5686468034982664 9.853695362806322 7.5879693031311026
leaf_count=55 51 49 220 30 89 30 41 41 32
internal_value=0 0.00454096 0.00779496 0.0225604 0.00332552 -0.010441 -0.0183315 -0.00207557 0.00482363
internal_weight=153.305 107.158 94.0656 19.1962 74.8694 46.1467 21.5987 24.5481 17.4417
internal_count=638 443 388 79 309 195 92 103 73
is_linear=0
shrinkage=0.03


Tree=36
num_leaves=9
num_cat=0
split_feature=36 36 34 17 21 15 25 23
split_gain=7.40578 9.38644 7.0369 8.21597 6.2879 13.7467 5.83673 4.95394
threshold=0.004979456732467284 0.0046137422758355711 -0.037044711368788723 -1.3692201733500935 0.014001376651447395 50.454675761666806 0.27448630136986307 0.78743524534023457
decision_type=2 2 2 2 2 2 2 2
left_child=1 4 -2 6 -1 -6 -4 -5
right_child=2 -3 3 7 5 -7 -8 -9
leaf_value=-0.01993459124944786 0.014222791223590762 0.030785573391957526 -0.0070329437748780955 0.0017469891172326383 0.029293663171609752 -0.015307945613785116 0.015227471290520281 -0.017957975105549216
leaf_weight=7.4434797614812878 14.09170228242874 11.995814010500906 19.472739011049271 12.714714884757994 11.5516414642334 9.3111252188682538 18.290796473622322 48.294735491275787
leaf_count=31 59 49 80 53 48 39 75 204
internal_value=0 0.0106719 -0.00401042 -0.0069912 0.000183963 0.00913394 0.00359528 -0.0136882
internal_weight=153.167 40.3021 112.865 98.773 28.3062 20.8628 37.7635 61.0095
internal_count=638 167 471 412 118 87 155 257
is_linear=0
shrinkage=0.03


Tree=37
num_leaves=9
num_cat=0
split_feature=13 19 19 34 24 36 7 38
split_gain=7.80346 7.63523 6.15669 6.34719 6.18372 5.19918 2.78662 3.98642
threshold=3.2332986452836683 0.063726104152239851 0.083807677035164604 0.017348878600102261 -0.48834688346883465 0.0050164524044988478 -0.008843915641502326 0.010825274427929264
decision_type=2 2 2 2 2 2 2 2
left_child=1 -1 3 -3 -4 -2 -7 -8
right_child=5 2 4 -5 -6 6 7 -9
leaf_value=-0.015296632587876814 0.0048661798778613435 0.03373192108418361 -0.010364670175251734 0 0.0083849575213737638 0 -0.028440975369633123 -0.0019856735740884268
leaf_weight=13.029172375798224 12.621179282665251 12.012733682990076 19.463862210512161 7.2024474889039984 55.304536893963814 7.2017460763454428 16.917931780219082 9.2329572737216932
leaf_count=55 53 49 80 30 229 30 74 38
internal_value=0 0.00439437 0.00754231 0.021961 0.00316576 -0.010125 -0.0161765 -0.0204381
internal_weight=152.987 107.013 93.9836 19.2152 74.7684 45.9738 33.3526 26.1509
internal_count=638 443 388 79 309 195 142 112
is_linear=0
shrinkage=0.03


Tree=38
num_leaves=11
num_cat=0
split_feature=13 25 36 4 0 36 36 25 25 11
split_gain=7.39153 8.08317 4.96454 4.88606 4.69952 4.21403 4.26815 3.93181 3.25457 1.08144
threshold=3.2332986452836683 0.27993421052631584 0.0050164524044988478 -0.0011582339040849263 -0.0066884894197328229 0.0048865997776431375 0.0081443842700233398 0.50196850393700798 0.15540334855403351 -0.007757461121214281
decision_type=2 2 2 2 2 2 2 2 2 2
left_child=1 5 -2 4 -3 -1 -7 -5 -4 -10
right_child=2 3 8 7 -6 6 -8 -9 9 -11
leaf_value=0.010727821762219685 0.0047369583958288457 0.017500058444482238 -0.0014289575911720668 0.030138096620038173 -0.0072919989521717313 -0.011397522323753705 0.010623785018765427 0.0013339214844755142 -0.0071232782734234794 -0.027740006278299978
leaf_weight=13.036942332983015 12.630921289324759 9.5440722554922122 11.940831258893011 16.156270578503612 14.373428598046301 39.151812225580215 7.4565195292234412 7.3013062626123419 7.4119444340467444 13.861264720559122
leaf_count=54 53 39 51 67 60 162 31 30 31 60
internal_value=0 0.00426506 -0.00987879 0.013311 0.00260931 -0.00287534 -0.00727375 0.022571 -0.0158163 -0.0224307
internal_weight=152.865 107.02 45.845 47.3751 23.9175 59.6453 46.6083 23.4576 33.214 21.2732
internal_count=638 443 195 196 99 247 193 97 142 91
is_linear=0
shrinkage=0.03


Tree=39
num_leaves=10
num_cat=0
split_feature=13 25 21 25 40 23 11 22 22
split_gain=7.05191 7.64458 4.8859 4.74729 4.69852 4.60533 4.57114 4.46939 1.41781
threshold=3.2332986452836683 0.27993421052631584 0.012589911165141502 0.15954545454545457 0.060061715791568722 0.7856781936346845 -0.011787293761481908 -0.33784803832799332 0.050584348361742755
decision_type=2 2 2 2 2 2 2 2 2
left_child=1 5 -3 8 -4 -1 -5 -7 -2
right_child=3 2 4 6 -6 7 -8 -9 -10
leaf_value=0.011774987880212954 0.01127585887716127 -0.006708795879487737 0.021752157379934942 0 -0.0025091310575664247 0.010757044665102442 -0.023809094375272465 -0.011530487507922993 -0.004352489845614994
leaf_weight=12.562729164957998 7.5601042360067359 7.3678520917892447 32.776205375790596 9.6091356575489062 7.2267282754182807 7.7235486954450598 20.405676543712616 39.326781004667282 8.1839243024587613
leaf_count=52 32 31 135 40 30 32 88 163 35
internal_value=0 0.00417506 0.0129724 -0.00964955 0.0171013 -0.00276638 -0.0163776 -0.00727663 0.00273179
internal_weight=152.743 106.984 47.3708 45.7588 40.0029 59.6131 30.0148 47.0503 15.744
internal_count=638 443 196 195 165 247 128 195 67
is_linear=0
shrinkage=0.03


Tree=40
num_leaves=14
num_cat=0
split_feature=11 32 34 26 37 15 15 35 34 19 21 37 40
split_gain=6.70542 6.91153 8.08963 6.11443 5.18476 4.5225 4.10891 3.17947 6.16154 3.01173 2.91314 2.26796 1.12257
threshold=-0.0014317450357229087 0.00050812299854785536 0.0078169247852096797 0.1253930817610063 0.039337582084114316 28.937510999064131 23.594801154241903 0.041078361526139202 0.011488402857059101 0.095704298463174839 0.018376498986159551 0.024197012246840014 0.0027888434357620233
decision_type=2 2 2 2 2 2 2 2 2 2 2 2 2
left_child=3 2 6 12 5 -3 -2 11 -9 -4 -6 -5 -1
right_child=1 4 9 7 10 -7 -8 8 -10 -11 -12 -13 -14
leaf_value=0.00059318489205320677 -0.0010960622601193393 -0.016202061818920775 -0.017848327980823524 0.03298898476973991 -0.033790359490875374 0.005873132969033368 0.02265935269050973 -0.011638134710134643 0.01763081062837488 0.001331084431111266 -0.0054043896272460449 0.0062054246722404709 -0.013416847574056787
leaf_weight=7.2224128246307355 7.826175436377528 12.043863579630854 11.524072393774988 10.274086251854898 9.8433936834335345 17.694125860929489 17.675793170928955 8.5013863444328326 14.044777289032934 12.785978257656096 7.7131178379058829 7.2389457672834387 7.1321345716714859
leaf_count=30 33 51 49 43 43 74 73 35 58 53 33 30 30
internal_value=0.000909742 -0.00369491 0.00382865 0.00923274 -0.0117571 -0.00305228 0.0152742 0.0151669 0.00593436 -0.00785634 -0.0239146 0.0244576 -0.00624009
internal_weight=151.52 97.1065 49.812 54.4137 47.2945 29.738 25.502 40.0592 22.5462 24.3101 17.5565 17.513 14.3545
internal_count=635 409 208 226 201 125 106 166 93 102 76 73 60
is_linear=0
shrinkage=0.03


Tree=41
num_leaves=10
num_cat=0
split_feature=11 6 8 16 37 41 22 15 36
split_gain=6.39026 6.83452 7.60114 11.9193 7.93697 5.66004 6.08827 5.38916 3.02482
threshold=-0.0014317450357229087 0.027929875020650526 0.014597485399549715 -12.392155863100426 0.058855351128181195 1.0000000180025095e-35 0.29448371810154245 -18.090549072224441 0.0076378465208449446
decision_type=2 2 2 2 2 2 2 2 2
left_child=5 2 3 -2 -4 8 7 -7 -1
right_child=1 -3 4 -5 -6 6 -8 -9 -10
leaf_value=0.0048002324173580793 0.0083288621666252304 -0.028619570430552327 0.014852274000757068 -0.020224734753959271 -0.016338248524686929 -0.019565448185336697 0.020292515648613941 0.0049562557324016295 0.034864858659994342
leaf_weight=7.3199417442083341 19.875539869070053 6.9962023347616187 32.79573218524456 30.180933967232704 7.124125510454177 11.110913068056105 10.179240703582762 17.909556970000271 7.854696586728096
leaf_count=30 81 31 137 130 30 46 42 75 33
internal_value=0.000875319 -0.00362117 -0.000934251 -0.00871462 0.00841423 0.00900452 0.00216757 -0.00460483 0.0234835
internal_weight=151.347 96.9725 89.9763 50.0565 39.9199 54.3743 39.1997 29.0205 15.1746
internal_count=635 409 378 211 167 226 163 121 63
is_linear=0
shrinkage=0.03


Tree=42
num_leaves=8
num_cat=0
split_feature=38 13 16 16 38 0 32
split_gain=9.85264 4.79244 5.04199 5.96394 5.80085 3.4501 2.5411
threshold=0.014271091893598563 2.6360600213404628 -6.3945673184880247 -11.059763704537735 0.0077277570654196272 0.029000836831664104 0.0011630836341502972
decision_type=2 2 2 2 2 2 2
left_child=1 2 3 -1 -4 6 -3
right_child=-2 5 4 -5 -6 -7 -8
leaf_value=0.0031838168952899415 0.026856752992367207 -0.0011657907735682738 -0.0060522708481362195 -0.021721221294492894 0.013036979779572539 0.0068038817659371734 -0.018297800321615876
leaf_weight=18.941796407103542 10.134232833981512 14.249717578291891 17.886403858661652 12.232344418764113 45.507316276431084 7.738621160387992 24.448199957609177
leaf_count=77 43 61 75 52 188 33 106
internal_value=0.000854022 -0.00125942 0.00250109 -0.00685682 0.00740123 -0.00901442 -0.0127252
internal_weight=151.139 141.004 94.5679 31.1741 63.3937 46.4365 38.6979
internal_count=635 592 392 129 263 200 167
is_linear=0
shrinkage=0.03


Tree=43
num_leaves=8
num_cat=0
split_feature=38 13 11 26 14 36 9
split_gain=9.40975 4.52257 4.57341 8.97729 6.28572 3.22387 4.29658
threshold=0.014271091893598563 2.6360600213404628 0.0024513693636361027 0.24945414847161576 21.738026633470557 0.0066665461986932864 0.08355865971554606
decision_type=2 2 2 2 2 2 2
left_child=1 2 3 -1 -4 6 -3
right_child=-2 5 4 -5 -6 -7 -8
leaf_value=-0.0034502063335936899 0.026298499006250566 0.0043811003476087757 -0.014879136317421176 0.025069352461182453 0.0045859930214440991 -0.018493042163890923 -0.019710290867406187
leaf_weight=17.969530060887337 10.08212326467037 22.244914591312412 21.49070779979229 17.319853767752647 37.729433819651604 17.075807392597198 7.0189909487962714
leaf_count=74 43 95 91 71 156 74 31
internal_value=0.000827424 -0.00123349 0.00241546 0.0107386 -0.00248811 -0.00877782 -0.00180872
internal_weight=150.931 140.849 94.5095 35.2894 59.2201 46.3397 29.2639
internal_count=635 592 392 145 247 200 126
is_linear=0
shrinkage=0.03


Tree=44
num_leaves=8
num_cat=0
split_feature=38 37 32 19 19 6 4
split_gain=8.98834 6.16729 5.93423 5.49413 10.1269 8.1338 5.05087
threshold=0.014271091893598563 0.039975666649975324 -0.0036014378655609964 0.11542605659224828 0.094013347853098006 0.0089947531122876474 0.053774160976265535
decision_type=2 2 2 2 2 2 2
left_child=1 3 -3 4 -1 -5 -4
right_child=-2 2 6 5 -6 -7 -8
leaf_value=0.0049773071103292391 0.025756847035711673 0.0044044525492398694 -0.027285950100279326 0.021155125912216969 -0.019793438517741027 -0.0081914906614858358 0
leaf_weight=47.414836287498474 10.028197780251501 12.848643958568571 17.67323769629002 24.349233001470566 19.040800809860229 10.36197245121002 9.0182996839284879
leaf_count=198 43 54 78 101 79 44 38
internal_value=0.000802017 -0.00120745 -0.0110244 0.00262334 -0.00227179 0.012017 -0.0187635
internal_weight=150.735 140.707 39.5402 101.167 66.4556 34.7112 26.6915
internal_count=635 592 170 422 277 145 116
is_linear=0
shrinkage=0.03


Tree=45
num_leaves=8
num_cat=0
split_feature=21 36 37 33 11 10 4
split_gain=5.39225 6.99608 11.4077 13.2981 11.1039 8.70722 5.02699
threshold=0.011557529135713656 0.0050164524044988478 0.0046297695763888322 0.58838848039215697 0.017137743125382524 0.010453913425388596 0.033692002442002551
decision_type=2 2 2 2 2 2 2
left_child=-1 4 3 -3 -2 -4 -6
right_child=1 2 5 -5 6 -7 -8
leaf_value=-0.016409718014770914 0.034644913092219697 0.023010019279548231 -0.021364827569494642 -0.010714636175000257 0.010245385671431956 0.0002349651339818396 -0.01627584635151302
leaf_weight=13.059697821736334 12.085278153419493 25.831515356898308 27.878857880830765 14.704777359962462 16.221149682998661 35.206484690308571 7.8762183636426917
leaf_count=56 50 107 119 63 67 148 33
internal_value=0.000539831 0.00243805 -0.00145043 0.010495 0.0134596 -0.00944321 0.000419157
internal_weight=152.864 139.804 103.622 40.5363 36.1826 63.0853 24.0974
internal_count=643 587 437 170 150 267 100
is_linear=0
shrinkage=0.03


Tree=46
num_leaves=8
num_cat=0
split_feature=38 16 7 16 19 38 7
split_gain=10.4951 5.74225 8.79402 7.08707 8.30989 4.77445 2.0264
threshold=0.014271091893598563 -7.4078359539434002 -0.014080500206029686 -13.857053996317221 0.10234963951307439 0.01059579863023492 -0.018406827843391618
decision_type=2 2 2 2 2 2 2
left_child=1 3 -3 4 -1 -4 -5
right_child=-2 2 5 6 -6 -7 -8
leaf_value=0.022525155844479765 0.027632196177726536 0.023795679960232505 -0.0055759759238507489 -0.0059888913601687573 -0.013393207808560926 0.0093219296851615608 -0.030748138959849639
leaf_weight=7.8484172672033337 9.9310667514801008 12.445107877254484 66.584641203284264 7.501655429601672 11.940290585160254 24.655701726675034 11.72084493935108
leaf_count=32 43 51 282 31 49 103 52
internal_value=0.000522585 -0.00161632 0.00198502 -0.0111838 0.000923961 -0.00127567 -0.0232675
internal_weight=152.628 142.697 103.685 39.0112 19.7887 91.2403 19.2225
internal_count=643 600 436 164 81 385 83
is_linear=0
shrinkage=0.03


Tree=47
num_leaves=8
num_cat=0
split_feature=38 36 6 40 40 23 38
split_gain=10.0258 7.1361 8.18025 7.06167 5.88222 5.10873 4.68479
threshold=0.014271091893598563 0.0050164524044988478 -0.0047007505409094449 -0.018331611346507123 0.029552630041328468 1.1786072102663125 0.010674946576874482
decision_type=2 2 2 2 2 2 2
left_child=1 3 5 -1 -5 -3 -4
right_child=-2 2 6 4 -6 -7 -8
leaf_value=-0.013211728557942734 0.027087366431184534 -0.0014107474427187251 -0.017393499014668055 0.025334572696903458 0 0.022277778737893199 0.00029491946553378588
leaf_weight=8.4342541694641096 9.8680777400732023 29.23713093996048 45.703606858849525 18.144644036889076 15.787575468420981 8.796007499098776 16.401355639100075
leaf_count=35 43 122 198 75 66 36 68
internal_value=0.000515361 -0.00157031 -0.00600033 0.00836093 0.0145774 0.00453233 -0.0126247
internal_weight=152.373 142.505 100.138 42.3665 33.9322 38.0331 62.105
internal_count=643 600 424 176 141 158 266
is_linear=0
shrinkage=0.03


Tree=48
num_leaves=8
num_cat=0
split_feature=38 3 16 38 16 36 20
split_gain=9.57149 7.07978 9.37053 6.85228 5.95099 3.79159 0.0782936
threshold=0.014271091893598563 0.039421124322838182 -6.3945673184880247 0.010899820236199332 -13.857053996317221 0.0050164524044988478 0.023188319284084862
decision_type=2 2 2 2 2 2 2
left_child=1 2 4 -4 -1 -3 -7
right_child=-2 5 3 -5 -6 6 -8
leaf_value=0.0024586283813209193 0.026558340123488317 0 0.0024789384617673119 0.023857386438995782 -0.018844505325132752 -0.010004449879029723 -0.028212665450624209
leaf_weight=19.072723984718323 9.803524121642111 8.0843297541141528 58.554173901677132 16.651199355721474 23.64558969438076 6.9482398629188564 9.3367000967264158
leaf_count=78 43 34 246 70 102 30 40
internal_value=0.000519956 -0.0015133 0.00148937 0.00790203 -0.00931315 -0.0156231 -0.0232082
internal_weight=152.096 142.293 117.924 75.2054 42.7183 24.3693 16.2849
internal_count=643 600 496 316 180 104 70
is_linear=0
shrinkage=0.03


Tree=49
num_leaves=9
num_cat=0
split_feature=38 36 6 36 37 38 18 35
split_gain=9.15121 6.66078 7.70597 6.12066 5.05224 4.32734 3.56072 1.4864
threshold=0.014271091893598563 0.0050164524044988478 -0.0047007505409094449 0.0044368062295989533 0.0043833246663369527 0.010674946576874482 0.56682317182887187 0.037607981997207725
decision_type=2 2 2 2 2 2 2 2
left_child=1 3 4 6 -3 -4 -1 -5
right_child=-2 2 5 7 -6 -7 -8 -9
leaf_value=-0.013204050120344172 0.026044240903910582 0.015438221800627093 -0.016828530626432331 0.026510747734989831 -0.005184991459953184 0.0001682418616598035 0.0082610887841025639 0.004849406525639182
leaf_weight=11.265374511480333 9.7376096397638303 17.895212188363075 45.424706116318703 11.473482325673105 20.092918023467064 16.37141390144825 12.148381769657133 7.4389539062976828
leaf_count=47 43 74 198 47 84 68 51 31
internal_value=0.000506895 -0.00147604 -0.00577105 0.00811461 0.0044412 -0.0122264 -0.00170284 0.0199865
internal_weight=151.848 142.11 99.7843 42.3262 37.9881 61.7961 23.4138 18.9124
internal_count=643 600 424 176 158 266 98 78
is_linear=0
shrinkage=0.03


end of trees

feature_importances:
macro_topix_vol_20=44
bb_bandwidth=31
macro_usdjpy_vol_20=29
macd_hist=23
return_5d=19
macd_signal=19
macro_topix_ret_20=19
ma_20_60_cross=16
rsi_change=16
vol_ratio=16
div_ma_5=15
volatility=15
macro_usdjpy_ret_60=13
month=12
upper_shadow_pct=11
macro_nikkei_ret_20=11
div_ma_10=10
macro_usdjpy_ret_20=10
macd=9
atr_pct=9
lower_shadow_pct=8
gap=8
return_1d=7
div_ma_60=7
rsi=6
macd_hist_change=6
return_2d=4
return_10d=4
bb_pct_b=4
candle_body_pct=4
return_20d=3
ma_5_20_cross=3
vol_change=3
return_3d=2
price_position_20d=2
div_ma_20=1
streak=1
macro_topix_above_200dma=1
macro_nikkei_above_200dma=1

parameters:
[boosting: gbdt]
[objective: binary]
[metric: binary_logloss]
[tree_learner: serial]
[device_type: cpu]
[data_sample_strategy: bagging]
[data: ]
[valid: ]
[num_iterations: 50]
[learning_rate: 0.03]
[num_leaves: 15]
[num_threads: 0]
[seed: 42]
[deterministic: 0]
[force_col_wise: 0]
[force_row_wise: 0]
[histogram_pool_size: -1]
[max_depth: 4]
[min_data_in_leaf: 30]
[min_sum_hessian_in_leaf: 0.001]
[bagging_fraction: 0.7]
[pos_bagging_fraction: 1]
[neg_bagging_fraction: 1]
[bagging_freq: 5]
[bagging_seed: 400]
[bagging_by_query: 0]
[feature_fraction: 0.6]
[feature_fraction_bynode: 1]
[feature_fraction_seed: 30056]
[extra_trees: 0]
[extra_seed: 12879]
[early_stopping_round: 0]
[early_stopping_min_delta: 0]
[first_metric_only: 0]
[max_delta_step: 0]
[lambda_l1: 0.5]
[lambda_l2: 2]
[linear_lambda: 0]
[min_gain_to_split: 0]
[drop_rate: 0.1]
[max_drop: 50]
[skip_drop: 0.5]
[xgboost_dart_mode: 0]
[uniform_drop: 0]
[drop_seed: 17869]
[top_rate: 0.2]
[other_rate: 0.1]
[min_data_per_group: 100]
[max_cat_threshold: 32]
[cat_l2: 10]
[cat_smooth: 10]
[max_cat_to_onehot: 4]
[top_k: 20]
[monotone_constraints: ]
[monotone_constraints_method: basic]
[monotone_penalty: 0]
[feature_contri: ]
[forcedsplits_filename: ]
[refit_decay_rate: 0.9]
[cegb_tradeoff: 1]
[cegb_penalty_split: 0]
[cegb_penalty_feature_lazy: ]
[cegb_penalty_feature_coupled: ]
[path_smooth: 0]
[interaction_constraints: ]
[verbosity: -1]
[saved_feature_importance_type: 0]
[use_quantized_grad: 0]
[num_grad_quant_bins: 4]
[quant_train_renew_leaf: 0]
[stochastic_rounding: 1]
[linear_tree: 0]
[max_bin: 255]
[max_bin_by_feature: ]
[min_data_in_bin: 5]
[bin_construct_sample_cnt: 200000]
[data_random_seed: 175]
[is_enable_sparse: 1]
[enable_bundle: 1]
[use_missing: 1]
[zero_as_missing: 0]
[feature_pre_filter: 1]
[pre_partition: 0]
[two_round: 0]
[header: 0]
[label_column: ]
[weight_column: ]
[group_column: ]
[ignore_column: ]
[categorical_feature: ]
[forcedbins_filename: ]
[precise_float_parser: 0]
[parser_config_file: ]
[objective_seed: 16083]
[num_class: 1]
[is_unbalance: 0]
[scale_pos_weight: 1]
[sigmoid: 1]
[boost_from_average: 1]
[reg_sqrt: 0]
[alpha: 0.9]
[fair_c: 1]
[poisson_max_delta_step: 0.7]
[tweedie_variance_power: 1.5]
[lambdarank_truncation_level: 30]
[lambdarank_norm: 1]
[label_gain: ]
[lambdarank_position_bias_regularization: 0]
[eval_at: ]
[multi_error_top_k: 1]
[auc_mu_weights: ]
[num_machines: 1]
[local_listen_port: 12400]
[time_out: 120]
[machine_list_filename: ]
[machines: ]
[gpu_platform_id: -1]
[gpu_device_id: -1]
[gpu_use_dp: 0]
[num_gpu: 1]

end of parameters

pandas_categorical:[]
