tree
version=v4
num_class=1
num_tree_per_iteration=1
label_index=0
max_feature_idx=44
objective=binary sigmoid:1
feature_names=return_1d return_2d return_3d return_5d return_10d return_20d div_ma_5 div_ma_10 div_ma_20 div_ma_60 ma_5_20_cross ma_20_60_cross rsi rsi_change macd macd_signal macd_hist macd_hist_change bb_pct_b bb_bandwidth atr_pct volatility vol_change vol_ratio candle_body_pct upper_shadow_pct lower_shadow_pct day_of_week month is_month_end is_month_start streak gap price_position_20d macro_usdjpy_ret_20 macro_usdjpy_ret_60 macro_usdjpy_vol_20 macro_topix_ret_20 macro_topix_vol_20 macro_topix_above_200dma macro_nikkei_ret_20 macro_nikkei_above_200dma macro_nikkei_vi macro_jgb10y macro_bias_score
feature_infos=[-0.16666666666666663:0.19061662198391427] [-0.27176781002638517:0.20463980463980458] [-0.31885488647581439:0.2192288680177954] [-0.30566037735849061:0.26472386386794367] [-0.40156114483954897:0.3340482573726542] [-0.42773857011353178:0.36497481596280501] [-0.23051187688190033:0.13647882781182316] [-0.31586644523213447:0.16540223841358076] [-0.36153232242617722:0.22639738358018704] [-0.38482341534449516:0.40727750986409467] [-0.24676845031949657:0.16145407764120923] [-0.2281952695356203:0.21104476411055106] [12.877263581488933:90.803484995159721] [-24.751632131705939:24.964920671622636] [-246.11018337863516:192.88370672358906] [-208.57889151587599:172.33347138171652] [-109.77008339350925:51.563713697091032] [-26.431330252652195:23.582627904451954] [-0.30566024095514865:1.3295331420727112] [0.046549537977757842:0.69971979479703872] [0.019844624240228637:0.10328125] [0.011947526579058084:0.076702792416382878] [-0.84136746799875117:4.9555205668175555] [0.45201244855463885:2.099961599919967] [-0.9576271186440678:1] [0:0.88803088803088803] [0:0.92567567567567566] [0:4] [1:12] none [0:1] [-6:7] [-0.1871980676328503:0.20639834881320951] [0.0028790786948176585:1] [-0.10288784967882303:0.08505611680078462] [-0.13986255140503889:0.13160084488587853] [0.0024251968629527628:0.011841457708833433] [-0.22586490939044479:0.19897850606512013] [0.0040695656522785678:0.036437277456277402] [0:1] [-0.22859537662338159:0.23022297972565586] [0:1] none none none
tree_sizes=1082 1405 1518 1193 1183 1180 878 1099 1180 1291 1094 1199 1306 1207 1206 1289 997 1405 1202 1100 1074 1086 1095 1392 1283 1195 1090 1211 1206 1093 1053 966 970 1203 1206 1101 1099 1079 1314 1078 866 780 770 792 760 784 1312 783 1107 891

Tree=0
num_leaves=9
num_cat=0
split_feature=7 35 16 37 36 34 5 16
split_gain=14.7012 15.094 13.9794 12.071 10.5206 8.83427 4.39621 4.32766
threshold=-0.013035866558157326 -0.073896169488852623 -26.843634326730228 0.0078052237865967608 0.0072104431564550984 0.015885957688813627 -0.026351087657912328 -9.5567792356252799
decision_type=2 2 2 2 2 2 2 2
left_child=2 -2 -1 6 7 -5 -3 -4
right_child=1 3 4 5 -6 -7 -8 -9
leaf_value=-0.17243266867133428 -0.12638940892275893 -0.16176531141060779 -0.11176776000193694 -0.14891038363234155 -0.15973584377494551 -0.16979244449468084 -0.18960893094172915 -0.13924676878140385
leaf_weight=9.1947885155677778 7.7037417292594901 10.437327504158022 11.431358695030211 38.518708646297455 9.9403119087219221 30.566459119319916 18.389577031135559 19.135100424289707
leaf_count=37 31 42 46 155 40 123 74 77
internal_value=-0.15556 -0.161956 -0.142508 -0.165418 -0.134853 -0.1581 -0.181119 -0.126496
internal_weight=155.317 105.616 49.7016 97.9121 40.5068 69.0852 28.8269 30.5665
internal_count=625 425 200 394 163 278 116 123
is_linear=0
shrinkage=1


Tree=1
num_leaves=12
num_cat=0
split_feature=8 28 20 16 38 36 7 16 28 12 12
split_gain=14.9223 19.1499 13.6528 13.2882 8.98621 7.28855 7.39324 7.26134 6.51946 4.5881 3.49059
threshold=-0.0063465166105783092 6.5000000000000009 0.043705430718406713 -26.843634326730228 0.0072297456335562596 0.0069713536265523174 -0.014680578576150537 -4.6110574812513709 4.5000000000000009 49.797517747938294 66.76323951177217
decision_type=2 2 2 2 2 2 2 2 2 2 2
left_child=3 4 9 -1 10 6 -5 -7 -6 -3 -2
right_child=1 2 -4 5 8 7 -8 -9 -10 -11 -12
leaf_value=-0.017858277141705122 0.0039054772109261156 -0.0052676820366300255 0.0095606802456104593 0.03428833520355213 -0.014206767141005376 -0.013463458591375807 0.0028419919283150801 0.021064097994032398 0.012122313236828034 -0.03544633415290456 0.033242859599470154
leaf_weight=10.175068050622938 8.6939861327409762 7.6951206028461447 8.2020362615585309 21.908280670642849 21.3603505641222 10.933861628174784 11.43121111392975 7.4562773555517188 10.931355491280554 28.304558232426643 8.197972044348715
leaf_count=41 35 31 33 88 86 44 46 30 44 114 33
internal_value=-0.000708792 -0.00830379 -0.0222442 0.0104151 0.0043111 0.0167133 0.0247017 0.000493054 -0.00466927 -0.030007 0.0209494
internal_weight=155.29 93.3854 44.2017 61.9047 49.1837 51.7296 33.3395 18.3901 32.2917 35.9997 16.892
internal_count=625 376 178 249 198 208 134 74 130 145 68
is_linear=0
shrinkage=0.03


Tree=2
num_leaves=13
num_cat=0
split_feature=8 28 20 37 37 6 11 38 36 2 12 35
split_gain=14.0643 18.1932 12.9992 10.08 17.3225 7.32014 5.09689 6.55245 5.38673 4.68645 4.32739 2.63588
threshold=-0.0063465166105783092 6.5000000000000009 0.043705430718406713 0.0057720177908081602 0.05783675393066668 -0.0057261505455222699 0.0055832250456512309 0.011856757862080571 0.0065992573228417662 0.00037608190586491125 49.797517747938294 0.02950493322693826
decision_type=2 2 2 2 2 2 2 2 2 2 2 2
left_child=5 3 10 -2 -5 6 7 -1 -8 -7 -3 -11
right_child=1 2 -4 4 -6 9 8 -9 -10 11 -12 -13
leaf_value=0.041545421995767808 -0.02049364017601903 -0.0051441071058415822 0.0093247400687063407 0.022836712531374179 -0.018896595969248777 -0.01905733900675443 0.0181057751027109 0.0033758306584772855 -0.010735883516696002 -0.003604517728671756 -0.034558766434296638 0.017738997073514673
leaf_weight=11.210908606648447 9.4218663871288282 7.6916752606630316 8.2077978253364545 29.335255473852158 10.433139920234678 7.9544555395841625 10.955633848905565 7.7088285982608786 8.1919188946485502 8.4517401307821256 28.213280603289604 7.4585193991661063
leaf_count=45 38 31 33 118 42 32 44 31 33 34 114 30
internal_value=-0.000668062 -0.00805042 -0.02166 0.00423078 0.0111484 0.010123 0.0180142 0.0285199 0.00520876 -0.00230408 -0.0292571 0.00642711
internal_weight=155.235 93.303 44.1128 49.1903 39.7684 61.932 38.0673 18.9197 19.1476 23.8647 35.905 15.9103
internal_count=625 376 178 198 160 249 153 76 77 96 145 64
is_linear=0
shrinkage=0.03


Tree=3
num_leaves=10
num_cat=0
split_feature=8 10 19 36 38 23 36 35 14
split_gain=13.3567 16.1986 8.30192 7.81514 6.9175 6.67843 6.40395 6.05072 5.35378
threshold=-0.0063465166105783092 0.030332528321059152 0.22139107765831509 0.0046118762527031969 0.0069205199773228164 0.79275201612871071 0.0069713536265523174 0.0087343649833020471 -13.109563912014549
decision_type=2 2 2 2 2 2 2 2 2
left_child=2 4 6 -3 -2 -6 8 -5 -1
right_child=1 3 -4 7 5 -7 -8 -9 -10
leaf_value=0.007087092827836719 0.0040810134197758127 -0.016924430868915867 -0.0099864521918223582 0 -0.0034515747320379288 -0.031914589876619034 -0.00046289997724146897 0.023910142768739047 0.032710715174757224
leaf_weight=16.439320474863049 7.6905380189418784 9.1676826924085599 12.658284470438955 19.383476257324219 12.128921762108801 28.690770387649536 14.408180266618727 16.148750737309456 18.448539316654209
leaf_count=66 31 37 51 78 49 116 58 65 74
internal_value=-0.000648815 -0.00785167 0.00985997 0.0048425 -0.0195743 -0.0243638 0.0154392 0.0114608 0.0220823
internal_weight=155.164 93.2101 61.9543 44.6999 48.5102 40.8197 49.296 35.5322 34.8879
internal_count=625 376 249 180 196 165 198 143 140
is_linear=0
shrinkage=0.03


Tree=4
num_leaves=10
num_cat=0
split_feature=33 28 20 38 18 36 35 8 8
split_gain=12.6409 14.9198 17.4756 11.3475 8.33034 7.05924 6.92588 4.32024 1.3367
threshold=0.19772571745936246 6.5000000000000009 0.043875647025226637 0.0072297456335562596 0.068078325109268728 0.0070911961006431814 0.032465131591025827 -0.0051232439384860228 -0.043645312384715827
decision_type=2 2 2 2 2 2 2 2 2
left_child=4 3 7 5 -1 -2 -5 -3 -6
right_child=1 2 -4 6 8 -7 -8 -9 -10
leaf_value=-0.0057779033331195207 0 -0.007545615071450228 0.014597705671921129 -0.012460954368284509 0.0117417293518602 0.036182241698948084 0.010551056912432712 -0.028019016814819907 0.036922714461150634
leaf_weight=7.7008570730686214 7.4614442884922054 17.902583986520767 12.933839827775953 26.049076795578003 8.2123014628887212 11.959998518228529 17.90124936401844 35.488295316696167 9.4855194091796839
leaf_count=31 30 72 52 105 33 48 72 144 38
internal_value=-0.000628904 -0.0045691 -0.0143808 0.00559613 0.0178087 0.0235917 -0.0027103 -0.0219452 0.0283781
internal_weight=155.095 129.696 66.3247 63.3718 25.3987 19.4214 43.9503 53.3909 17.6978
internal_count=625 523 268 255 102 78 177 216 71
is_linear=0
shrinkage=0.03


Tree=5
num_leaves=10
num_cat=0
split_feature=8 28 15 37 12 8 16 20 5
split_gain=12.0689 19.335 10.4386 9.03352 5.53289 5.59697 5.34407 12.3562 5.93459
threshold=-0.0063465166105783092 6.5000000000000009 101.58613020210153 0.011808602571326545 49.745060872960103 0.036502090738149008 -26.843634326730228 0.042924366133847862 -0.024535213413343911
decision_type=2 2 2 2 2 2 2 2 2
left_child=6 2 3 -2 -3 -6 -1 8 -8
right_child=1 4 -4 -5 5 -7 7 -9 -10
leaf_value=-0.0091705194728992252 -0.0086133884960743722 0 -0.020254159139696439 0.021115064057339334 -0.0374964727990411 -0.010380093501702953 -0.0049086300975692675 0.03519635665072058 0.017429202558093174
leaf_weight=9.9120979607105237 11.130069240927694 9.6318967342376691 9.1893688291311246 27.870803192257881 19.157725155353546 16.014774158596992 25.897281855344769 13.961365804076193 14.95227397978306
leaf_count=40 45 39 37 112 78 65 104 56 60
internal_value=-0.000751767 -0.00769664 0.00520018 0.012259 -0.021518 -0.0267761 0.00893348 0.0126791 0.00334956
internal_weight=157.718 92.9946 48.1902 39.0009 44.8044 35.1725 64.723 54.8109 40.8496
internal_count=636 376 194 157 182 143 260 220 164
is_linear=0
shrinkage=0.03


Tree=6
num_leaves=7
num_cat=0
split_feature=38 9 38 20 6 16
split_gain=17.4376 12.4686 16.345 11.114 6.10141 1.25846
threshold=0.0069205199773228164 -0.12983239364000301 0.012044554040536367 0.042924366133847862 0.017253252816700104 2.3572905563183792
decision_type=2 2 2 2 2 2
left_child=4 -2 3 -3 -1 -4
right_child=1 2 5 -5 -6 -7
leaf_value=0.035997244939061125 0.022012492542972599 -0.0073672014490880509 -0.013878498154061563 0.017511532677749412 0.0013689427736482606 -0.041360668867277704
leaf_weight=11.94867116212845 11.928797751665114 90.3065105676651 7.4477683454751995 17.41951222717762 8.4603131264448148 10.107668817043303
leaf_count=48 48 365 30 70 34 41
internal_value=-0.0007445 -0.00477888 -0.0077535 -0.0029617 0.0237152 -0.0330804
internal_weight=157.619 137.21 125.281 107.726 20.409 17.5554
internal_count=636 554 506 435 82 71
is_linear=0
shrinkage=0.03


Tree=7
num_leaves=9
num_cat=0
split_feature=28 5 3 15 34 34 36 39
split_gain=11.0078 23.1022 16.3494 10.8991 14.8366 6.9285 9.82357 0.816122
threshold=6.5000000000000009 -0.084129359146983815 0.078807395668584315 89.585668197027658 0.02349006098530915 -0.034980429149012164 0.0058625641493879341 1.0000000180025095e-35
decision_type=2 2 2 2 2 2 2 2
left_child=2 7 3 4 -1 -3 -7 -2
right_child=1 5 -4 -5 -6 6 -8 -9
leaf_value=0.029787568044491022 0.029515386664325308 0.0084601026244593789 -0.02274968707946887 -0.0094739954010320971 -0.0066739479579115994 -0.0061164475446816502 -0.030716571947677705 0.0087721501187079595
leaf_weight=36.08626614511013 8.2097474634647369 7.6445992439985266 10.921659141778944 11.897757813334463 11.939351484179495 32.35820959508419 30.28650589287281 8.2064351141452789
leaf_count=145 33 31 44 48 48 131 123 33
internal_value=-0.000711837 -0.00788463 0.0078363 0.0142079 0.0205188 -0.0154973 -0.0188241 0.0220392
internal_weight=157.551 86.7055 70.845 59.9234 48.0256 70.2893 62.6447 16.4162
internal_count=636 351 285 241 193 285 254 66
is_linear=0
shrinkage=0.03


Tree=8
num_leaves=10
num_cat=0
split_feature=38 18 28 22 26 32 4 6 37
split_gain=16.3811 15.654 9.6014 9.89888 7.2585 8.18925 6.19109 5.63113 4.4704
threshold=0.0069205199773228164 0.44715876999914395 6.5000000000000009 0.3108905224205521 0.27977878615995472 -0.0075439269721202509 0.036601800370664524 0.017253252816700104 0.016970320413111532
decision_type=2 2 2 2 2 2 2 2 2
left_child=7 4 3 -3 5 -2 -4 -1 -6
right_child=1 2 6 -5 8 -7 -8 -9 -10
leaf_value=0.034801043608838046 -0.019810538573451511 -0.01087064099462947 -0.033449221557811964 0.02226775406424206 0.024740243941546253 0.0094336564345618157 -0.0084135186003385428 0.0014167369111026077 0
leaf_weight=11.963474899530413 12.929289102554323 27.028941482305527 21.963613346219063 9.1884171664714795 19.408965006470684 17.925600796937943 20.11993496119976 8.4572894722223264 8.4730673581361753
leaf_count=48 52 109 90 37 78 72 82 34 34
internal_value=-0.000691149 -0.00461003 -0.0133136 -0.00134552 0.00680187 -0.00282411 -0.0227448 0.0230036 0.0174322
internal_weight=157.459 137.038 78.3009 36.2174 58.7369 30.8549 42.0835 20.4208 27.882
internal_count=636 554 318 146 236 124 172 82 112
is_linear=0
shrinkage=0.03


Tree=9
num_leaves=11
num_cat=0
split_feature=8 26 21 19 0 3 20 2 4 33
split_gain=10.3257 10.2874 9.93133 9.42637 9.69043 7.02603 4.39774 4.02901 1.88499 2.40826
threshold=-0.0063465166105783092 0.27977878615995472 0.016619969561426643 0.14767236653953883 0.019100766878269119 0.078807395668584315 0.0432752171477035 -0.027977072965473023 -0.080039630461700415 0.21743515306891875
decision_type=2 2 2 2 2 2 2 2 2 2
left_child=1 6 -2 4 -4 -5 7 -1 -3 -10
right_child=2 8 3 5 -6 -7 -8 -9 9 -11
leaf_value=0.0026768533251856764 0.020739294852413343 0.0043654670641235151 -0.034020252294195932 0.0044462012231548118 0 -0.018904702047695697 0.011533384238516284 -0.020159407638160771 0.038043605564918682 0.012836890941534845
leaf_weight=10.202250793576239 8.1733376681804639 8.4610434770584124 20.751155614852905 38.316408023238182 11.268737629055975 14.083482831716536 10.215112611651419 13.172005504369737 7.9866004884243038 14.701722949743269
leaf_count=41 33 34 85 155 46 57 41 53 32 59
internal_value=-0.000659931 0.00828122 -0.00711285 -0.0104006 -0.0227519 -0.00201836 -0.00287483 -0.0101755 0.0202113 0.0246807
internal_weight=157.332 64.7387 92.5931 84.4198 32.0199 52.3999 33.5894 23.3743 31.1494 22.6883
internal_count=636 260 376 343 131 212 135 94 125 91
is_linear=0
shrinkage=0.03


Tree=10
num_leaves=9
num_cat=0
split_feature=21 8 19 20 4 0 17 2
split_gain=13.5666 15.3985 13.441 7.5902 8.94494 6.85419 6.69599 4.43487
threshold=0.016002550971431856 -0.011603267499750356 0.17583311764498663 0.042441018555837061 -0.093616118527957079 0.025591270753302479 2.5151984648478183 -0.016211879464353592
decision_type=2 2 2 2 2 2 2 2
left_child=-1 3 6 7 -5 -4 -3 -2
right_child=1 2 5 4 -6 -7 -8 -9
leaf_value=0.031194875352347707 0.0085730529089987784 -0.030102896654401308 0.00842963785472646 -3.1270411750529984e-05 0.037756534709412808 -0.019622344671843383 -0.0060855669096032249 -0.011325296078035374
leaf_weight=8.202530086040495 19.418143093585968 32.0278210490942 29.185416430234909 8.710910841822626 10.734128937125204 8.3927419334650022 19.403639078140259 16.893858388066292
leaf_count=33 78 131 118 35 43 34 79 68
internal_value=-0.00211183 -0.00450058 -0.0122035 0.00753331 0.0217049 0.00111051 -0.0218895 -0.00040091
internal_weight=152.969 144.767 89.0096 55.757 19.445 37.5782 51.4315 36.312
internal_count=619 586 362 224 78 152 210 146
is_linear=0
shrinkage=0.03


Tree=11
num_leaves=10
num_cat=0
split_feature=38 5 36 7 19 21 17 28 35
split_gain=16.0936 14.4245 8.69984 8.0186 9.11699 6.65797 7.5377 6.56285 3.92313
threshold=0.0072297456335562596 -0.053430151536313635 0.0055537524095247833 -0.016200613792016223 0.14767236653953883 0.024863536551405 3.4614771250917165 5.5000000000000009 0.017198453265034556
decision_type=2 2 2 2 2 2 2 2 2
left_child=2 5 -1 8 -5 -2 -7 -4 -3
right_child=1 3 7 4 -6 6 -8 -9 -10
leaf_value=-0.0069029356431679857 -0.009715436329172487 -0.010525303134780947 0.038078016462231079 -0.02937301251283388 -0.0067275704977558335 0.028248160200417885 -0.0038884540348899056 0.001217886596086339 0.013498100115112663
leaf_weight=7.912585228681567 9.6886628419160825 8.6866303384304064 13.485907167196276 32.105430975556374 37.207786813378334 16.171560376882557 8.4369611293077451 7.4392626136541358 11.685036003589628
leaf_count=32 39 35 54 132 151 65 34 30 47
internal_value=-0.00204366 -0.00685924 0.0172757 -0.0131789 -0.0179567 0.00906872 0.0172024 0.0268774 0.00255868
internal_weight=152.82 123.982 28.8378 89.6849 69.3132 34.2972 24.6085 20.9252 20.3717
internal_count=619 503 116 365 283 138 99 84 82
is_linear=0
shrinkage=0.03


Tree=12
num_leaves=11
num_cat=0
split_feature=38 18 19 40 28 26 20 0 37 22
split_gain=15.2567 13.22 11.4752 9.02541 8.17515 7.9312 6.1962 4.54794 1.28823 1.2788
threshold=0.0072297456335562596 0.43953843302883328 0.14767236653953883 0.053548436504946346 5.5000000000000009 0.29643750000000008 0.043610796611359824 0.013529808828138147 0.040988523036701426 -0.04732802544911318
decision_type=2 2 2 2 2 2 2 2 2 2
left_child=4 5 7 -4 8 6 -2 -3 -1 -7
right_child=1 2 3 -5 -6 9 -8 -9 -10 -11
leaf_value=0.038471061967041149 -0.014048418414109967 -0.037639371643578043 0.0057142669949405709 -0.020978279993214076 -0.00051006558574139883 0.024778561674552592 0.013035480225153395 -0.0071852623010731139 0.011941463743861149 0.0067388232407826001
leaf_weight=8.7351222485303932 21.317761003971103 18.741029098629955 26.893616333603859 16.465786918997765 12.620017528533934 10.721516087651255 8.9736095517873746 8.7339254617691022 7.4770023524761191 11.961981222033499
leaf_count=35 86 78 109 67 51 43 36 36 30 48
internal_value=-0.00198265 -0.00667919 -0.0150352 -0.00456961 0.0168235 0.00436157 -0.00525005 -0.0296118 0.0297143 0.01719
internal_weight=152.641 123.809 70.8344 43.3594 28.8321 52.9749 30.2914 27.475 16.2121 22.6835
internal_count=619 503 290 176 116 213 122 114 65 91
is_linear=0
shrinkage=0.03


Tree=13
num_leaves=10
num_cat=0
split_feature=38 8 19 0 36 28 0 16 19
split_gain=14.5037 15.1994 10.5987 9.23979 8.14904 5.93903 5.52955 4.25584 3.77887
threshold=0.0072297456335562596 -0.010082556733027636 0.14767236653953883 0.02063868108251821 0.0055537524095247833 5.5000000000000009 0.013529808828138147 -29.366017774672759 0.10083807153635881
decision_type=2 2 2 2 2 2 2 2 2
left_child=4 7 6 -4 -1 -6 -3 -2 -9
right_child=1 2 3 -5 5 -7 -8 8 -10
leaf_value=-0.0069095350305770119 -0.010017419271272322 -0.036929106076462291 0.0046119078124573802 -0.023356416672390353 0.036399432726678345 0.0012011117866419824 -0.0053679847927038454 -0.0055743583227237693 0.014492298456710861
leaf_weight=7.9107830375432995 9.9318212717771512 20.33077742159367 28.587437599897385 13.997585743665693 13.474999204277994 7.439568802714347 8.9716503620147687 8.6897173523902875 33.103082329034805
leaf_count=32 40 85 116 57 54 30 37 35 133
internal_value=-0.00191263 -0.00650034 -0.0153088 -0.00488011 0.0164196 0.0257312 -0.0287055 0.00557677 0.00991341
internal_weight=152.437 123.612 71.8875 42.585 28.8254 20.9146 29.3024 51.7246 41.7928
internal_count=619 503 295 173 116 84 122 208 168
is_linear=0
shrinkage=0.03


Tree=14
num_leaves=10
num_cat=0
split_feature=38 5 36 7 34 21 5 35 38
split_gain=13.7823 12.6115 7.76506 7.08711 7.69812 6.20986 6.02382 3.7604 1.07919
threshold=0.0072297456335562596 -0.053430151536313635 0.0055537524095247833 -0.016200613792016223 0.015885957688813627 0.024863536551405 -0.092242375638961246 0.017198453265034556 0.0068199106301578523
decision_type=2 2 2 2 2 2 2 2 2
left_child=2 5 -1 7 -5 -2 -7 -3 -4
right_child=1 3 8 4 -6 6 -8 -9 -10
leaf_value=-0.0067469939021591275 -0.0095944007659428711 -0.010345830339099225 0.030784107229136284 -0.0084796080073453253 -0.030418183882559957 0.0031878653775830432 0.034033781706876855 0.013177879834153219 0.008875039054571137
leaf_weight=7.9065666049718883 9.6766270697116834 8.6775218695402163 13.458386525511743 45.330204427242279 23.452012449502945 15.9118694961071 8.6919348537921923 11.681761533021925 7.4391431957483283
leaf_count=32 39 35 54 186 97 64 35 47 30
internal_value=-0.00187357 -0.00635263 0.0159981 -0.0122964 -0.0168198 0.00851581 0.0163882 0.00245217 0.0250964
internal_weight=152.226 123.422 28.8041 89.1415 68.7822 34.2804 24.6038 20.3593 20.8975
internal_count=619 503 116 365 283 138 99 82 84
is_linear=0
shrinkage=0.03


Tree=15
num_leaves=11
num_cat=0
split_feature=28 20 3 35 38 6 10 26 0 5
split_gain=11.9211 13.9872 11.8396 11.4595 8.84452 7.55025 6.45708 6.15684 6.12427 1.60443
threshold=6.5000000000000009 0.041440693061723259 0.078807395668584315 0.06025034829001575 0.0092596370726621951 -0.016377734478642662 0.0081111064820245122 0.28601066982809725 0.017288434747822382 -0.033641458539821194
decision_type=2 2 2 2 2 2 2 2 2 2
left_child=2 3 4 5 6 -2 -1 -6 9 -3
right_child=1 8 -4 -5 7 -7 -8 -9 -10 -11
leaf_value=0.041008523407744323 0 0.031529731433711669 -0.01815029761398473 0.0075524507494778613 -0.012190294801045509 -0.028050139869535792 0.012363462476620559 0.014989024679872872 -0.007507870584038883 0.0069225474387120652
leaf_weight=11.931539833545683 11.131309926509855 7.7179062962532052 9.6151797175407392 14.355004534125326 13.571920558810236 34.786052063107491 25.017949506640434 12.382167696952818 7.4019018560647956 7.6410664618015298
leaf_count=48 45 31 39 59 55 144 101 50 30 31
internal_value=0.000832496 -0.00675166 0.00966571 -0.0143189 0.0145769 -0.0214993 0.0236293 0.000384501 0.0122191 0.0223598
internal_weight=155.552 83.0332 72.5188 60.2724 62.9036 45.9174 36.9495 25.9541 22.7609 15.359
internal_count=633 340 293 248 254 189 149 105 92 62
is_linear=0
shrinkage=0.03


Tree=16
num_leaves=8
num_cat=0
split_feature=38 15 38 38 36 37 23
split_gain=11.2825 9.06437 12.8039 9.26956 6.7299 5.23523 1.15666
threshold=0.0072297456335562596 -104.49798434241622 0.012005549554043303 0.0076540501876347514 0.0054978643801710412 0.011808602571326545 1.0314896312825785
decision_type=2 2 2 2 2 2 2
left_child=4 -2 3 -3 -1 -6 -4
right_child=1 2 6 -5 5 -7 -8
leaf_value=-0.003151002836401102 0.025004094491832628 -0.022209944409299451 -0.036516455624200604 0.0027350145363205214 0.0021210366196466918 0.035718988309066925 -0.012136891052729261
leaf_weight=8.9023617357015628 7.4647400677204123 13.725003406405447 8.7700466215610522 87.024945601820946 7.4526782035827663 13.426083669066427 8.6082180291414243
leaf_count=36 30 56 36 356 30 54 35
internal_value=0.000829589 -0.00306556 -0.00535096 -0.000883377 0.0168874 0.0256156 -0.0277133
internal_weight=155.374 125.593 118.128 100.75 29.7811 20.8788 17.3783
internal_count=633 513 483 412 120 84 71
is_linear=0
shrinkage=0.03


Tree=17
num_leaves=12
num_cat=0
split_feature=28 3 8 38 4 15 10 38 28 36 3
split_gain=11.0144 11.2318 8.46465 8.22909 7.36614 10.7475 6.07399 5.96099 4.39551 3.8596 2.92293
threshold=6.5000000000000009 0.078807395668584315 -0.020708594953227275 0.0092596370726621951 0.029669389297520058 29.993696922836673 0.0081111064820245122 0.0078995955767183126 3.5000000000000004 0.0049597557690506501 -0.042004487097956393
decision_type=2 2 2 2 2 2 2 2 2 2 2
left_child=1 3 7 6 9 -6 -1 -2 -5 -4 -9
right_child=2 -3 4 8 5 -7 -8 10 -10 -11 -12
leaf_value=0.039702265437877277 -0.012132120631121778 -0.01780582980385146 -0.0024473910243381189 -0.012198894111473435 0.014450062018620643 -0.025626027175347225 0.011884297018632327 0.0013674551469244577 0.010930060257598833 -0.028608504247794837 0.024910199767628885
leaf_weight=11.905935123562811 8.9321610033512133 9.5935527682304365 8.5466253906488436 11.052229449152948 14.598093137145044 7.4519541859626761 25.003645434975624 10.703532472252848 14.887259274721144 22.663521438837051 9.9527812004089338
leaf_count=48 36 39 35 45 60 31 101 43 60 95 40
internal_value=0.000798876 0.00929494 -0.00649725 0.0140846 -0.0135499 0 0.0228226 0.00577702 0.000370658 -0.022475 0.0145707
internal_weight=155.291 72.4426 82.8487 62.8491 53.2602 22.05 36.9096 29.5885 25.9395 31.2101 20.6563
internal_count=633 293 340 254 221 91 149 119 105 130 83
is_linear=0
shrinkage=0.03


Tree=18
num_leaves=10
num_cat=0
split_feature=28 20 35 18 15 14 0 33 36
split_gain=10.4382 12.8087 10.8182 8.85431 6.98905 8.63029 5.84613 4.86904 1.50933
threshold=6.5000000000000009 0.041440693061723259 0.06025034829001575 0.92457529778450886 -18.594261935807094 20.653885629934511 0.017288434747822382 0.22718146209802181 0.0062389476842729021
decision_type=2 2 2 2 2 2 2 2 2
left_child=3 2 7 4 -1 -6 8 -2 -3
right_child=1 6 -4 -5 5 -7 -8 -9 -10
leaf_value=-0.0082721305547858361 -0.0015421566810811466 0.030384543137700792 0.0075955731298151148 -0.012826123808228403 0.032380906187692848 0.0066570533960981565 -0.0074498453256754329 -0.025997160965402465 0.0064220919721907537
leaf_weight=8.9371148347854596 11.181492403149603 7.9151491969823855 14.342558130621908 11.563111841678618 20.564835906028748 31.333257526159286 7.3894392102956763 34.436794891953468 7.4397412836551666
leaf_count=36 45 32 59 47 83 127 30 144 30
internal_value=0.000774177 -0.00633385 -0.0136126 0.00904773 0.01372 0.0179519 0.0117983 -0.0206345 0.0217167
internal_weight=155.103 82.7052 59.9608 72.3983 60.8352 51.8981 22.7443 45.6183 15.3549
internal_count=633 340 248 293 246 210 92 189 62
is_linear=0
shrinkage=0.03


Tree=19
num_leaves=9
num_cat=0
split_feature=37 19 7 16 17 19 22 22
split_gain=9.83166 6.52089 13.1807 8.00074 6.53446 5.98781 1.73467 1.46798
threshold=0.055450840752883986 0.14912695424902123 -0.013035866558157326 -29.366017774672759 3.305168747636229 0.086712487768905333 0.014668034364321183 -0.0855488903137641
decision_type=2 2 2 2 2 2 2 2
left_child=1 2 7 -3 -5 -4 -2 -1
right_child=6 3 5 4 -6 -7 -8 -9
leaf_value=0.024780182288295899 -0.025016731490666497 -0.013114728095621492 0.0062899099688807931 0.019935300936462619 -0.00052398268944954421 -0.018523745518593017 -0.0034545796632918261 0.0059179178684297656
leaf_weight=7.9455721527338055 11.453084692358972 9.4227069914340955 9.4783526957035047 44.200505241751671 18.032077774405479 33.131579980254173 7.8644859045743933 13.398282542824743
leaf_count=32 47 38 39 179 73 139 32 54
internal_value=0.000758935 0.00377684 -0.00297165 0.00992079 0.0139419 -0.0126333 -0.0180898 0.0151037
internal_weight=154.927 135.609 63.9538 71.6553 62.2326 42.6099 19.3176 21.3439
internal_count=633 554 264 290 252 178 79 86
is_linear=0
shrinkage=0.03


Tree=20
num_leaves=9
num_cat=0
split_feature=33 22 11 21 20 15 8 35
split_gain=10.0471 10.0135 9.22297 4.76425 6.17167 3.76804 1.63044 1.31296
threshold=0.21347070579818342 0.26900187188076113 0.0055832250456512309 0.017483119148410959 0.041440693061723259 9.9676356381577609 -0.056408937839987933 0.025770323971595403
decision_type=2 2 2 2 2 2 2 2
left_child=2 3 6 -2 -5 -3 -1 -7
right_child=1 5 -4 4 -6 7 -8 -9
leaf_value=0.011958412877145184 0.0099652737187205138 0 -0.002625946991976704 -0.0156341202686828 0.0008993478626109719 0.00613025081901355 0.039270970486396314 0.029211470859594933
leaf_weight=8.2181196063756961 9.0567342489957792 14.375106498599054 13.127648934721945 62.873977437615395 26.866539746522903 7.3440106213092786 7.9721041768789318 7.3328937441110611
leaf_count=33 37 59 53 260 109 30 32 30
internal_value=-1.97271e-05 -0.00379072 0.0151378 -0.00841395 -0.0106091 0.0109777 0.0290709 0.0206818
internal_weight=157.167 127.849 29.3179 98.7973 89.7405 29.052 16.1902 14.6769
internal_count=643 525 118 406 369 119 65 60
is_linear=0
shrinkage=0.03


Tree=21
num_leaves=9
num_cat=0
split_feature=38 18 16 20 25 21 37 2
split_gain=11.5707 12.2347 9.25081 7.78753 6.83765 5.16778 4.1755 2.75807
threshold=0.0069205199773228164 0.46000423276112762 -26.843634326730228 0.040358605554067589 0.1903708386009271 0.035110163524896258 0.0047749403365792151 0.034531943196322253
decision_type=2 2 2 2 2 2 2 2
left_child=7 2 -2 -4 5 -3 -6 -1
right_child=1 4 3 -5 6 -7 -8 -9
leaf_value=0.027342523415425125 -0.016466150693031215 -0.0080496137550451728 0.0018120457258813734 0.026391027898690262 -0.032196868387817983 0.017434174079775776 -0.010818780583877832 0.0024120555912029362
leaf_weight=13.095572710037233 10.411451295018194 18.848266080021862 30.185926884412766 18.852108046412468 12.818572357296942 8.862144395709036 36.045598775148392 7.9302856326103202
leaf_count=53 42 79 122 76 54 36 149 32
internal_value=0 -0.0033538 0.00657877 0.0122189 -0.0112271 0.00022053 -0.0177673 0.0196172
internal_weight=157.05 136.024 59.4495 49.038 76.5746 27.7104 48.8642 21.0259
internal_count=643 558 240 198 318 115 203 85
is_linear=0
shrinkage=0.03


Tree=22
num_leaves=9
num_cat=0
split_feature=38 18 16 28 20 4 37 36
split_gain=11.0429 11.1463 8.71808 8.01359 7.52189 6.41618 6.09826 2.13082
threshold=0.0068446202370730574 0.46000423276112762 -26.843634326730228 6.5000000000000009 0.042924366133847862 0.036601800370664524 0.0047749403365792151 0.0063794003401976612
decision_type=2 2 2 2 2 2 2 2
left_child=7 2 -2 6 -4 -5 -3 -1
right_child=1 3 4 5 -6 -7 -8 -9
leaf_value=0.0034779488360868337 -0.016070706959504483 -0.020459260242064927 0.0032463710625817966 -0.030327629406256218 0.028720509771340923 -0.0046904767367975048 0.0058973152724768737 0.027351490387373775
leaf_weight=7.4087746888399151 10.397042348980902 8.4742616266012174 35.150703459978104 21.343637093901634 14.360856100916861 17.998102158308029 29.841386958956718 11.867344647645949
leaf_count=30 42 35 142 92 58 75 121 48
internal_value=0 -0.00313118 0.00632009 -0.0105863 0.0117546 -0.0197563 -0.000285669 0.0200702
internal_weight=156.842 137.566 59.9086 77.6574 49.5116 39.3417 38.3156 19.2761
internal_count=643 565 242 323 200 167 156 78
is_linear=0
shrinkage=0.03


Tree=23
num_leaves=12
num_cat=0
split_feature=28 8 36 15 15 6 32 14 13 13 24
split_gain=8.83769 13.3234 10.626 10.3991 9.95419 8.87544 11.583 6.6213 3.88882 2.75949 0.761426
threshold=6.5000000000000009 -0.0051232439384860228 0.006660659854349567 102.26351411851316 -25.93021580996723 0.034281296862489388 -0.0075439269721202509 -36.868919343124382 0.3488868402254966 5.7901037859707083 -0.2670542635658914
decision_type=2 2 2 2 2 2 2 2 2 2 2
left_child=3 2 7 5 -4 6 -1 -2 10 -10 -3
right_child=1 8 4 -5 -6 -7 -8 -9 9 -11 -12
leaf_value=-0.0019675046218771094 -0.0013600633615132095 -0.013198778537933739 0.01334412024302831 -0.017217490805352148 -0.024536519030224455 -0.011326426700920744 0.027040206880329001 0.030589905471443978 0.0019996551370815912 -0.017110939458538286 -0.034879629628026876
leaf_weight=16.958499953150749 7.6845263093709972 9.3873830735683459 8.451464772224428 10.54193042218685 13.05175945162773 9.6093825399875623 34.557111591100693 13.623670309782026 11.130505561828615 10.841515094041823 10.740632951259611
leaf_count=69 31 40 34 43 53 39 140 55 47 46 46
internal_value=0 -0.00653837 0.00490729 0.00758519 -0.00914139 0.0125104 0.0174942 0.019296 -0.0182123 -0.00744509 -0.0275528
internal_weight=156.578 84.9115 42.8114 71.6669 21.5032 61.125 51.5156 21.3082 42.1 21.972 20.128
internal_count=643 352 173 291 87 248 209 86 179 93 86
is_linear=0
shrinkage=0.03


Tree=24
num_leaves=11
num_cat=0
split_feature=28 8 15 2 32 20 9 25 34 34
split_gain=8.34655 12.7144 9.85392 11.805 9.21679 6.06323 6.37484 4.01663 2.96547 2.25945
threshold=6.5000000000000009 -0.0051232439384860228 102.26351411851316 0.041822294407412149 -0.0075439269721202509 0.040664812155635423 -0.052586691187172456 0.14606060606060609 0.0071651819036118178 0.010798732777574817
decision_type=2 2 2 2 2 2 2 2 2 2
left_child=2 5 3 4 -1 6 -2 -3 -7 -9
right_child=1 7 -4 -5 -6 8 -8 9 -10 -11
leaf_value=0 0.0097215710694575821 -0.002650986752738593 -0.016816386110109442 -0.010979087952117548 0.027911952464769834 0.0026477407541379509 -0.017222205053348615 -0.012164597949080296 0.030461712514034282 -0.033930033264080728
leaf_weight=15.966536477208132 13.658751890063284 13.711138218641279 10.517648622393606 13.299251243472098 31.848856821656231 8.1953324824571592 13.505823463201525 15.543009474873545 7.4134290218353263 12.686692893505095
leaf_count=65 55 58 43 54 129 33 55 66 30 55
internal_value=0 -0.00639396 0.00733982 0.0121358 0.0190487 0.004778 -0.00342254 -0.0178279 0.0186693 -0.0240401
internal_weight=156.346 84.7142 71.6323 61.1146 47.8154 42.7733 27.1646 41.9408 15.6088 28.2297
internal_count=643 352 291 248 194 173 110 179 63 121
is_linear=0
shrinkage=0.03


Tree=25
num_leaves=10
num_cat=0
split_feature=38 18 37 34 11 14 25 5 36
split_gain=10.1551 12.2778 9.96273 10.8809 9.34609 10.3855 5.17439 4.47435 1.82036
threshold=0.0068199106301578523 0.46000423276112762 0.0046063406589750286 0.012092291015881386 0.0089338955155123818 -9.2293894734287942 0.091326105087572995 0.0055088605854345394 0.0071026271226287954
decision_type=2 2 2 2 2 2 2 2 2
left_child=8 4 7 -4 6 -6 -2 -3 -1
right_child=1 2 3 -5 5 -7 -8 -9 -10
leaf_value=0.0087693009289165486 0 -0.004264045875741725 0.010785292882516841 -0.015278204221145173 -0.025826400413400997 0.0094771453261192698 0.026412024322409678 -0.035980674889719025 0.033471951062499658
leaf_weight=9.1528848856687564 7.6367969810962668 8.2416833043098467 30.167643964290619 24.019558668136597 9.1681011617183703 20.433208510279655 25.763479799032211 11.462211281061171 8.3354227989912015
leaf_count=37 31 35 124 101 37 83 104 49 34
internal_value=0.00326712 0.000267582 -0.00782233 -0.000633501 0.0099353 -0.00192489 0.0203851 -0.0250209 0.0235397
internal_weight=154.381 136.893 73.8911 54.1872 63.0016 29.6013 33.4003 19.7039 17.4883
internal_count=635 564 309 225 255 120 135 84 71
is_linear=0
shrinkage=0.03


Tree=26
num_leaves=9
num_cat=0
split_feature=38 18 16 25 2 28 21 6
split_gain=9.72278 11.6263 8.34428 5.94991 4.96568 4.88915 3.3305 1.02685
threshold=0.0068199106301578523 0.46000423276112762 -30.74428476846435 0.19586530264279628 -0.012263469932023761 6.5000000000000009 0.035110163524896258 0.011673837352462165
decision_type=2 2 2 2 2 2 2 2
left_child=7 2 -2 6 -4 -5 -3 -1
right_child=1 3 4 5 -6 -7 -8 -9
leaf_value=0.030623421968831627 -0.013353145521024734 -0.0037417359796972603 0.022283212781968237 -0.0034304366068978647 0.002979949752481688 -0.024149446571969501 0.016421613143302909 0.0090148204991173896
leaf_weight=9.0870169103145617 9.6339821666479093 20.604563325643543 29.662196546792984 23.036460399627686 23.672822341322899 21.506658032536507 8.6014741510152799 8.368041664361952
leaf_count=37 39 87 120 94 96 93 35 34
internal_value=0.0031736 0.00023532 0.00964597 -0.00764425 0.0144039 -0.0143643 0.00238778 0.0230268
internal_weight=154.173 136.718 62.969 73.7492 53.335 44.5431 29.206 17.4551
internal_count=635 564 255 309 216 187 122 71
is_linear=0
shrinkage=0.03


Tree=27
num_leaves=10
num_cat=0
split_feature=38 8 11 37 34 12 1 6 9
split_gain=9.28822 11.0633 10.1118 10.0596 11.5106 9.82176 3.96956 0.968461 0.740986
threshold=0.0068199106301578523 -0.0069996698420226868 0.0089338955155123818 0.0046063406589750286 0.012092291015881386 38.503197550249375 0.0090319347859517691 0.011673837352462165 0.064010296444590567
decision_type=2 2 2 2 2 2 2 2 2
left_child=7 2 6 8 -5 -4 -2 -1 -3
right_child=1 3 5 4 -6 -7 -8 -9 -10
leaf_value=0.029944399972851407 0.02689919416150735 -0.012300089427766942 -0.022258539021581088 0.011489413683100106 -0.015004257267759375 0.010828440782131001 0.0015682509035544999 0.0087980929366269396 -0.032590078104462225
leaf_weight=9.0600384473800677 23.233925864100456 10.549780398607256 11.847116842865946 30.660858631134033 24.87831349670887 16.996525347232819 9.1491481363773328 8.3662441074848157 9.2245255261659604
leaf_count=37 94 45 48 126 105 69 37 34 40
internal_value=0.00309634 0.000220416 0.00962794 -0.00728471 -0.000226542 -0.00283734 0.0206863 0.0225153 -0.0245781
internal_weight=153.966 136.54 61.2267 75.3135 55.5392 28.8436 32.3831 17.4263 19.7743
internal_count=635 564 248 316 231 117 131 71 85
is_linear=0
shrinkage=0.03


Tree=28
num_leaves=10
num_cat=0
split_feature=38 18 37 38 11 33 14 3 6
split_gain=8.88338 10.4593 9.1186 9.71523 8.29071 11.0932 9.38667 2.09532 0.914206
threshold=0.0068199106301578523 0.46000423276112762 0.0046063406589750286 0.011856757862080571 0.0089338955155123818 0.23830218745472986 -9.2293894734287942 0.0085305288345726166 0.011673837352462165
decision_type=2 2 2 2 2 2 2 2 2
left_child=8 4 7 -4 5 -2 -6 -3 -1
right_child=1 2 3 -5 6 -7 -8 -9 -10
leaf_value=0.029289796442309252 0.032501979508313551 -0.0076372458176046532 0.0048231247314009457 -0.028069902771835225 -0.024794127013050782 -0.00081719786309433231 0.0087996407616972167 -0.032439004539538088 0.0085868112167710245
leaf_weight=9.0297997891902941 19.502748250961304 8.6311071217060107 46.346872761845589 7.6824340820312491 9.1268874704837817 13.8275810778141 20.419111162424088 10.803356289863585 8.36417707800865
leaf_count=37 79 37 192 33 37 56 83 47 34
internal_value=0.00301334 0.000196789 -0.00728989 -0.000421244 0.00913039 0.0189907 -0.00201615 -0.0238644 0.02202
internal_weight=153.734 136.34 73.4638 54.0293 62.8763 33.3303 29.546 19.4345 17.394
internal_count=635 564 309 225 255 135 120 84 71
is_linear=0
shrinkage=0.03


Tree=29
num_leaves=9
num_cat=0
split_feature=38 7 16 34 9 0 19 6
split_gain=8.51013 10.0908 10.6308 7.47156 7.48452 6.49197 2.38242 0.863686
threshold=0.0068199106301578523 -0.016200613792016223 -30.74428476846435 0.014670077654009185 -0.04527327096409979 0.012617092467897663 0.10304404175374675 0.011673837352462165
decision_type=2 2 2 2 2 2 2 2
left_child=7 2 -2 4 -3 -5 -4 -1
right_child=1 3 6 5 -6 -7 -8 -9
leaf_value=0.028658043680818233 -0.014284457375051685 0.02479450832821594 0.00081018415574592975 -0.025022114633956975 -0.0035224555807221846 0.00071689921984683747 0.022187189803500526 0.0083808179105677345
leaf_weight=8.9965807795524615 9.3433011621236783 8.0725301504135114 7.4352381974458686 22.526908725500107 47.164471834897995 11.88195641338825 29.71789625287056 8.3618621528148633
leaf_count=37 38 33 30 95 197 50 121 34
internal_value=0.0029204 0.000160291 0.0113275 -0.0055889 0.00107559 -0.0161709 0.0185522 0.02154
internal_weight=153.501 136.142 46.4964 89.6459 55.237 34.4089 37.1531 17.3584
internal_count=635 564 189 375 230 145 151 71
is_linear=0
shrinkage=0.03


Tree=30
num_leaves=9
num_cat=0
split_feature=26 34 15 15 37 20 10 10
split_gain=8.31156 6.17685 8.22605 8.20847 5.71403 5.20748 2.87697 1.66261
threshold=0.06030303030303031 0.01434313344237126 89.585668197027658 46.662675433112632 0.015593040042549912 0.040060417779356081 -0.011356237762763175 0.029885718769212758
decision_type=2 2 2 2 2 2 2 2
left_child=6 2 5 4 -3 -2 -1 -8
right_child=1 3 -4 -5 -6 -7 7 -9
leaf_value=0 0.0057903870486392048 0 -0.017277381490793012 0.014809468843206271 -0.024644797458832361 0.02370098553838406 -0.030733127256729633 -0.0066540386255217829
leaf_weight=7.7756541818380382 50.79499164223671 18.582250148057938 7.6671068817377082 11.55830968916416 15.589289158582686 22.100135937333107 8.0309143662452716 8.0310322344303113
leaf_count=32 210 77 32 48 66 90 34 33
internal_value=0.00039299 0.00360894 0.0085981 -0.00485816 -0.0123763 0.0119087 -0.0150251 -0.0215939
internal_weight=150.13 126.292 80.5622 45.7298 34.1715 72.8951 23.8376 16.0619
internal_count=622 523 332 191 143 300 99 67
is_linear=0
shrinkage=0.03


Tree=31
num_leaves=8
num_cat=0
split_feature=26 34 15 15 28 33 28
split_gain=7.92072 5.83522 7.8274 7.80349 7.72094 6.95108 4.80176
threshold=0.06030303030303031 0.01434313344237126 89.585668197027658 46.662675433112632 6.5000000000000009 0.23830218745472986 6.5000000000000009
decision_type=2 2 2 2 2 2 2
left_child=6 2 4 5 -2 -3 -1
right_child=1 3 -4 -5 -6 -7 -8
leaf_value=0 0.022952728424605596 0.0084051693104263119 -0.016909660169272242 0.014422786129331662 0.0028173771444335804 -0.019851821093873571 -0.026333232647406501
leaf_weight=11.509529352188112 29.570654332637787 8.8098345100879651 7.642686814069747 11.565653979778288 43.336810424923897 25.303509309887886 12.275294974446295
leaf_count=47 121 36 32 48 179 107 52
internal_value=0.000358978 0.00349997 0.00835018 -0.00472978 0.0115791 -0.0120777 -0.0147074
internal_weight=150.014 126.229 80.5502 45.679 72.9075 34.1133 23.7848
internal_count=622 523 332 191 300 143 99
is_linear=0
shrinkage=0.03


Tree=32
num_leaves=8
num_cat=0
split_feature=26 36 11 15 33 28 33
split_gain=7.53179 4.80196 4.6352 9.97298 5.43301 4.58623 4.54272
threshold=0.06030303030303031 0.0043259383199024705 -0.013094602258949371 9.9676356381577609 0.26712056059882155 6.5000000000000009 0.55815716706805818
decision_type=2 2 2 2 2 2 2
left_child=5 6 4 -4 -3 -1 -2
right_child=1 2 3 -5 -6 -7 -8
leaf_value=0 0.0025940214160697721 0.0291665518002358 -0.015072998970469804 0.0085031280330577341 0.0050390258378194761 -0.025766693358989502 -0.026118557636954396
leaf_weight=11.509529352188112 8.5155139714479429 12.02121716737747 21.816582173109055 47.769492939114571 28.980494722723961 12.213748678565024 7.0003203749656668
leaf_count=47 35 49 90 198 121 52 30
internal_value=0.000341959 0.00340719 0.00572239 0.000687411 0.0134893 -0.0143665 -0.0110071
internal_weight=149.827 126.104 110.588 69.5861 41.0017 23.7233 15.5158
internal_count=622 523 458 288 170 99 65
is_linear=0
shrinkage=0.03


Tree=33
num_leaves=10
num_cat=0
split_feature=38 5 28 26 38 37 28 5 19
split_gain=7.41023 9.547 8.96226 7.32845 6.85161 5.45129 8.19339 4.41224 3.98968
threshold=0.011608288433260254 -0.13046266881303772 6.5000000000000009 0.05590277777777778 0.0078650509055259027 0.0057720177908081602 4.5000000000000009 0.034217028658485867 0.18853885819180541
decision_type=2 2 2 2 2 2 2 2 2
left_child=2 -2 5 -4 -5 7 -7 -1 -3
right_child=1 8 3 4 -6 6 -8 -9 -10
leaf_value=0.010695972068957662 0.0083611134364610529 -0.0061232940768494058 -0.027213570523024744 -0.016046459014504907 0.0068869969167798277 0.0050316601600663771 0.032477192578579374 -0.017655945635116368 -0.036619031348137265
leaf_weight=8.3696773350238782 10.597329467535021 9.2285940945148486 8.2261807620525342 14.254581451416014 39.823886290192604 24.924104169011116 17.286023765802383 7.1697893887758246 9.8083579838275892
leaf_count=34 43 40 35 59 167 102 71 30 41
internal_value=0.000322529 -0.012513 0.00376687 -0.00390451 0.000217775 0.0121481 0.0175713 -0.0020518 -0.0245362
internal_weight=149.689 29.6343 120.054 62.3046 54.0785 57.7496 42.2101 15.5395 19.037
internal_count=622 124 498 261 226 237 173 64 81
is_linear=0
shrinkage=0.03


Tree=34
num_leaves=10
num_cat=0
split_feature=28 21 23 33 21 15 23 37 40
split_gain=6.66642 9.36607 6.82949 6.60485 10.6337 6.23449 5.13702 4.25762 4.16971
threshold=6.5000000000000009 0.033938103994605499 1.1618125097356524 0.19772571745936246 0.035996031515292813 101.58613020210153 0.98407830015947095 0.016101208102516921 0.0016464917232389411
decision_type=2 2 2 2 2 2 2 2 2
left_child=1 2 8 6 7 -3 -2 -5 -1
right_child=3 5 -4 4 -6 -7 -8 -9 -10
leaf_value=0.0027255730695775449 0.024668936508251887 0.0030739181828329924 -0.0052891699160428733 -0.0051387856347451582 0.016401506819994832 -0.027750917555763675 -0.0052622301296211633 -0.02312744943724265 0.026105822591736931
leaf_weight=11.669181033968924 8.3507844507694262 12.951855853199961 10.693426728248594 26.347710132598877 9.4433980137109739 7.4522146433591834 7.8662850558757773 27.922695249319077 26.819821521639824
leaf_count=48 34 53 44 112 39 31 32 119 110
internal_value=0.000293971 0.00707029 0.0141159 -0.00545088 -0.00989167 -0.00898707 0.0103433 -0.0151538 0.0198726
internal_weight=149.517 69.5865 49.1824 79.9309 63.7138 20.4041 16.2171 54.2704 38.489
internal_count=622 286 202 336 270 84 66 231 158
is_linear=0
shrinkage=0.03


Tree=35
num_leaves=9
num_cat=0
split_feature=21 8 19 38 4 21 22 0
split_gain=10.5137 10.8935 10.3893 10.5731 5.63873 7.08479 4.6147 1.7663
threshold=0.016002550971431856 -0.010420586063985918 0.17397486089102779 0.011309704828660883 -0.086877570838695448 0.027896714206022879 0.08149189167843475 -0.014110196977579091
decision_type=2 2 2 2 2 2 2 2
left_child=-1 4 6 -4 7 -6 -3 -2
right_child=1 2 3 -5 5 -7 -8 -9
leaf_value=0.028611675272466802 0.0025228492113517887 -0.024798532220032907 0.013573526994139795 -0.018490506429677617 0.0034699819482014145 0.02932782141641814 -0.0047812528726246702 -0.015228475294998937
leaf_weight=9.2138199806213361 7.4048713147640228 28.140975296497345 26.837636679410934 11.469511643052099 26.773504123091698 15.016449004411696 20.831245243549347 7.3844176679849607
leaf_count=38 30 122 110 48 109 62 89 30
internal_value=0.000556632 -0.00150507 -0.00816811 0.00315999 0.00844524 0.0140192 -0.0170998 -0.00620534
internal_weight=153.072 143.859 87.2794 38.3071 56.5792 41.79 48.9722 14.7893
internal_count=638 600 369 158 231 171 211 60
is_linear=0
shrinkage=0.03


Tree=36
num_leaves=9
num_cat=0
split_feature=21 8 19 23 17 4 21 0
split_gain=10.0232 10.343 9.85092 9.4424 6.65329 5.36047 6.7461 1.68988
threshold=0.016002550971431856 -0.010420586063985918 0.17397486089102779 0.95773174403091665 0.94879675169580147 -0.086877570838695448 0.027896714206022879 -0.014110196977579091
decision_type=2 2 2 2 2 2 2 2
left_child=-1 5 3 -3 -4 7 -7 -2
right_child=1 2 4 -5 -6 6 -8 -9
leaf_value=0.027973277249561408 0.002463165317399661 -0.003660281273916619 0.011937858626326807 -0.030648051605425514 -0.01285344483171646 0.0033732554067063014 0.028647994219483625 -0.014878353878409387
leaf_weight=9.1874120682477933 7.4052208811044693 27.092679858207703 25.481592088937759 21.696938902139664 12.803855895996092 26.772350504994392 14.959924921393393 7.3785956054925901
leaf_count=38 30 117 105 94 53 109 62 30
internal_value=0.000546199 -0.00146581 -0.00797037 -0.0166915 0.00304802 0.00822941 0.0136724 -0.00603983
internal_weight=152.779 143.591 87.0751 48.7896 38.2854 56.5161 41.7323 14.7838
internal_count=638 600 369 211 158 231 171 60
is_linear=0
shrinkage=0.03


Tree=37
num_leaves=9
num_cat=0
split_feature=21 8 19 38 4 21 12 4
split_gain=9.55851 9.82161 9.35294 9.94066 5.0966 6.42653 4.51025 0.781464
threshold=0.016002550971431856 -0.010420586063985918 0.17397486089102779 0.011309704828660883 -0.086877570838695448 0.027896714206022879 47.443383497353224 -0.127477429915518
decision_type=2 2 2 2 2 2 2 2
left_child=-1 4 6 -4 7 -6 -3 -2
right_child=1 2 3 -5 5 -7 -8 -9
leaf_value=0.027356341129777181 0 0.0015013268690396129 0.013045451869587669 -0.018071711832268102 0.0032792389032602971 0.02799176411074606 -0.020421427990884974 -0.01171181270028137
leaf_weight=9.1583090275526029 7.4234152138233185 8.6966420114040357 26.846997201442719 11.431329950690268 26.771082445979118 14.899128273129461 39.914825171232224 7.3542454391717893
leaf_count=38 30 37 110 48 109 62 174 30
internal_value=0.000535296 -0.00142805 -0.00777712 0.00294439 0.00802009 0.0133359 -0.0162987 -0.00587845
internal_weight=152.496 143.338 86.8898 38.2783 56.4479 41.6702 48.6115 14.7777
internal_count=638 600 369 158 231 171 211 60
is_linear=0
shrinkage=0.03


Tree=38
num_leaves=11
num_cat=0
split_feature=8 38 37 37 13 4 37 36 14 25
split_gain=7.30485 8.00183 8.42381 6.24055 5.8792 5.4153 3.35796 3.67689 2.91991 1.67362
threshold=-0.010082556733027636 0.012005549554043303 0.0057720177908081602 0.059569274358281639 -2.8309845951709103 -0.086877570838695448 0.016970320413111532 0.0075745090968123889 -13.109563912014549 0.18742368742368745
decision_type=2 2 2 2 2 2 2 2 2 2
left_child=5 2 4 -4 -2 9 7 -7 -8 -1
right_child=1 -3 3 -5 -6 6 8 -9 -10 -11
leaf_value=0.0026923281985816836 0.0048756267123087095 -0.02487136226059845 0.0095145604300465904 -0.016095641656927347 -0.024918278589084221 0.026578847989788323 -0.0094870294948152505 0.0003566138570552308 0.012877424211001583 -0.014575496347032818
leaf_weight=7.4150438159704191 6.9922889769077328 12.781932502984999 49.850955098867416 8.032632187008856 15.738581597805021 19.557823270559314 7.6229720115661648 7.7880854606628409 9.0402046740055066 7.3576196581125259
leaf_count=30 30 56 209 33 69 80 31 32 38 30
internal_value=0.000534082 -0.00454903 -0.000621132 0.00529122 -0.0154937 0.00874119 0.0139613 0.0201552 0.00192229 -0.0057262
internal_weight=152.178 93.3964 80.6145 57.8836 22.7309 58.7817 44.0091 27.3459 16.6632 14.7727
internal_count=638 397 341 242 99 241 181 112 69 60
is_linear=0
shrinkage=0.03


Tree=39
num_leaves=9
num_cat=0
split_feature=21 33 19 23 38 14 11 14
split_gain=9.07665 7.88881 8.55332 11.4174 8.10392 5.26058 7.35846 5.50003
threshold=0.016002550971431856 0.46274169979950391 0.17397486089102779 0.93613378314951923 0.011309704828660883 -16.023264184263095 0.0095721409404359043 -29.962780636938074
decision_type=2 2 2 2 2 2 2 2
left_child=-1 5 3 -3 -4 7 -7 -2
right_child=1 2 4 -5 -6 6 -8 -9
leaf_value=0.026689089627566803 0.0064256266356499574 0 0.011746628413692299 -0.030762603590215577 -0.01630163570212928 0.037267805917021411 0.0038045693320839327 -0.017565518865100223
leaf_weight=9.1204027384519559 24.380358159542084 20.897281616926193 26.352989569306374 21.79509212076664 11.598662480711935 7.8063479065895107 19.380817845463753 10.635632574558256
leaf_count=38 99 91 108 96 49 33 80 44
internal_value=0.000505539 -0.00140808 -0.00760275 -0.0165508 0.00241221 0.00637608 0.0158222 -0.00101148
internal_weight=151.968 142.847 80.644 42.6924 37.9517 62.2032 27.1872 35.016
internal_count=638 600 344 187 157 256 113 143
is_linear=0
shrinkage=0.03


Tree=40
num_leaves=7
num_cat=0
split_feature=21 36 35 15 9 35
split_gain=9.57567 6.69263 5.47149 7.87893 7.04947 3.92206
threshold=0.016002550971431856 0.0043259383199024705 0.0052147498903151188 -104.49798434241622 -0.05547718410506975 0.052646717785798776
decision_type=2 2 2 2 2 2
left_child=-1 5 3 -3 -4 -2
right_child=1 2 4 -5 -6 -7
leaf_value=0.026739695075624754 -0.027023508053518237 0.017575229670199734 0.024443268952289442 -0.012549633251155405 0.00088399392368370799 0
leaf_weight=9.1239452362060529 11.964657217264177 7.3602431714534751 12.478287100791929 41.096605807542801 62.512940734624863 7.0561932772397986
leaf_count=38 50 30 51 172 264 30
internal_value=0 -0.00214444 0.000395283 -0.00716133 0.00553213 -0.0178105
internal_weight=151.593 142.469 123.448 48.4568 74.9912 19.0209
internal_count=635 597 517 202 315 80
is_linear=0
shrinkage=0.03


Tree=41
num_leaves=6
num_cat=0
split_feature=21 6 36 16 16
split_gain=9.12376 6.53437 7.11654 5.72035 4.55493
threshold=0.016002550971431856 0.051899492727249912 0.0043259383199024705 0.076521130646973759 -29.366017774672759
decision_type=2 2 2 2 2
left_child=-1 2 3 -2 -4
right_child=1 -3 4 -5 -6
leaf_value=0.026162388234388854 -0.00012964096159250935 -0.025121005368308646 -0.016315445468133558 -0.033967000837048657 0.0043495087483965524
leaf_weight=9.0901617407798749 10.422545254230501 8.2946003675460798 8.3406599313020688 7.381880819797515 107.96096970140934
leaf_count=38 43 35 34 32 453
internal_value=0 -0.00207293 -0.000188978 -0.0169298 0.00248994
internal_weight=151.491 142.401 134.106 17.8044 116.302
internal_count=635 597 562 75 487
is_linear=0
shrinkage=0.03


Tree=42
num_leaves=6
num_cat=0
split_feature=2 15 38 5 19
split_gain=7.29066 5.17463 12.3228 5.18015 1.47945
threshold=0.077950630186170891 -88.770214594604568 0.012154007436261624 -0.11254068806863331 0.18568569295774859
decision_type=2 2 2 2 2
left_child=1 -1 3 -3 -4
right_child=-2 2 4 -5 -6
leaf_value=0.023521962129002937 -0.021494403728722317 -0.017183267560726655 -0.007499013020587606 0.005504285878906107 -0.033227939270925003
leaf_weight=7.3207114785909644 11.101031139492987 7.6547179222106925 6.8450880348682386 111.10548448562622 7.3454037457704544
leaf_count=30 47 31 30 466 31
internal_value=0 0.0018911 0.000257927 0.00365737 -0.024203
internal_weight=151.372 140.271 132.951 118.76 14.1905
internal_count=635 588 558 497 61
is_linear=0
shrinkage=0.03


Tree=43
num_leaves=6
num_cat=0
split_feature=21 20 20 38 35
split_gain=8.66479 6.95396 8.30851 6.73259 2.10201
threshold=0.016002550971431856 0.029273765268189065 0.031415286653381898 0.011608288433260254 0.04845855219862983
decision_type=2 2 2 2 2
left_child=-1 4 -3 -4 -2
right_child=1 2 3 -5 -6
leaf_value=0.025500275254364532 -0.022827634511264825 0.021476627699340566 0.0022936145389297409 -0.014290676184406166 -0.00070141983319866816
leaf_weight=9.0469042211770994 14.686748817563059 13.346633583307264 79.288171797990799 27.850302889943123 7.0845043659210196
leaf_count=38 61 56 331 118 31
internal_value=-7.40559e-06 -0.00206462 0.000730347 -0.00206286 -0.0169234
internal_weight=151.303 142.256 120.485 107.138 21.7713
internal_count=635 597 505 449 92
is_linear=0
shrinkage=0.03


Tree=44
num_leaves=6
num_cat=0
split_feature=21 36 6 35 35
split_gain=8.26821 6.06792 6.66728 5.36554 3.72303
threshold=0.016002550971431856 0.0043259383199024705 0.051899492727249912 0.0052147498903151188 0.052646717785798776
decision_type=2 2 2 2 2
left_child=-1 4 3 -3 -2
right_child=1 2 -4 -5 -6
leaf_value=0.02496080837589373 -0.025982971549187293 -0.0053050377540049135 -0.024292832590594619 0.0075777022729275004 0
leaf_weight=9.008958160877226 11.885221868753435 45.455779582262039 7.0398709028959265 70.781893759965897 7.0299125760793677
leaf_count=38 50 190 30 297 30
internal_value=0 -0.00200964 0.000400397 0.00240841 -0.0169703
internal_weight=151.202 142.193 123.278 116.238 18.9151
internal_count=635 597 517 487 80
is_linear=0
shrinkage=0.03


Tree=45
num_leaves=6
num_cat=0
split_feature=15 21 35 37 16
split_gain=7.26598 5.99626 6.79151 6.87736 5.378
threshold=-104.49798434241622 0.016002550971431856 0.056294619725414836 -0.024254069075126002 -0.31954081525444872
decision_type=2 2 2 2 2
left_child=-1 -2 3 -3 -4
right_child=1 2 4 -5 -6
leaf_value=0.023812268310706625 0.018124552578691625 -0.030896311006682536 0.023131592511446281 -0.0051133898748747372 -0.0023889372491044951
leaf_weight=7.8340149521827689 9.2210283130407316 8.8768304735422117 10.71248233318329 100.99536415934563 14.940511777997015
leaf_count=32 39 37 44 427 64
internal_value=-0.00101289 -0.00276493 -0.00453822 -0.00784564 0.008628
internal_weight=152.58 144.746 135.525 109.872 25.653
internal_count=643 611 572 464 108
is_linear=0
shrinkage=0.03


Tree=46
num_leaves=11
num_cat=0
split_feature=28 38 38 19 20 12 38 20 21 12
split_gain=6.32165 7.05056 6.80651 6.19966 5.98804 4.87579 4.11182 3.75592 2.54875 2.16961
threshold=7.5000000000000009 0.0072297456335562596 0.0077932116399021785 0.25559870502848875 0.041440693061723259 49.195369816377855 0.0078995955767183126 0.029085453625894805 0.035893991777226193 53.998191105378133
decision_type=2 2 2 2 2 2 2 2 2 2
left_child=1 9 -3 -4 5 6 -2 -7 -6 -1
right_child=4 2 3 -5 8 7 -8 -9 -10 -11
leaf_value=0.031480699837450436 -0.017431247078636535 -0.021104703528360632 0.009528560489514587 -0.01248543267796981 -0.0023712925153436372 -0.0026852748498513404 0.0055971808693239863 -0.03017982068197635 0.017801068009364655 0.0079147384457573695
leaf_weight=7.0538349300622967 8.9996201843023318 10.022853776812552 41.798421010375023 13.3001402169466 10.772497266530992 8.2088157236576098 16.118866384029388 15.977146133780478 7.2687144577503195 12.927760794758795
leaf_count=30 37 42 175 55 45 36 68 71 30 54
internal_value=-0.000970152 0.00431373 -0.000408688 0.00370074 -0.0077954 -0.0131623 -0.00277753 -0.0223387 0.00597298 0.0190237
internal_weight=152.449 85.103 65.1214 55.0986 67.3457 49.3044 25.1185 24.186 18.0412 19.9816
internal_count=643 356 272 230 287 212 105 107 75 84
is_linear=0
shrinkage=0.03


Tree=47
num_leaves=6
num_cat=0
split_feature=15 38 28 38 10
split_gain=6.88959 15.9275 5.07441 6.67026 5.79744
threshold=-104.49798434241622 0.012005549554043303 7.5000000000000009 0.00974901266386838 0.018416819772705043
decision_type=2 2 2 2 2
left_child=-1 2 4 -4 -2
right_child=1 -3 3 -5 -6
leaf_value=0.023229465251164243 0.014600752033962754 -0.026626576900827318 -0.013648197113123027 0.0080881940493709361 -0.001509736804976377
leaf_weight=7.827564448118209 36.250076413154602 19.379283100366592 32.797915771603584 17.4584009796381 38.53937891125679
leaf_count=32 152 84 139 75 161
internal_value=-0.000948039 -0.00266025 0.00129662 -0.00578964 0.0062805
internal_weight=152.253 144.425 125.046 50.2563 74.7895
internal_count=643 611 527 214 313
is_linear=0
shrinkage=0.03


Tree=48
num_leaves=9
num_cat=0
split_feature=38 38 2 35 4 37 11 36
split_gain=5.93511 10.7868 6.58914 6.87747 5.57599 3.91341 2.05422 0.381547
threshold=0.0072297456335562596 0.0077932116399021785 0.012138267398168369 0.055666227439163725 0.049793830549722091 0.013917717001847298 -0.001197751825287807 0.0060445121867038097
decision_type=2 2 2 2 2 2 2 2
left_child=5 7 4 -4 -3 -1 -7 -2
right_child=1 2 3 -5 -6 6 -8 -9
leaf_value=-0.0034386291645532737 -0.033374254514129315 0.00068135339350245208 -0.01614243923179812 0.0091197972748402606 0.021756352593885919 0.0024191300692057295 0.025880021795519976 -0.011623458603679193
leaf_weight=8.8520755022764224 7.515223875641821 53.442657917737961 32.282058283686638 11.201728209853171 12.971928909420965 7.167324468493466 11.180065169930455 7.4734220653772354
leaf_count=37 32 225 139 48 54 30 47 31
internal_value=-0.000916399 -0.00379996 -0.000218845 -0.00919007 0.0055326 0.0111633 0.018591 -0.0260573
internal_weight=152.086 124.887 109.898 43.4838 66.4146 27.1995 18.3474 14.9886
internal_count=643 529 466 187 279 114 77 63
is_linear=0
shrinkage=0.03


Tree=49
num_leaves=7
num_cat=0
split_feature=15 38 20 36 35 34
split_gain=6.55953 15.1366 5.79849 7.41006 6.83703 1.4718
threshold=-104.49798434241622 0.012005549554043303 0.04228880166542956 0.0063170362415130325 0.056294619725414836 0.027299270392837752
decision_type=2 2 2 2 2 2
left_child=-1 2 4 -4 -2 -3
right_child=1 5 3 -5 -6 -7
leaf_value=0.022720605562519553 -0.0058285046215563411 -0.032370598311398401 0.025725741373961854 -0.0073911593122662237 0.012433721176120155 -0.0079610230975131653
leaf_weight=7.8123703747987738 80.883409097790718 12.445517659187319 15.057222560048105 7.4007517397403708 21.50507327914238 6.8208901584148398
leaf_count=32 343 54 63 31 90 30
internal_value=-0.000886105 -0.00256197 0.00128893 0.0144872 -0.00168439 -0.0259956
internal_weight=151.925 144.113 124.846 22.458 102.388 19.2664
internal_count=643 611 527 94 433 84
is_linear=0
shrinkage=0.03


end of trees

feature_importances:
macro_topix_vol_20=42
month=26
macro_usdjpy_vol_20=23
volatility=22
macro_topix_ret_20=21
macd_signal=20
atr_pct=20
div_ma_20=19
bb_bandwidth=17
macro_usdjpy_ret_60=17
macd_hist=15
macro_usdjpy_ret_20=12
return_10d=11
return_20d=11
div_ma_5=11
return_1d=10
price_position_20d=10
bb_pct_b=9
return_3d=8
ma_20_60_cross=8
rsi=8
macd=8
lower_shadow_pct=8
return_5d=6
div_ma_10=6
ma_5_20_cross=6
vol_change=6
vol_ratio=6
div_ma_60=5
upper_shadow_pct=5
macd_hist_change=4
rsi_change=3
gap=3
macro_nikkei_ret_20=2
return_2d=1
candle_body_pct=1
macro_topix_above_200dma=1

parameters:
[boosting: gbdt]
[objective: binary]
[metric: binary_logloss]
[tree_learner: serial]
[device_type: cpu]
[data_sample_strategy: bagging]
[data: ]
[valid: ]
[num_iterations: 50]
[learning_rate: 0.03]
[num_leaves: 15]
[num_threads: 0]
[seed: 42]
[deterministic: 0]
[force_col_wise: 0]
[force_row_wise: 0]
[histogram_pool_size: -1]
[max_depth: 4]
[min_data_in_leaf: 30]
[min_sum_hessian_in_leaf: 0.001]
[bagging_fraction: 0.7]
[pos_bagging_fraction: 1]
[neg_bagging_fraction: 1]
[bagging_freq: 5]
[bagging_seed: 400]
[bagging_by_query: 0]
[feature_fraction: 0.6]
[feature_fraction_bynode: 1]
[feature_fraction_seed: 30056]
[extra_trees: 0]
[extra_seed: 12879]
[early_stopping_round: 0]
[early_stopping_min_delta: 0]
[first_metric_only: 0]
[max_delta_step: 0]
[lambda_l1: 0.5]
[lambda_l2: 2]
[linear_lambda: 0]
[min_gain_to_split: 0]
[drop_rate: 0.1]
[max_drop: 50]
[skip_drop: 0.5]
[xgboost_dart_mode: 0]
[uniform_drop: 0]
[drop_seed: 17869]
[top_rate: 0.2]
[other_rate: 0.1]
[min_data_per_group: 100]
[max_cat_threshold: 32]
[cat_l2: 10]
[cat_smooth: 10]
[max_cat_to_onehot: 4]
[top_k: 20]
[monotone_constraints: ]
[monotone_constraints_method: basic]
[monotone_penalty: 0]
[feature_contri: ]
[forcedsplits_filename: ]
[refit_decay_rate: 0.9]
[cegb_tradeoff: 1]
[cegb_penalty_split: 0]
[cegb_penalty_feature_lazy: ]
[cegb_penalty_feature_coupled: ]
[path_smooth: 0]
[interaction_constraints: ]
[verbosity: -1]
[saved_feature_importance_type: 0]
[use_quantized_grad: 0]
[num_grad_quant_bins: 4]
[quant_train_renew_leaf: 0]
[stochastic_rounding: 1]
[linear_tree: 0]
[max_bin: 255]
[max_bin_by_feature: ]
[min_data_in_bin: 5]
[bin_construct_sample_cnt: 200000]
[data_random_seed: 175]
[is_enable_sparse: 1]
[enable_bundle: 1]
[use_missing: 1]
[zero_as_missing: 0]
[feature_pre_filter: 1]
[pre_partition: 0]
[two_round: 0]
[header: 0]
[label_column: ]
[weight_column: ]
[group_column: ]
[ignore_column: ]
[categorical_feature: ]
[forcedbins_filename: ]
[precise_float_parser: 0]
[parser_config_file: ]
[objective_seed: 16083]
[num_class: 1]
[is_unbalance: 0]
[scale_pos_weight: 1]
[sigmoid: 1]
[boost_from_average: 1]
[reg_sqrt: 0]
[alpha: 0.9]
[fair_c: 1]
[poisson_max_delta_step: 0.7]
[tweedie_variance_power: 1.5]
[lambdarank_truncation_level: 30]
[lambdarank_norm: 1]
[label_gain: ]
[lambdarank_position_bias_regularization: 0]
[eval_at: ]
[multi_error_top_k: 1]
[auc_mu_weights: ]
[num_machines: 1]
[local_listen_port: 12400]
[time_out: 120]
[machine_list_filename: ]
[machines: ]
[gpu_platform_id: -1]
[gpu_device_id: -1]
[gpu_use_dp: 0]
[num_gpu: 1]

end of parameters

pandas_categorical:[]
