tree
version=v4
num_class=1
num_tree_per_iteration=1
label_index=0
max_feature_idx=44
objective=binary sigmoid:1
feature_names=return_1d return_2d return_3d return_5d return_10d return_20d div_ma_5 div_ma_10 div_ma_20 div_ma_60 ma_5_20_cross ma_20_60_cross rsi rsi_change macd macd_signal macd_hist macd_hist_change bb_pct_b bb_bandwidth atr_pct volatility vol_change vol_ratio candle_body_pct upper_shadow_pct lower_shadow_pct day_of_week month is_month_end is_month_start streak gap price_position_20d macro_usdjpy_ret_20 macro_usdjpy_ret_60 macro_usdjpy_vol_20 macro_topix_ret_20 macro_topix_vol_20 macro_topix_above_200dma macro_nikkei_ret_20 macro_nikkei_above_200dma macro_nikkei_vi macro_jgb10y macro_bias_score
feature_infos=[-0.13386363636363641:0.15879648976180527] [-0.19497253907900292:0.19097367321353942] [-0.2673971549404075:0.18898623279098881] [-0.25870453219218048:0.19580128871336511] [-0.29854592306276462:0.29176420515003199] [-0.29880404783808645:0.28443977958541056] [-0.18390509229517327:0.11611529642974119] [-0.2241607459131533:0.14364826313139792] [-0.27418510089227044:0.20249215012331975] [-0.28127111851514253:0.23601756020819975] [-0.169838902442638:0.12860256720755636] [-0.10044447101969223:0.11939769707705938] [12.985274431057562:92.494929006085187] [-35.624191629158261:32.446390818483849] [-156.76318191480641:257.04699434236682] [-122.36225828962142:239.40588210350842] [-84.201116591746825:86.310397622041251] [-29.420967648128908:33.229823556557932] [-0.29703732932783689:1.4375951958711242] [0.040982674515949731:0.48996084652269978] [0.012469012469012469:0.0778495071497987] [0.0067336130970970425:0.057266213584358475] [-0.89775573107301099:5.0607630711257654] [0.4517168917264941:1.9838606501035032] [-0.98620689655172411:0.98701298701298701] [0:0.95918367346938771] [0:0.96875] [0:4] [1:12] none [0:1] [-8:13] [-0.13437139561707034:0.15602094240837694] [0:1] [-0.10288784967882303:0.08505611680078462] [-0.13986255140503889:0.13160084488587853] [0.0024251968629527628:0.011841457708833433] [-0.22586490939044479:0.19897850606512013] [0.0040695656522785678:0.036437277456277402] [0:1] [-0.22859537662338159:0.23022297972565586] [0:1] none none none
tree_sizes=1303 1371 1211 1305 1201 1200 1081 1282 1097 971 1074 1203 1287 1207 1210 1211 1181 1207 1091 968 1304 1201 891 1185 1203 1079 1309 1308 1339 1099 1201 1393 1397 875 1398 887 1395 875 1190 1196 1201 1201 968 1091 1185 1401 1073 1516 1497 864

Tree=0
num_leaves=11
num_cat=0
split_feature=35 16 9 14 5 35 7 0 17 7
split_gain=11.4452 11.2811 11.1472 14.084 13.6005 10.4531 10.0705 8.61385 4.57662 2.83948
threshold=0.040090918997515053 -2.4990357477771705 0.021808724618804582 84.957504389951069 0.016328614197401951 0.055666227439163725 0.018408185338258231 0.016210702868894148 1.4819831290791152 -0.022109412631230337
decision_type=2 2 2 2 2 2 2 2 2 2
left_child=2 5 4 7 8 9 -3 -4 -1 -2
right_child=1 6 3 -5 -6 -7 -8 -9 -10 -11
leaf_value=0.008880373688448271 -0.029786044801279121 -0.046036052713683884 0.020287690535079981 -0.017786541364755375 -0.042084893802265502 0.013345299068469849 -0.0083934668045707594 -0.0074731300751124524 -0.016370385991856591 -0.0065288588824635556
leaf_weight=13.749853298068052 8.2499119788408297 13.499855965375902 42.499546557664871 13.749853298068045 8.4999093115329725 14.74984262883663 12.74986396729946 11.499877303838728 8.4999093115329725 8.499909311532976
leaf_count=55 33 54 170 55 34 59 51 46 34 34
internal_value=-0.00557716 -0.0158794 0.00067811 0.00742498 -0.0136733 -0.00410586 -0.0297099 0.0142852 -0.00140064 -0.019154
internal_weight=156.248 57.7494 98.4989 67.7493 30.7497 31.4997 26.2497 53.9994 22.2498 16.7498
internal_count=625 231 394 271 123 126 105 216 89 67
is_linear=0
shrinkage=1


Tree=1
num_leaves=12
num_cat=0
split_feature=35 16 9 5 9 35 7 40 0 40 25
split_gain=10.809 10.699 10.5516 12.9364 12.474 9.92691 9.53878 6.0671 5.01615 4.36583 2.86469
threshold=0.040090918997515053 -2.4990357477771705 0.021808724618804582 0.016328614197401951 0.11382422363477966 0.055666227439163725 0.018408185338258231 -0.0097993913998339881 0.016210702868894148 0.055307037573315905 0.26095238095238099
decision_type=2 2 2 2 2 2 2 2 2 2 2
left_child=2 5 3 7 8 10 -3 -1 -4 -6 -2
right_child=1 6 4 -5 9 -7 -8 -9 -10 -11 -12
leaf_value=-0.0067376621636917704 0 -0.038492511703877706 0.024791865918721661 -0.034704810536116307 -0.021190558247172801 0.019349701920029584 -0.0018162649220387329 0.022320788587193118 0 0.0062884998468212315 -0.023003722997401686
leaf_weight=13.499473690986635 8.4989592730999046 13.492849767208101 42.49571093916893 8.4962371885776502 8.4993571639060992 14.749343261122702 12.749775812029837 8.7496855705976504 8.9998581856489164 7.7494534552097312 8.249120280146597
leaf_count=54 34 54 170 34 34 59 51 35 36 31 33
internal_value=0.000886516 -0.00912314 0.00696877 -0.00698598 0.0135358 0.00233245 -0.0225952 0.00496971 0.0206602 -0.00801026 -0.0123193
internal_weight=156.23 57.74 98.4898 30.7454 67.7444 31.4974 26.2426 22.2492 51.4956 16.2488 16.7481
internal_count=625 231 394 123 271 126 105 89 206 65 67
is_linear=0
shrinkage=0.03


Tree=2
num_leaves=10
num_cat=0
split_feature=35 10 36 35 14 11 13 38 38
split_gain=10.2258 12.1107 7.62946 7.35944 7.12789 9.42301 8.96984 4.66694 3.02151
threshold=0.040090918997515053 0.0072214966105702558 0.0048556314556027257 0.063860315301012341 102.29462836740915 0.011217249141428078 4.309693606293302 0.0087736564674753825 0.0088339553591261707
decision_type=2 2 2 2 2 2 2 2 2
left_child=4 3 -3 8 5 7 -7 -1 -2
right_child=1 2 -4 -5 -6 6 -8 -9 -10
leaf_value=-0.012244692924285748 -0.018214771174303878 -0.00089825077635929235 -0.036474404003951015 0.023987722049238776 -0.01556883817280001 0.023873997007366712 -0.0031880680027250733 0.0083258359265563509 0.0015453227503708356
leaf_weight=18.492380052804947 8.4976002275943774 9.4966212064027804 14.736158877611159 8.4965132474899274 9.2485163956880552 40.982475593686104 12.99737127125263 16.741607472300529 16.490113824605942
leaf_count=74 34 38 59 34 37 164 52 67 66
internal_value=0.000832739 -0.00890231 -0.0242356 0.00251236 0.00675219 0.00952123 0.0172089 -0.00214544 -0.00547057
internal_weight=156.179 57.717 24.2328 33.4842 98.4624 89.2138 53.9798 35.234 24.9877
internal_count=625 231 97 134 394 357 216 141 100
is_linear=0
shrinkage=0.03


Tree=3
num_leaves=11
num_cat=0
split_feature=5 14 14 26 10 4 40 4 10 2
split_gain=10.0643 14.6937 8.31925 7.58521 7.47653 9.92151 7.72571 4.88178 4.36709 4.13556
threshold=0.10383159861727666 27.017119929851564 79.997717889197716 0.26344707923655297 0.0068104405641170604 0.046132346689801158 -0.0037831448702477784 0.061136496917067025 0.03137879606724648 0.014108004257142428
decision_type=2 2 2 2 2 2 2 2 2 2
left_child=1 4 7 8 6 -6 -1 -2 -3 -5
right_child=2 3 -4 9 5 -7 -8 -9 -10 -11
leaf_value=-0.0065513538286097652 -0.014404088876188936 -0.0049839049550171452 -0.028998719498723225 0.037673117132289338 -0.033730277807055772 0.0040447382730022198 0.014854561183349735 0.015207639173123556 0.020138657801882467 0.007514231122147122
leaf_weight=33.234662443399429 7.4933963418006924 14.990437969565393 14.489884331822394 15.487150073051454 11.975878596305849 9.4942162334918958 24.234789669513702 8.4957788139581663 7.4939612150192252 8.7444030940532667
leaf_count=133 30 60 58 62 48 38 97 34 30 35
internal_value=0.000788489 0.00466099 -0.0140187 0.0176749 -0.00310167 -0.0174656 0.00241925 0.000437613 0.00373776 0.0287643
internal_weight=156.135 125.655 30.4791 46.716 78.9395 21.4701 57.4695 15.9892 22.4844 24.2316
internal_count=625 503 122 187 316 86 230 64 90 97
is_linear=0
shrinkage=0.03


Tree=4
num_leaves=10
num_cat=0
split_feature=5 14 10 4 40 18 38 38 14
split_gain=9.5642 12.8297 7.08492 9.44945 7.30337 6.5896 5.9634 8.5012 5.71265
threshold=0.11143279603051039 27.017119929851564 0.0068104405641170604 0.046132346689801158 -0.0037831448702477784 0.7955335005041112 0.010345850730356506 0.0068446202370730574 79.997717889197716
decision_type=2 2 2 2 2 2 2 2 2
left_child=1 2 4 -4 -1 -2 7 -3 -7
right_child=5 6 3 -5 -6 8 -8 -9 -10
leaf_value=-0.0063662175359552832 -0.031171128848453116 0.026200645808216613 -0.032902818935793596 0.0039444880353312391 0.014443681240055403 0.011982827965160993 0.031831977913506934 -0.0024783984712753227 -0.019177789970014944
leaf_weight=33.233306810259819 10.483447372913362 12.480657145380972 11.959278553724291 9.4942775219678861 24.233381599187851 9.7429867237806338 13.987176254391668 22.976871147751808 7.4926513582468024
leaf_count=133 42 50 48 38 97 39 56 92 30
internal_value=0.000769145 0.00434969 -0.00301972 -0.0170107 0.0023476 -0.0144842 0.0160639 0.00807581 -0.00136902
internal_weight=156.084 128.365 78.9202 21.4536 57.4667 27.7191 49.4447 35.4575 17.2356
internal_count=625 514 316 86 230 111 198 142 69
is_linear=0
shrinkage=0.03


Tree=5
num_leaves=10
num_cat=0
split_feature=14 40 10 4 36 23 22 21 19
split_gain=11.2209 12.2866 10.6247 10.8001 9.5094 8.05664 7.38284 5.2129 3.25813
threshold=78.90187358607308 0.036487423975303586 0.0068104405641170604 0.046132346689801158 0.0069713536265523174 0.91371025193858713 0.20004210627426713 0.015410966626826653 0.17435412181936563
decision_type=2 2 2 2 2 2 2 2 2
left_child=1 2 5 -4 8 -1 7 -3 -2
right_child=4 6 3 -5 -6 -7 -8 -9 -10
leaf_value=0.01679735424820071 -0.008215072378327512 0.0071331283726691697 -0.028390145721603501 0.0057676993295553989 0.0072047124138009582 -0.0041850339442296982 -0.0015864350455414031 0.035039692942392321 -0.040221055411511872
leaf_weight=28.47395583987236 7.495753809809691 12.734551385045053 19.191601678729061 11.739910289645193 8.2372612804174405 32.726301312446594 11.480523481965063 17.722865909337997 8.9767389148473722
leaf_count=114 30 51 77 47 33 131 46 71 36
internal_value=0.000984074 0.00454889 -0.00149614 -0.0154073 -0.0166886 0.00556249 0.017634 0.0249923 -0.0289351
internal_weight=158.779 134.07 92.1318 30.9315 24.7098 61.2003 41.9379 30.4574 16.4725
internal_count=636 537 369 124 99 245 168 122 66
is_linear=0
shrinkage=0.03


Tree=6
num_leaves=9
num_cat=0
split_feature=14 40 10 38 5 35 32 35
split_gain=10.6739 11.6429 10.035 7.82669 7.30852 6.48289 5.75416 5.37386
threshold=78.90187358607308 0.036487423975303586 0.0068104405641170604 0.010305555402978782 -0.012706356155376406 0.050753853021297209 0.0077520704905584834 0.0052147498903151188
decision_type=2 2 2 2 2 2 2 2
left_child=1 2 4 -2 -1 -4 7 -3
right_child=3 6 5 -5 -6 -7 -8 -9
leaf_value=-0.0029041626923595157 -0.029462054384881128 0.0035393977950675458 -0.0048089540125843457 0.0022119929342370348 0.01732968732012824 -0.035212979618620466 0 0.032604786936573246
leaf_weight=36.227094992995262 14.206562995910646 10.230461150407793 22.711256176233295 10.485727697610853 24.967031538486481 8.2019809484481794 12.228417858481405 19.455036550760269
leaf_count=145 57 41 91 42 100 33 49 78
internal_value=0.000948131 0.00442753 -0.00145329 -0.0162916 0.00540102 -0.0149811 0.01717 0.0239171
internal_weight=158.714 134.021 92.1074 24.6923 61.1941 30.9132 41.9139 29.6855
internal_count=636 537 369 99 245 124 168 119
is_linear=0
shrinkage=0.03


Tree=7
num_leaves=11
num_cat=0
split_feature=14 40 10 36 23 28 33 16 19 36
split_gain=10.0952 11.0604 9.53837 8.97833 7.56736 6.15299 8.67658 6.033 3.13429 0.361263
threshold=78.90187358607308 0.036487423975303586 0.0068104405641170604 0.0069713536265523174 0.91371025193858713 6.5000000000000009 0.67450728786233682 4.8559179595581972 0.17435412181936563 0.0056356441395396381
decision_type=2 2 2 2 2 2 2 2 2 2
left_child=1 2 4 8 -1 9 -7 -4 -2 -3
right_child=3 5 7 -5 -6 6 -8 -9 -10 -11
leaf_value=0.016146467355039364 -0.0076240156837264718 0.013036699361599438 -0.025669004127794728 0.0072793798130215562 -0.004185820104112792 0.023116264621126655 -0.011834392600835315 0 -0.038847592315455523 0.03357503965910684
leaf_weight=28.460843920707703 7.4943904578685823 8.2352448403835314 16.922224581241611 8.2358297407627088 32.722936764359474 9.7083514481782931 11.729366153478621 13.970421075820921 8.9436007440090162 12.215599596500395
leaf_count=114 30 33 68 33 131 39 47 56 36 49
internal_value=0.000910332 0.004297 -0.00143134 -0.0158585 0.00524646 0.0167218 0.00397541 -0.0146278 -0.0277968 0.0278708
internal_weight=158.639 133.965 92.0764 24.6738 61.1838 41.8886 21.4377 30.8926 16.438 20.4508
internal_count=636 537 369 99 245 168 86 124 66 82
is_linear=0
shrinkage=0.03


Tree=8
num_leaves=9
num_cat=0
split_feature=14 40 10 4 38 23 22 11
split_gain=9.61433 10.5347 9.02472 9.89012 7.33727 7.15581 6.94509 4.49681
threshold=78.90187358607308 0.036487423975303586 0.0068104405641170604 0.046132346689801158 0.010305555402978782 0.91371025193858713 0.20004210627426713 0.045425155175663263
decision_type=2 2 2 2 2 2 2 2
left_child=1 2 5 -4 -2 -1 7 -3
right_child=4 6 3 -5 -6 -7 -8 -9
leaf_value=0.015699492468466827 -0.028277377809275996 0.010191978328233891 -0.026714728181996536 0.0059325176781747308 0.0023570946206848929 -0.0040675340124605155 -0.0022150380080715988 0.036220464358841548
leaf_weight=28.450106337666512 14.165017783641817 17.19470697641373 19.135290294885639 11.738004863262175 10.481102272868155 32.722468733787537 11.47220157086849 13.185600876808165
leaf_count=114 57 69 77 47 42 131 46 53
internal_value=0.000883423 0.00419073 -0.00139619 -0.0142402 -0.0154876 0.00509424 0.0163234 0.0234915
internal_weight=158.544 133.898 92.0459 30.8733 24.6461 61.1726 41.8525 30.3803
internal_count=636 537 369 124 99 245 168 122
is_linear=0
shrinkage=0.03


Tree=9
num_leaves=8
num_cat=0
split_feature=15 40 12 2 33 23 21
split_gain=9.30504 8.30819 7.79067 9.50827 5.02918 3.96775 5.16531
threshold=114.03289552136485 0.036487423975303586 34.714323569579491 -0.025565047624599876 0.10948801300284439 0.88084863646755129 0.015144781864611179
decision_type=2 2 2 2 2 2 2
left_child=1 2 4 -4 -1 -3 -7
right_child=-2 5 3 -5 -6 6 -8
leaf_value=0 -0.023675395142051827 -0.00095706269751133131 -0.027420884005843089 -0.0008181839198900078 0.030632789502437942 0.0018542925508518949 0.026145819692497324
leaf_weight=7.7460927963256818 10.699186027050017 11.709229573607443 12.951307937502859 71.000819221138954 7.744327187538147 14.199351981282232 22.37789985537529
leaf_count=31 43 47 52 285 31 57 90
internal_value=0.000860946 0.00303066 -0.00182881 -0.00563926 0.0162481 0.0130114 0.0176897
internal_weight=158.428 147.729 99.4425 83.9521 15.4904 48.2865 36.5773
internal_count=636 593 399 337 62 194 147
is_linear=0
shrinkage=0.03


Tree=10
num_leaves=9
num_cat=0
split_feature=15 9 9 15 4 28 21 2
split_gain=7.15132 11.0252 10.37 10.2951 8.05049 5.50239 3.89265 3.88885
threshold=78.691141227440653 0.01045948814324151 0.11684874937214342 -11.810786955209421 -0.032314344327548532 8.5000000000000018 0.023905959868525898 0.036973587144689575
decision_type=2 2 2 2 2 2 2 2
left_child=1 3 7 5 -5 -1 -2 -3
right_child=6 2 -4 4 -6 -7 -8 -9
leaf_value=0.017404541776899471 -0.00050856100630214352 0.017997190702671872 -0.012318863968025243 0 -0.032215414952467519 -0.0077797270832164834 -0.026573780828155858 -0.0012621535808835075
leaf_weight=14.491793274879457 11.198181644082071 56.946022093296051 12.942862614989279 11.233136624097826 15.671464413404463 12.237700983881949 10.190040335059164 9.2366341948509199
leaf_count=58 45 229 52 45 63 49 41 37
internal_value=0.000428634 0.00317289 0.0102631 -0.00701051 -0.0195917 0.00561328 -0.0147787 0.0151311
internal_weight=154.148 132.76 79.1255 53.6341 26.9046 26.7295 21.3882 66.1827
internal_count=619 533 318 215 108 107 86 266
is_linear=0
shrinkage=0.03


Tree=11
num_leaves=10
num_cat=0
split_feature=38 5 3 16 36 17 11 22 14
split_gain=9.44733 7.40871 9.63155 8.74519 6.90548 6.0478 4.34626 3.48283 1.73622
threshold=0.0071143805668462496 0.090472191759721002 0.011331315030573054 -5.0318184293981814 0.0071220746004734565 -0.68917746434712235 0.058189599286790357 0.13460104446941415 94.970745783229418
decision_type=2 2 2 2 2 2 2 2 2
left_child=5 2 3 -2 8 -1 -4 -7 -3
right_child=1 4 6 -5 -6 7 -8 -9 -10
leaf_value=0.031901354809267521 0.0040550538907862498 -0.011233567018171738 0.018256842801348629 -0.018043678407420431 0.0057728939538632569 0.014523394831430302 -0.0034346040897175498 -0.0097233184210543042 -0.033978110326452787
leaf_weight=10.421409934759142 31.680028945207596 11.958564609289175 28.1550572514534 28.089181959629059 7.9629278928041449 9.2084074616432208 9.2256581932306272 7.7285581380128852 9.6474386453628522
leaf_count=42 127 48 113 113 32 37 37 31 39
internal_value=0.000384667 -0.00302529 0.000914123 -0.0063356 -0.0156815 0.01582 0.0126199 0.00280881 -0.0240431
internal_weight=154.077 126.719 97.1499 59.7692 29.5689 27.3584 37.3807 16.937 21.606
internal_count=619 509 390 240 119 110 150 68 87
is_linear=0
shrinkage=0.03


Tree=12
num_leaves=11
num_cat=0
split_feature=38 3 9 33 38 38 17 9 22 37
split_gain=8.98817 6.02728 13.5492 9.08916 7.42552 6.50652 5.76401 5.22563 3.31855 3.2578
threshold=0.0071143805668462496 0.011331315030573054 0.094489028076601894 0.6314924960232382 0.0092026063218191099 0.011232053867317829 -0.68917746434712235 0.10255974486388909 0.13460104446941415 0.046076855652094191
decision_type=2 2 2 2 2 2 2 2 2 2
left_child=6 3 5 4 -2 -3 -1 -5 -8 -4
right_child=1 2 9 7 -6 -7 8 -9 -10 -11
leaf_value=0.031156843520555408 -0.01553651047480099 0.024707714380113179 -0.022681030905884181 -0.040182308920700002 0.006428378906926319 -0.001314375356203128 0.014171364560819695 -0.004462726304488897 -0.0094910217999122706 0
leaf_weight=10.398453190922739 20.656945437192917 22.410317927598953 11.705044567584993 9.1553559899330157 32.902944028377533 11.467323854565619 9.2037894278764742 7.9136181622743598 7.7291269153356543 10.443619668483732
leaf_count=42 83 90 47 37 132 46 37 32 31 42
internal_value=0.000369677 -0.00295414 0.00413717 -0.00874487 -0.00202737 0.0158991 0.015435 -0.0266134 0.00271662 -0.013059
internal_weight=153.987 126.655 56.0263 70.6289 53.5599 33.8776 27.3314 17.069 16.9329 22.1487
internal_count=619 509 225 284 215 136 110 69 68 89
is_linear=0
shrinkage=0.03


Tree=13
num_leaves=10
num_cat=0
split_feature=38 5 9 5 36 6 9 40 36
split_gain=8.56693 6.86234 7.72566 7.26064 6.65407 6.19039 4.54632 2.28739 1.07147
threshold=0.0071143805668462496 0.090472191759721002 0.01045948814324151 0.017408628420019005 0.0071220746004734565 0.010948723023084689 0.094489028076601894 0.07418991112433472 0.0063726376729655249
decision_type=2 2 2 2 2 2 2 2 2
left_child=5 2 3 -2 7 8 -4 -3 -1
right_child=1 4 6 -5 -6 -7 -8 -9 -10
leaf_value=0.0086296798392385791 -0.0012787302420578205 -0.030524651142864668 0.013589461270536462 -0.030719450656246327 0.0059117203417901037 -0.0035913461532184471 -0.0080070703797618849 -0.0058573161203188178 0.030896428221634745
leaf_weight=7.4147445112466874 40.658711954951286 13.602055221796041 40.005918741226196 7.6879161298274985 7.9589619338512412 8.9564919471740705 8.726135388016699 7.9560322463512412 10.927530258893965
leaf_count=30 163 55 161 31 32 36 35 32 44
internal_value=0.00034267 -0.00289972 0.000886128 -0.00729257 -0.015093 0.0150625 0.00926343 -0.023328 0.024366
internal_weight=153.894 126.596 97.0787 48.3466 29.517 27.2988 48.7321 21.5581 18.3423
internal_count=619 509 390 194 119 110 196 87 74
is_linear=0
shrinkage=0.03


Tree=14
num_leaves=10
num_cat=0
split_feature=38 5 3 23 36 31 11 32 35
split_gain=8.16632 6.49199 8.56719 8.63054 6.35126 5.30854 4.04234 1.62849 0.856823
threshold=0.0071143805668462496 0.090472191759721002 0.011331315030573054 0.71834612277726639 0.0071220746004734565 1.5000000000000002 0.058189599286790357 -0.0004030749124323551 0.025770323971595403
decision_type=2 2 2 2 2 2 2 2 2
left_child=5 2 3 -2 8 7 -4 -1 -3
right_child=1 4 6 -5 -6 -7 -8 -9 -10
leaf_value=0.032659054780334831 0.020181727909464191 -0.032953230680148493 0.017338144913904948 -0.010631784857768854 0.0057692280642337584 -0.0031702059519601337 -0.0035375017643200003 0.0094893663358506051 -0.013071793815034382
leaf_weight=8.65620814263821 7.4766374826431266 7.4114120602607789 28.119354337453842 52.229839026927948 7.9602497071027747 8.4609395861625654 9.2187124043703061 10.158899888396263 14.110120162367819
leaf_count=35 30 30 113 210 32 34 37 41 57
internal_value=0.000315781 -0.00284797 0.000830156 -0.00600107 -0.0147152 0.0146959 0.0118849 0.0229834 -0.0227759
internal_weight=153.802 126.526 97.0445 59.7065 29.4818 27.276 37.3381 18.8151 21.5215
internal_count=619 509 390 240 119 110 150 76 87
is_linear=0
shrinkage=0.03


Tree=15
num_leaves=10
num_cat=0
split_feature=38 38 17 16 20 20 35 38 17
split_gain=10.316 8.02136 12.4931 8.44633 11.7983 9.27077 5.90809 4.16864 2.89191
threshold=0.0068199106301578523 0.010345850730356506 -0.7726547351757852 -5.2321117736573974 0.032866592282176706 0.025136636335186858 1.0000000180025095e-35 0.0078374021876776705 -0.68917746434712235
decision_type=2 2 2 2 2 2 2 2 2
left_child=8 2 7 4 -3 -5 -4 -2 -1
right_child=1 3 6 5 -6 -7 -8 -9 -10
leaf_value=0.03138524893021858 -0.0012261623122333544 0.039715985017439025 -0.01505440226830598 -0.019910890204744111 -0.0050707064917593341 0.0098656282237674173 0.0068987342221917807 -0.027687364918937047 0.0050859628145349268
leaf_weight=8.8442828506231326 8.4267018437385541 10.693241313099863 12.951085314154623 13.904486849904059 7.474313721060752 20.658916085958481 39.308812588453293 25.216019585728645 9.6798605322837812
leaf_count=36 34 43 52 56 30 83 158 102 39
internal_value=0.000259385 -0.00254897 -0.0082071 0.00635755 0.0218709 -0.00213678 0.000827478 -0.021921 0.0202081
internal_weight=157.158 138.634 85.9026 52.731 18.1676 34.5634 52.2599 33.6427 18.5241
internal_count=633 558 346 212 73 139 210 136 75
is_linear=0
shrinkage=0.03


Tree=16
num_leaves=10
num_cat=0
split_feature=38 38 40 15 16 15 16 21 0
split_gain=9.84533 7.60699 10.4064 11.7983 8.02362 7.90196 6.0168 5.85042 2.57609
threshold=0.0068199106301578523 0.010345850730356506 0.023709628993975777 68.194841741936429 -5.2321117736573974 54.715099257359974 -7.267903376579457 0.024148726135402008 0.0011311813289408559
decision_type=2 2 2 2 2 2 2 2 2
left_child=8 2 6 -4 7 -6 -2 -3 -1
right_child=1 4 3 -5 5 -7 -8 -9 -10
leaf_value=0.030686925749514475 -0.0041595099568705815 0.034054222560006342 0.011881302371224395 -0.020931581640932732 -0.011147921368494228 0.018460937589249413 -0.028038208772240402 0 0.0054759775644892391
leaf_weight=8.5839251577854174 19.209178313612938 10.438235908746721 31.544192254543304 11.865713849663733 25.109908744692802 9.4446470439434034 23.236029148101807 7.7019029408693305 9.9024936407804471
leaf_count=35 77 42 127 48 101 38 94 31 40
internal_value=0.000258087 -0.00248254 -0.00799584 0.002055 0.0061899 -0.00207745 -0.0182425 0.0213253 0.0197675
internal_weight=157.036 138.55 85.8551 43.4099 52.6947 34.5546 42.4452 18.1401 18.4864
internal_count=633 558 346 175 212 139 171 73 75
is_linear=0
shrinkage=0.03


Tree=17
num_leaves=10
num_cat=0
split_feature=38 38 17 16 4 34 4 16 1
split_gain=9.39033 7.25094 11.5274 7.62417 8.94581 6.15477 5.52486 4.17605 2.97012
threshold=0.0068199106301578523 0.010345850730356506 -0.7726547351757852 -5.2321117736573974 0.041454392990548879 -0.011343942007222772 -0.0096644448958855805 -11.841205643833252 0.0063257900501393358
decision_type=2 2 2 2 2 2 2 2 2
left_child=8 2 6 7 -5 -4 -2 -3 -1
right_child=1 3 5 4 -6 -7 -8 -9 -10
leaf_value=0.029713575915412845 -0.0034086904920952407 0.0042489055060858736 -0.015158219896659549 -0.017554718754029284 0.011299046883307453 0.007127843469036649 -0.030086408822914443 0.034736852531196544 0.0034331004924644903
leaf_weight=9.544120594859125 12.921123340725897 9.9497221708297747 13.212061226367949 16.139273583889008 18.413622006773949 39.027729108929634 20.612774446606636 8.1641532033681852 8.9042699187993986
leaf_count=39 52 40 53 65 74 157 84 33 36
internal_value=0.00026543 -0.0024087 -0.00779672 0.00605612 -0.00199096 0.000863784 -0.0209996 0.0208236 0.0193391
internal_weight=156.889 138.44 85.7737 52.6668 34.5529 52.2398 33.5339 18.1139 18.4484
internal_count=633 558 346 212 139 210 136 73 75
is_linear=0
shrinkage=0.03


Tree=18
num_leaves=9
num_cat=0
split_feature=14 14 9 33 4 18 2 23
split_gain=6.7556 7.8861 9.66476 8.72284 7.51334 6.29952 5.74466 5.72302
threshold=102.29462836740915 27.017119929851564 0.1122720155145903 0.40154373927958836 0.041454392990548879 0.089777227642842614 -0.016954409862463989 0.94742577896134705
decision_type=2 2 2 2 2 2 2 2
left_child=1 3 6 5 -5 -1 -3 -4
right_child=-2 2 7 4 -6 -7 -8 -9
leaf_value=-0.012169196260905232 -0.017825232432694915 -0.00086663784773198201 -0.02502999616446672 -0.022600410974726662 0.0034318705674611771 0.013005290104305197 0.0226410860102647 0.0060414193189525381
leaf_weight=10.224853068590162 14.47623600065708 10.623539119958876 7.4305214285850552 25.734397947788239 13.434330835938452 29.118889763951302 36.019240483641624 9.6858122646808607
leaf_count=41 59 43 30 104 54 117 146 39
internal_value=0.000269739 0.00243647 0.0101797 -0.00376211 -0.0135744 0.00582781 0.017163 -0.00787008
internal_weight=156.748 142.272 63.7591 78.5125 39.1687 39.3437 46.6428 17.1163
internal_count=633 574 258 316 158 158 189 69
is_linear=0
shrinkage=0.03


Tree=19
num_leaves=8
num_cat=0
split_feature=26 15 22 16 23 16 24
split_gain=5.97473 8.19874 6.61297 6.04313 14.005 5.26988 4.58125
threshold=0.46195202646815553 114.03289552136485 0.18552394209784875 -5.2321117736573974 1.1160875879753447 -14.908185592016887 0.033908045977011504
decision_type=2 2 2 2 2 2 2
left_child=1 3 6 5 -5 -1 -2
right_child=2 -3 -4 4 -6 -7 -8
leaf_value=-0.0042548764596754118 0.0302867758188878 -0.028176545357892536 -0.0069022448838163631 -0.013213077462803875 0.013534806372276213 0.017076272961824752 0
leaf_weight=14.435397848486899 13.345496475696569 8.3495017141103727 9.4044707715511304 55.805594846606255 23.049789413809776 24.789614364504814 7.4359197318553916
leaf_count=58 54 34 38 226 93 100 30
internal_value=0.000243605 -0.00256033 0.0118829 -0.000184956 -0.00506764 0.00903665 0.0209021
internal_weight=156.616 126.43 30.1859 118.08 78.8554 39.225 20.7814
internal_count=633 511 122 477 319 158 84
is_linear=0
shrinkage=0.03


Tree=20
num_leaves=11
num_cat=0
split_feature=9 9 15 13 35 35 0 24 37 37
split_gain=8.80053 12.414 11.8743 10.0143 6.62558 5.82566 5.21294 3.10926 2.73864 1.54116
threshold=0.1122720155145903 0.021808724618804582 -28.805776448021103 4.309693606293302 0.066495938640532284 0.055666227439163725 0.0011311813289408559 0.51661220043572997 0.016216918756090663 -0.0086018101931820672
decision_type=2 2 2 2 2 2 2 2 2 2
left_child=1 2 9 5 -4 -3 -2 -8 -5 -1
right_child=6 3 4 8 -6 -7 7 -9 -10 -11
leaf_value=0.02240354908584866 0.0048387610545446774 0.021574954434194112 -0.019781399104805284 -0.018114935765161513 0.0082863619349739497 -0.0041246936467484313 -0.029895168648433782 -0.0032805924529283634 0.00352904667433767 0.0014314013577972047
leaf_weight=7.9854863286018372 7.3741162121295956 48.022205486893654 36.035318583250046 8.410511866211893 7.4133847802877417 7.6319407522678366 13.070116326212885 7.9597606509923926 7.7002355307340613 7.478624224662779
leaf_count=32 30 195 145 34 30 31 53 32 31 30
internal_value=6.32927e-05 0.00348991 -0.00643725 0.0117962 -0.0145084 0.0177697 -0.0144007 -0.0216327 -0.0076945 0.0144455
internal_weight=159.082 130.678 58.9128 71.7649 43.4487 55.6541 28.404 21.0299 16.1107 15.4641
internal_count=643 528 237 291 175 226 115 85 65 62
is_linear=0
shrinkage=0.03


Tree=21
num_leaves=10
num_cat=0
split_feature=9 9 15 38 38 21 36 15 1
split_gain=8.35216 11.6465 11.2921 6.81815 6.32031 7.01168 4.36317 6.68098 2.79004
threshold=0.1122720155145903 0.021808724618804582 -30.500988086864531 0.0092596370726621951 0.007996741483552958 0.022113739835750434 0.0069713536265523174 72.400090153127522 0.016174179911264245
decision_type=2 2 2 2 2 2 2 2 2
left_child=1 2 -1 -4 8 -6 7 -2 -3
right_child=6 4 3 -5 5 -7 -8 -9 -10
leaf_value=0.015421177230126351 -0.0037244612815247589 0.026880821837618821 -0.024576389402691433 -0.00085826721332519596 -0.0058158027576736106 0.018083676328684382 0.0034351138938355581 -0.0385261555515082 0.0027840787774355094
leaf_weight=13.967232927680014 12.393745228648191 21.980535894632343 22.559629321098328 22.36267814040184 26.249004140496254 15.780562847852705 7.4601321667432776 8.5202586203813535 7.6703217774629584
leaf_count=56 50 90 91 90 106 64 30 35 31
internal_value=5.65796e-05 0.00339838 -0.00621228 -0.0136288 0.011452 0.00323072 -0.0140388 -0.0206823 0.021691
internal_weight=158.944 130.57 58.8895 44.9223 71.6804 42.0296 28.3741 20.914 29.6509
internal_count=643 528 237 181 291 170 115 85 121
is_linear=0
shrinkage=0.03


Tree=22
num_leaves=7
num_cat=0
split_feature=18 38 18 10 12 36
split_gain=7.15394 6.03126 7.58598 10.9288 3.33681 3.16686
threshold=0.99397165672797938 0.0073080273629790278 0.90559685355217112 0.0095966765065833588 49.516376841958248 0.0059031410609831593
decision_type=2 2 2 2 2 2
left_child=1 4 3 -3 -1 -6
right_child=-2 2 -4 -5 5 -7
leaf_value=-0.0015473703458417959 -0.020217246964392716 0.0038416655815984514 0.020633952883765759 -0.015481500555726521 0.0019000261976181803 0.02716810252472442
leaf_weight=7.6714341640472439 12.175614759325979 64.607436299324036 10.895194455981253 40.967272311449051 8.5326091200113314 13.928427055478094
leaf_count=31 49 260 44 167 35 57
internal_value=4.95382e-05 0.00208312 -0.000955817 -0.00366549 0.0136246 0.0191225
internal_weight=158.778 146.602 116.47 105.575 30.1325 22.461
internal_count=643 594 471 427 123 92
is_linear=0
shrinkage=0.03


Tree=23
num_leaves=10
num_cat=0
split_feature=15 15 7 21 36 21 15 34 6
split_gain=7.45411 11.9035 8.12849 6.5823 6.32837 5.82992 6.05908 4.43104 3.85814
threshold=72.400090153127522 40.378970453956427 -0.0085867184152103333 0.01525069742450553 0.0067213542211298286 0.024994198867876672 -30.500988086864531 0.0086489186812804836 0.018883173788664869
decision_type=2 2 2 2 2 2 2 2 2
left_child=1 5 -2 -3 -4 6 -1 -5 -7
right_child=2 3 4 7 -6 8 -8 -9 -10
leaf_value=0.013551932088999066 0.0077283739875562548 0 -0.038976453808830261 0.0078071539900601778 -0.0010088993689390821 0.024293572839007328 -0.0090450855144436331 0.038049822359573625 -0.0016489079013822701
leaf_weight=10.223727509379385 8.3456176966428774 13.072640329599379 9.7454212456941622 10.277062103152277 7.3854368925094596 8.9414297193288821 71.007549822330475 12.227131351828573 7.4391252845525733
leaf_count=41 34 53 40 42 30 36 287 50 30
internal_value=5.42358e-05 0.00304036 -0.014096 0.0174439 -0.0252087 -0.00230356 -0.00576351 0.0266154 0.0127984
internal_weight=158.665 133.189 25.4765 35.5768 17.1309 97.6118 81.2313 22.5042 16.3806
internal_count=643 539 104 145 70 394 328 92 66
is_linear=0
shrinkage=0.03


Tree=24
num_leaves=10
num_cat=0
split_feature=9 9 15 35 28 35 40 0 20
split_gain=7.6369 10.9359 10.3113 7.45399 6.99864 5.91056 5.52569 4.90912 2.67599
threshold=0.1122720155145903 0.021808724618804582 -30.500988086864531 0.045418121766629523 9.5000000000000018 0.066495938640532284 0.0011314737914067676 0.0011311813289408559 0.024515912526027632
decision_type=2 2 2 2 2 2 2 2 2
left_child=1 2 -1 6 -5 -4 -3 -2 -9
right_child=7 3 5 4 -6 -7 -8 8 -10
leaf_value=0.014621668130929903 0.0051614841451162125 -0.001620634413492722 -0.017974104413345897 -0.024042186631418508 0.010130188614257156 0.0083600639058230633 0.021061413380034401 -0.032133976813022082 -0.0074390588075742663
leaf_weight=13.956369578838347 7.3437506854534176 10.407762974500654 37.465302333235741 7.5908380597829845 9.8876317441463453 7.4069290906190863 43.585023984313011 8.9082876145839709 11.995487138628958
leaf_count=56 30 42 151 31 40 30 178 36 49
internal_value=6.85239e-05 0.00326844 -0.00603996 0.0110903 -0.00488543 -0.0131359 0.0165196 -0.0134362 -0.0205049
internal_weight=158.547 130.3 58.8286 71.4713 17.4785 44.8722 53.9928 28.2475 20.9038
internal_count=643 528 237 291 71 181 220 115 85
is_linear=0
shrinkage=0.03


Tree=25
num_leaves=9
num_cat=0
split_feature=38 5 15 38 36 1 14 5
split_gain=8.76872 7.76043 11.7652 10.7344 7.15674 4.12353 2.07911 1.59022
threshold=0.0068446202370730574 0.090472191759721002 60.299290557669003 0.0082517514139185556 0.0069713536265523174 0.0072630761952473541 94.970745783229418 0.05357805960040541
decision_type=2 2 2 2 2 2 2 2
left_child=5 2 3 -2 6 -1 -3 -4
right_child=1 4 7 -5 -6 -7 -8 -9
leaf_value=0.029821188436640965 -0.018667832083498145 -0.012561925965896404 0.032394403205944756 0.0028264437456449799 0.0032684112272087949 0 -0.036734134274770819 0.0074845318085930475
leaf_weight=9.1149798780679721 28.244632735848427 13.380297124385836 7.6018564850091916 63.830969601869583 10.111913725733755 7.5976037085056296 8.8345626294612867 7.6865380555391312
leaf_count=38 114 54 31 258 41 31 37 31
internal_value=-0.00102096 -0.00364601 0.00018298 -0.00386428 -0.0160696 0.0181633 -0.0250344 0.0230528
internal_weight=156.403 139.691 107.364 92.0756 32.3268 16.7126 22.2149 15.2884
internal_count=635 566 434 372 132 69 91 62
is_linear=0
shrinkage=0.03


Tree=26
num_leaves=11
num_cat=0
split_feature=16 35 5 5 23 18 28 38 9 26
split_gain=10.1306 9.98554 9.80098 12.0391 8.24313 6.62831 5.29625 4.9839 2.51114 2.42988
threshold=-3.3513244280631791 0.048026981734366044 -0.030363014231703508 0.043862295050796314 0.94526947288264151 0.99397165672797938 4.5000000000000009 0.0093559764134423674 0.021152913201884112 0.26344707923655297
decision_type=2 2 2 2 2 2 2 2 2 2
left_child=2 4 7 8 6 -6 -2 -1 -4 -3
right_child=1 9 3 -5 5 -7 -8 -9 -10 -11
leaf_value=-0.018135996118643163 0.0044177183870049812 -0.030754567744309499 0.0074823276804411084 -0.005297553640759828 0.012257008829139798 -0.015066705740391532 -0.023172596469663267 0.0062739845086641072 0.033726007533400444 -0.0067186033655016889
leaf_weight=12.94211418926716 7.2859061360359219 14.658068895339968 7.4407777637243298 13.037838011980055 35.255570441484451 7.9334655404090872 17.002519592642784 12.449522867798803 19.15996016561985 9.0791944116353971
leaf_count=52 30 60 30 53 144 32 69 50 78 37
internal_value=-0.000978257 -0.0074461 0.00782158 0.0169222 -0.00111314 0.00646124 -0.0146192 -0.00603593 0.0279461 -0.0233804
internal_weight=156.245 91.2147 65.0302 39.6386 67.4775 43.189 24.2884 25.3916 26.6007 23.7373
internal_count=635 372 263 161 275 176 99 102 108 97
is_linear=0
shrinkage=0.03


Tree=27
num_leaves=11
num_cat=0
split_feature=16 35 19 34 9 6 12 12 35 10
split_gain=9.62717 9.49873 8.2388 8.03207 7.60842 5.93748 4.62679 4.38993 3.9741 3.40071
threshold=-3.3513244280631791 0.048026981734366044 0.12587192742090703 0.0099029970948658636 0.1122720155145903 -0.015034511211345808 52.150657507732603 40.979085187210011 0.025770323971595403 0.061659157799693005
decision_type=2 2 2 2 2 2 2 2 2 2
left_child=2 3 5 9 -5 -1 -3 -7 -4 -2
right_child=1 6 8 4 -6 7 -8 -9 -10 -11
leaf_value=-0.0018612364814133413 -0.015992668066015805 -0.0023893472208121776 -0.019969667464774667 0.019014346355353297 -0.009844176532581848 0.037636137945530723 -0.032042896800221418 0.011454479626317819 0.0045261570319083729 0.0034677283864896677
leaf_weight=12.637691527605055 26.647297278046608 8.6389127373695391 9.6715318858623522 21.709889858961109 10.289620354771612 9.1637741476297361 15.039629608392714 24.057289376854897 9.4257227182388288 8.795052766799925
leaf_count=51 108 35 39 89 42 37 62 98 38 36
internal_value=-0.000963185 -0.00727321 0.00761736 -0.0010925 0.00926034 0.0144465 -0.0228369 0.0208294 -0.00788548 -0.0108357
internal_weight=156.076 91.1204 64.956 67.4419 31.9995 45.8588 23.6785 33.2211 19.0973 35.4424
internal_count=635 372 263 275 131 186 97 135 77 144
is_linear=0
shrinkage=0.03


Tree=28
num_leaves=12
num_cat=0
split_feature=16 3 28 38 20 22 12 3 38 1 38
split_gain=9.14194 10.8314 9.22858 9.21819 4.49371 4.08273 3.29726 4.99343 3.20809 2.05155 1.23021
threshold=-6.6099420722737907 -0.036949771428659899 8.5000000000000018 0.0071143805668462496 0.029092530128513833 -0.2415363682235743 40.205508467618792 0.022549373058522008 0.0083074905095392639 0.0057606915134369449 0.0094380725626372532
decision_type=2 2 2 2 2 2 2 2 2 2 2
left_child=1 10 3 9 8 -5 -4 -8 -3 -2 -1
right_child=2 4 6 5 -6 -7 7 -9 -10 -11 -12
leaf_value=-0.016493842184028152 0.030361825280073321 0.0055606346130242061 0 -0.019086630101362374 0 0 -0.026943375465911835 -0.0015812051293242705 0.034027562665573767 0.0046033144568784004 0
leaf_weight=7.4339329153299314 7.6434899121522886 7.399888798594481 7.9485553801059714 11.268596947193144 7.3361077010631552 40.981767177581787 24.447497963905334 11.627190217375754 15.036256715655325 7.3561501502990723 7.4273893386125565
leaf_count=30 32 30 32 46 30 167 100 47 61 30 30
internal_value=-0.000937647 0.0101411 -0.00561453 0.00122861 0.0202937 -0.00462267 -0.0159932 -0.0196753 0.026476 0.0206395 -0.00930301
internal_weight=155.907 44.6336 111.273 67.25 29.7723 52.2504 44.0232 36.0747 22.4361 14.9996 14.8613
internal_count=635 181 454 275 121 213 179 147 91 62 60
is_linear=0
shrinkage=0.03


Tree=29
num_leaves=9
num_cat=0
split_feature=16 20 9 38 7 9 38 38
split_gain=8.80423 8.8756 10.963 8.24474 6.18366 7.12715 5.19726 5.05451
threshold=-3.3513244280631791 0.033483067347985312 -0.057410687385845989 0.0068827974673407897 0.02697186545663656 0.13128432167222218 0.010387935188656874 0.0093106049949179589
decision_type=2 2 2 2 2 2 2 2
left_child=1 2 -1 -2 6 -6 -5 -4
right_child=3 -3 7 4 5 -7 -8 -9
leaf_value=-0.015882955574748371 0.013725557985841528 -0.018719544816438029 0.0067497533214684324 -0.026211459885428199 0.0089015095234300356 -0.018254668442918631 -0.0041724844180707635 0.027568804704129663
leaf_weight=8.7071275562047941 12.474730372428892 7.944755107164382 25.836139485239983 25.728714764118195 22.289518684148788 11.49258631467819 18.910956054925919 22.362696588039398
leaf_count=35 52 32 105 106 90 47 77 91
internal_value=-0.000901194 0.00730456 0.0117047 -0.00694834 -0.0106831 -0.0004217 -0.0177759 0.0174215
internal_weight=155.747 64.8507 56.906 90.8965 78.4218 33.7821 44.6397 48.1988
internal_count=635 263 231 372 320 137 183 196
is_linear=0
shrinkage=0.03


Tree=30
num_leaves=10
num_cat=0
split_feature=31 36 36 34 13 13 11 23 26
split_gain=8.04987 6.09107 6.3408 6.9571 3.93359 7.08436 3.77446 2.88146 2.21447
threshold=2.5000000000000004 0.0063832767231642466 0.0048146880519967508 0.017992917989389071 -3.252187729232737 4.5953556134598275 0.020057300053535902 0.98637588222745509 0.34266144814090022
decision_type=2 2 2 2 2 2 2 2 2
left_child=1 2 7 -4 6 -6 -3 -1 -2
right_child=8 4 3 -5 5 -7 -8 -9 -10
leaf_value=0.015130313745748001 -0.0057555768261711923 -0.014142806672202097 -0.021772572545817308 0.002840357637083654 0.021160853608242661 -0.0029677059024869881 0.0098530408655353469 -0.0022120147810094056 -0.028182817839678357
leaf_weight=14.531108722090723 12.586353540420534 9.5786707252264041 22.123723268508911 15.67772616446018 31.984864681959152 14.012883707880972 9.6835799664258939 14.493354037404059 7.896456539630889
leaf_count=59 51 39 90 64 131 57 40 59 32
internal_value=-0.000105189 0.00258494 -0.00357986 -0.011558 0.00903942 0.0136804 -0.00158196 0.0064026 -0.0168067
internal_weight=152.569 132.086 66.8259 37.8014 65.26 45.9977 19.2623 29.0245 20.4828
internal_count=622 539 272 154 267 188 79 118 83
is_linear=0
shrinkage=0.03


Tree=31
num_leaves=12
num_cat=0
split_feature=33 28 15 9 38 14 23 26 38 15 14
split_gain=8.15073 7.61745 8.89672 7.48246 8.17629 9.71846 6.56078 4.79332 3.93058 3.74504 1.63612
threshold=0.6314924960232382 5.5000000000000009 68.874585307922118 0.019474876784409154 0.0082517514139185556 -37.399716670167429 1.0935523778051996 0.17480158730158732 0.0099088576295996086 43.139420812793162 33.852744792629672
decision_type=2 2 2 2 2 2 2 2 2 2 2
left_child=3 2 9 4 -1 -6 8 -5 -3 -2 -9
right_child=1 6 -4 7 5 -7 -8 10 -10 -11 -12
leaf_value=-0.018195610483620058 0.0030263342194315084 -0.035476116205217727 -0.016562325946884022 0 0.03262221034099709 -0.0017454219415104187 0.00099711753053644448 0.0099589699224768603 -0.0099442507905657569 0.028509337217692696 0.034752661384784889
leaf_weight=14.383811593055723 15.972755610942842 12.377697706222536 11.458346799015997 9.5525271743536013 7.9661933779716447 25.42801566421986 13.115375921130179 8.3417640328407305 15.888388037681578 7.6261802464723578 10.370138332247732
leaf_count=58 65 51 47 39 32 103 53 34 65 32 43
internal_value=-0.000115111 -0.00703675 0.00285844 0.00665242 -0.000419214 0.00740929 -0.0155108 0.0183396 -0.0232257 0.0134313 0.0264528
internal_weight=152.481 76.4387 35.0573 76.0425 47.778 33.3942 41.3815 28.2644 28.2661 23.5989 18.7119
internal_count=622 313 144 309 193 135 169 116 116 97 77
is_linear=0
shrinkage=0.03


Tree=32
num_leaves=12
num_cat=0
split_feature=33 35 9 11 35 15 36 0 21 26 35
split_gain=7.75201 8.35322 7.13498 10.4213 6.6319 5.4774 7.73198 5.24054 4.83076 4.57691 1.20097
threshold=0.6314924960232382 0.047014515513737039 0.019474876784409154 -0.037311358801241139 0.055666227439163725 70.890601984617305 0.00699315243102359 0.017915896529976386 0.015863032260364958 0.17480158730158732 0.040090918997515053
decision_type=2 2 2 2 2 2 2 2 2 2 2
left_child=2 5 3 -1 -5 7 -7 -2 -3 -4 -11
right_child=1 8 9 4 -6 6 -8 -9 -10 10 -12
leaf_value=0.027308468368169518 0.011170837217108478 -0.033689702054337876 0 -0.014246588344471215 0.011594473014243016 -0.033769227106176074 0.0046812316904380419 -0.010690834805455792 -0.00086686596809052254 0.032567669527588765 0.0091940292126702142
leaf_weight=7.7182399183511725 30.899571761488914 11.666425243020059 9.5525271743536013 29.940712720155716 10.089987322688101 7.4301578998565656 7.3962828069925308 11.687885880470274 7.2559450417757025 11.317259296774866 7.3427014946937552
leaf_count=31 127 48 39 121 41 31 30 47 30 47 30
internal_value=-9.36052e-05 -0.00685153 0.00650681 -0.000391544 -0.00713453 -0.00064433 -0.01542 0.00462419 -0.0231064 0.0179316 0.0258766
internal_weight=152.298 76.3363 75.9614 47.7489 40.0307 57.4139 14.8264 42.5875 18.9224 28.2125 18.66
internal_count=622 313 309 193 162 235 61 174 78 116 77
is_linear=0
shrinkage=0.03


Tree=33
num_leaves=7
num_cat=0
split_feature=21 20 0 38 5 3
split_gain=5.62589 5.76975 6.22609 7.63853 4.60931 3.82626
threshold=0.035358879663143078 0.035766026867096942 -0.0016955548438096211 0.0069205199773228164 0.017408628420019005 0.020400704757110536
decision_type=2 2 2 2 2 2
left_child=1 2 3 -1 -4 -2
right_child=5 -3 4 -5 -6 -7
leaf_value=0.031468260054355553 0.028785842777233239 -0.024239361346813749 0.0029620656635825221 0.0016156254047411747 -0.011620585310825425 0
leaf_weight=7.7386726886034003 7.4527311027050009 7.9553716778755179 29.067476540803909 44.789538875222206 46.925735786557198 8.1632560491561872
leaf_count=33 30 33 118 183 192 33
internal_value=-8.253e-05 -0.00220817 -0.000379005 0.00728162 -0.00591746 0.0157847
internal_weight=152.093 136.477 128.521 52.5282 75.9932 15.616
internal_count=622 559 526 216 310 63
is_linear=0
shrinkage=0.03


Tree=34
num_leaves=12
num_cat=0
split_feature=33 35 40 21 15 15 36 28 21 28 2
split_gain=7.25643 7.90212 7.22412 6.50651 5.22496 5.15487 7.37798 4.95298 4.62805 4.04944 1.18053
threshold=0.6314924960232382 0.047014515513737039 0.025287881130586446 0.019172590692709001 7.3914049504867014 70.890601984617305 0.00699315243102359 6.5000000000000009 0.015863032260364958 7.5000000000000009 -0.0060188324127635187
decision_type=2 2 2 2 2 2 2 2 2 2 2
left_child=2 5 3 4 -1 7 -7 -2 -3 -5 -4
right_child=1 8 10 9 -6 6 -8 -9 -10 -11 -12
leaf_value=-0.014439981164048864 0.012715285961497355 -0.032833794702210525 0.0088130415188327049 0 0.0063080314221600183 -0.032950930076459113 0.0046230986604849636 -0.0069774206125162693 -0.00068552994886578709 0.026318884163225715 0.03211921853769218
leaf_weight=23.502031773328781 25.508630082011223 11.606306642293932 8.0365530252456647 10.533480718731882 16.367447078227997 7.3771811276674253 7.3973143249750137 17.028560563921928 7.2458298355340949 9.8799701482057554 7.5253945291042319
leaf_count=95 105 48 33 43 67 31 30 69 30 40 31
internal_value=-5.87446e-05 -0.00660942 0.00632759 0.00109451 -0.00566968 -0.000565357 -0.0149359 0.00453576 -0.0224478 0.0143019 0.0233118
internal_weight=152.009 76.1638 75.8449 60.2829 39.8695 57.3117 14.7745 42.5372 18.8521 20.4135 15.5619
internal_count=622 313 309 245 162 235 61 174 78 83 64
is_linear=0
shrinkage=0.03


Tree=35
num_leaves=7
num_cat=0
split_feature=21 20 11 13 5 11
split_gain=5.3816 9.6999 5.99341 7.61299 6.37872 5.34678
threshold=0.035358879663143078 0.034770816668706066 0.01693964084525235 4.309693606293302 0.016328614197401951 0.02252145497174363
decision_type=2 2 2 2 2 2
left_child=1 2 4 -4 -1 -2
right_child=5 -3 3 -5 -6 -7
leaf_value=-0.0020178704186979471 0.027202989706322012 -0.030310181800016139 0.0083373830088291252 -0.012249130953963721 -0.026124056873999872 -0.0036485914374688334
leaf_weight=33.863544642925262 8.6678830683231372 9.6168270260095579 63.806967064738274 19.11430698633194 13.218293905258177 7.4162229299545279
leaf_count=137 35 40 264 78 54 30
internal_value=-0.00194143 -0.00396846 -0.00147652 0.0032386 -0.00988006 0.0133179
internal_weight=155.704 139.62 130.003 82.9213 47.0818 16.0841
internal_count=638 573 533 342 191 65
is_linear=0
shrinkage=0.03


Tree=36
num_leaves=12
num_cat=0
split_feature=23 15 21 20 28 0 37 24 25 19 21
split_gain=5.61382 7.13039 8.03998 7.81423 7.28487 6.74496 5.94289 5.65183 8.23218 5.57284 1.19334
threshold=1.0293534506731599 68.194841741936429 0.019455594622353755 0.030247356003155861 8.5000000000000018 -0.0023018356946067349 0.040988523036701426 1.0000000180025095e-35 0.133974358974359 0.087551453937989979 0.020410481203610709
decision_type=2 2 2 2 2 2 2 2 2 2 2
left_child=1 2 6 -4 -3 9 -1 -7 -9 -2 -11
right_child=5 4 3 -5 -6 7 -8 8 -10 10 -12
leaf_value=-0.013022126641142526 -0.0038527786045825262 -0.033751716871683615 0.026307559323069853 -0.0046782122162142463 0 -0.021589738508110908 0.011748684453419119 -0.016189364611129041 0.018088775009379068 0.030587332779160994 0.0082683437881761242
leaf_weight=43.763928189873695 7.3475152850151089 12.670745000243189 12.908538579940798 12.073216348886488 8.3493427038192731 9.0382940471172351 8.4936168640851957 8.3712568730115908 13.587200447916983 11.433889254927637 7.5486356914043418
leaf_count=179 30 53 53 49 35 37 35 34 55 47 31
internal_value=-0.0019052 -0.00628184 -0.00165685 0.01154 -0.0210045 0.00530249 -0.00843491 -0.00376596 0.00413421 0.0160199 0.0240609
internal_weight=155.586 98.2594 77.2393 24.9818 21.0201 57.3268 52.2575 30.9968 21.9585 26.33 18.9825
internal_count=638 404 316 102 88 234 214 126 89 108 78
is_linear=0
shrinkage=0.03


Tree=37
num_leaves=7
num_cat=0
split_feature=21 20 38 17 21 3
split_gain=5.07373 9.08881 4.57435 7.58491 6.66852 2.28186
threshold=0.035358879663143078 0.034770816668706066 0.0071404268679443892 -0.68917746434712235 0.019609294248211204 0.020400704757110536
decision_type=2 2 2 2 2 2
left_child=1 2 3 -1 -4 -2
right_child=5 -3 4 -5 -6 -7
leaf_value=0.026367829129202575 0.022131535654274531 -0.029393617375020973 -0.0090740089458798794 -0.0031708438117450995 0.0077531398213684065 0
leaf_weight=10.857972428202631 8.400004908442499 9.5536529719829542 75.179420337080956 17.183389008045197 26.590499624609947 7.6532560288906089
leaf_count=47 34 40 307 70 109 31
internal_value=-0.00184715 -0.00382029 -0.00140695 0.00876156 -0.00446816 0.0129772
internal_weight=155.418 139.365 129.811 28.0414 101.77 16.0533
internal_count=638 573 533 117 416 65
is_linear=0
shrinkage=0.03


Tree=38
num_leaves=10
num_cat=0
split_feature=4 31 5 14 11 38 4 38 38
split_gain=4.51129 9.48891 6.80975 7.08743 6.35646 3.89056 6.4768 3.34669 2.43192
threshold=0.046132346689801158 1.5000000000000002 0.039258129889084843 36.003103624496369 -0.033394935514959805 0.0066132866631609223 0.009338516913066643 0.010674946576874482 0.0089668695460360989
decision_type=2 2 2 2 2 2 2 2 2
left_child=2 7 3 4 -1 -4 -7 -2 -3
right_child=1 8 5 -5 -6 6 -8 -9 -10
leaf_value=0.018820004207539799 0.0046013030772100588 0 0.0012999424637008235 0.022302093720942918 -0.0072328396382343972 -0.0042033384055500042 -0.033614932166647578 0.027711421028272031 -0.019556873043344022
leaf_weight=7.6776769906282416 13.984931617975237 9.3479456752538699 8.1796964704990369 9.2515132129192335 56.80292509496212 15.110465571284296 13.966263145208357 12.322850957512854 8.6206433027982694
leaf_count=31 58 38 35 39 231 62 58 50 36
internal_value=-0.00178421 0.00598675 -0.00506811 0.000102388 -0.00343225 -0.0151668 -0.0200673 0.0171493 -0.00968585
internal_weight=155.265 44.2764 110.989 73.7321 64.4806 37.2564 29.0767 26.3078 17.9686
internal_count=638 182 456 301 262 155 120 108 74
is_linear=0
shrinkage=0.03


Tree=39
num_leaves=10
num_cat=0
split_feature=23 26 31 23 33 26 14 23 2
split_gain=5.16496 7.62115 7.40908 5.15076 7.78107 4.8492 6.03724 3.55744 1.64744
threshold=1.0293534506731599 0.073135073455997721 -1.4999999999999998 0.9780295185093727 0.6314924960232382 0.20955232392358145 28.453639046444213 1.1641831755774372 0.0025850889896019695
decision_type=2 2 2 2 2 2 2 2 2
left_child=1 8 -2 4 -3 7 -7 -4 -1
right_child=2 3 5 -5 -6 6 -8 -9 -10
leaf_value=-0.031070415357629406 0.022476531188886359 0.011347638551897117 0.02168514909566956 -0.017494467433780407 -0.0085140306568474416 -0.024916996842702387 0.00413122051875979 -0.00073360770150199478 -0.007752556454941207
leaf_weight=9.4190274029970187 14.276692420244215 35.281694710254669 8.2568031251430529 13.045400500297545 31.436467722058296 10.881120413541796 10.451698109507559 13.352333769202231 8.7199205160140973
leaf_count=39 59 145 34 54 130 44 43 54 36
internal_value=-0.00172 -0.0059331 0.00519234 -0.00152673 0.00179545 -0.000964809 -0.0109082 0.00830855 -0.0224888
internal_weight=155.121 97.9025 57.2186 79.7636 66.7182 42.942 21.3328 21.6091 18.1389
internal_count=638 404 234 329 275 175 87 88 75
is_linear=0
shrinkage=0.03


Tree=40
num_leaves=10
num_cat=0
split_feature=14 4 15 10 26 36 3 19 37
split_gain=7.59657 7.17092 7.12507 14.6333 5.94975 4.81971 3.45828 3.21542 3.20608
threshold=78.90187358607308 0.044443042073296975 40.378970453956427 0.0076346809967072779 0.13453185328185333 0.0069713536265523174 0.067681617043075751 0.19355380625957527 0.033207504351008506
decision_type=2 2 2 2 2 2 2 2 2
left_child=1 2 3 -1 -4 8 7 -3 -2
right_child=5 6 4 -5 -6 -7 -8 -9 -10
leaf_value=0.002626549632646199 -0.0029618434668997437 0.010792268805458064 -0.0080589303523834945 -0.029327994920860984 0.02017672537960891 0.0038625909080962518 -1.3489149042260796e-05 0.035961316188175503 -0.032930473071299211
leaf_weight=53.119822844862938 7.0279963761568096 18.331918701529506 7.2217088788747814 14.675606459379194 21.665940910577774 8.0673704147338849 7.4007845371961585 8.2194435596466047 8.3894867897033674
leaf_count=215 30 75 30 61 91 33 30 34 36
internal_value=0.0019262 0.00486826 0.000444827 -0.00471789 0.0125676 -0.0129482 0.0163218 0.0210824 -0.0220394
internal_weight=154.12 130.635 96.6831 67.7954 28.8876 23.4849 33.9521 26.5514 15.4175
internal_count=635 536 397 276 121 99 139 109 66
is_linear=0
shrinkage=0.03


Tree=41
num_leaves=10
num_cat=0
split_feature=14 4 16 5 36 15 3 19 37
split_gain=7.23964 6.83462 9.2989 6.89133 4.63075 4.52228 3.31294 3.09403 3.07367
threshold=78.90187358607308 0.044443042073296975 -6.1457191345528175 -0.030363014231703508 0.0069713536265523174 42.210812949379623 0.067681617043075751 0.19355380625957527 0.033207504351008506
decision_type=2 2 2 2 2 2 2 2 2
left_child=1 2 3 -1 8 -4 7 -3 -2
right_child=4 6 5 -5 -6 -7 -8 -9 -10
leaf_value=-0.0020049669803900495 -0.0028937767989425638 0.010505084183723043 -0.011521117154301475 0.021720993262257467 0.0037688347397728268 0.0078519656422673337 -1.3170444826395778e-05 0.035235484605145452 -0.032332869576050575
leaf_weight=17.600705415010452 7.0246042460203197 18.32289016246796 44.960713639855385 22.391476884484291 8.0697352737188321 11.598845317959784 7.4007877409458152 8.1789041906595212 8.3261363655328733
leaf_count=71 30 75 184 93 33 49 30 34 36
internal_value=0.0018684 0.00474333 0.000418522 0.0113237 -0.0126684 -0.00715959 0.0159328 0.0206005 -0.0216123
internal_weight=153.875 130.454 96.5517 39.9922 23.4205 56.5596 33.9026 26.5018 15.3507
internal_count=635 536 397 164 99 233 139 109 66
is_linear=0
shrinkage=0.03


Tree=42
num_leaves=8
num_cat=0
split_feature=28 15 5 9 34 10 23
split_gain=5.00623 8.48258 8.33616 7.18984 6.11724 6.03494 5.76368
threshold=11.500000000000002 70.890601984617305 0.055844041617138636 0.057508593307771139 0.0050695474508347669 0.0068104405641170604 1.2523717911429302
decision_type=2 2 2 2 2 2 2
left_child=1 3 -3 5 -4 -1 -5
right_child=-2 2 4 6 -6 -7 -8
leaf_value=0.0072266339796920563 -0.014078060245195692 0.013249720537479656 0 0.021860133547215246 -0.032683098691229859 -0.010852225281701511 -0.0047931550597659208
leaf_weight=48.830612614750862 13.7236181050539 7.1542858034372356 7.7274835407733944 34.703328430652618 11.804584249854086 22.454429224133492 7.2405160516500464
leaf_count=198 56 30 32 145 51 93 30
internal_value=0.00182395 0.00366582 -0.0107982 0.00733321 -0.0207158 0.00118645 0.016909
internal_weight=153.639 139.915 26.6864 113.229 19.5321 71.285 41.9438
internal_count=635 579 113 466 83 291 175
is_linear=0
shrinkage=0.03


Tree=43
num_leaves=9
num_cat=0
split_feature=14 15 21 26 10 38 14 24
split_gain=6.54098 6.0283 9.24545 6.97274 5.97133 5.74013 1.95047 0.890412
threshold=78.90187358607308 40.378970453956427 0.024994198867876672 0.10133487357207036 0.003138979099091888 0.010861307634708715 62.427101450842208 -0.027598020555767034
decision_type=2 2 2 2 2 2 2 2
left_child=1 2 4 -3 -1 -2 -5 -4
right_child=5 3 7 6 -6 -7 -8 -9
leaf_value=0.0026668210516696371 -0.023395738362667819 -0.0070706292126017697 0.028116321962811521 0.026056866102822807 -0.013718197289581357 0.0042898051141578072 0.005476740610962331 0.0069979635444151886
leaf_weight=45.434179857373238 13.807359904050829 8.6705963909625989 7.3178263306617737 20.472247898578647 31.650795221328735 9.4621154218912107 9.1756804436445218 7.4147758036851865
leaf_count=184 60 36 30 87 131 39 38 30
internal_value=0.00175925 0.00449576 8.24737e-05 0.01417 -0.00404792 -0.0120958 0.0209101 0.020491
internal_weight=153.406 130.136 91.8176 38.3185 77.085 23.2695 29.6479 14.7326
internal_count=635 536 375 161 315 99 125 60
is_linear=0
shrinkage=0.03


Tree=44
num_leaves=10
num_cat=0
split_feature=35 28 10 6 19 21 36 13 3
split_gain=5.20447 9.11088 9.05556 7.15799 6.55802 5.47302 5.31153 4.99092 3.38285
threshold=0.039505712788034282 11.500000000000002 0.0072214966105702558 -0.012331328801346554 0.12236047327757961 0.035358879663143078 0.0048556314556027257 2.6410326326248001 0.001312597197273391
decision_type=2 2 2 2 2 2 2 2 2
left_child=1 4 3 -2 7 -6 -4 -1 -5
right_child=2 -3 6 8 5 -7 -8 -9 -10
leaf_value=0.0089480398244265302 -0.013849945482918558 -0.021879556923222548 0 0.024481430214700516 -0.0041868077955395117 0.017558256873831557 -0.027624415699798104 0.033671347756893268 0.00082474779203761282
leaf_weight=26.878129124641418 10.143306210637091 7.3571618944406501 8.9400679618120211 11.261121153831484 37.312349855899811 12.022566080093382 15.946897000074385 11.492521211504934 11.824160158634184
leaf_count=113 41 30 37 46 156 49 68 47 48
internal_value=0.00172627 0.00607444 -0.0051022 0.00476512 0.0090221 0.00129772 -0.0182092 0.0180258 0.0139944
internal_weight=153.178 95.0627 58.1156 33.2286 87.7056 49.3349 24.887 38.3707 23.0853
internal_count=635 395 240 135 365 205 105 160 94
is_linear=0
shrinkage=0.03


Tree=45
num_leaves=12
num_cat=0
split_feature=10 35 4 5 36 15 31 15 9 36 5
split_gain=5.54481 10.2768 8.25645 7.81518 7.70677 6.83066 4.95883 4.91117 4.84698 3.95561 3.80925
threshold=0.0068104405641170604 0.041078361526139202 0.057371200629248838 -0.030363014231703508 0.0076788407034818198 -9.2877690042244367 2.5000000000000004 40.378970453956427 -0.051793221039210594 0.0048721049086285712 0.021361356911846822
decision_type=2 2 2 2 2 2 2 2 2 2 2
left_child=3 2 7 5 10 8 -4 -2 -1 -3 -5
right_child=1 9 6 4 -6 -7 -8 -9 -10 -11 -12
leaf_value=-0.0027275173201761461 -0.021909901270994889 0 0.022760293555643126 0.03278921961126862 -0.0057273088301417708 -0.016895433457245087 -0.0033795296947768221 0.0019206516110302093 0.023109439756682289 -0.025861700749712793 0.0068925456782880611
leaf_weight=12.881544560194014 9.7504967600107211 8.9350946396589297 20.173900589346889 18.048670545220379 8.1140488684177381 13.843121603131292 7.285574957728385 19.426244750618935 9.1326614469289797 16.677214533090591 10.859444364905356
leaf_count=52 40 37 84 74 33 56 30 83 37 72 45
internal_value=0.00233873 -0.00284411 0.00412721 0.00830791 0.0176333 -0.00134707 0.0155571 -0.00645673 0.00839836 -0.0179853 0.0246218
internal_weight=155.128 82.2485 56.6362 72.8795 37.0222 35.8573 27.4595 29.1767 22.0142 25.6123 28.9081
internal_count=643 346 237 297 152 145 114 123 89 109 119
is_linear=0
shrinkage=0.03


Tree=46
num_leaves=9
num_cat=0
split_feature=17 16 19 38 19 31 7 28
split_gain=8.76443 6.28572 9.72265 8.16384 7.23327 7.05474 4.11109 2.18036
threshold=-6.8162332470102376 -4.9173772204258297 0.11205443542499445 0.0093559764134423674 0.1192065102347797 1.5000000000000002 0.001871601400613305 5.5000000000000009
decision_type=2 2 2 2 2 2 2 2
left_child=-1 3 6 4 -2 -4 -3 -5
right_child=1 2 5 7 -6 -7 -8 -9
leaf_value=-0.022486882846259257 0.012267354735826208 -0.019384496825030805 0.017221718457487455 0.0070002066465209298 -0.020231357185439815 -0.0052999207392802799 -0.0014748075721461472 0.031369726965406984
leaf_weight=9.7678487896919233 14.284350380301477 19.227384105324745 32.4400255382061 8.0405880361795443 7.9175789505243293 17.151108294725418 30.566919535398483 15.498163297772406
leaf_count=41 59 80 136 33 32 72 126 64
internal_value=0.00226778 0.0043189 0 0.0132658 0 0.00923835 -0.00916147 0.0248328
internal_weight=154.894 145.126 99.3854 45.7407 22.2019 49.5911 49.7943 23.5388
internal_count=643 602 414 188 91 208 206 97
is_linear=0
shrinkage=0.03


Tree=47
num_leaves=13
num_cat=0
split_feature=10 7 11 9 38 12 13 11 36 9 12 15
split_gain=5.22628 7.63523 5.8021 5.59445 7.50262 5.73804 5.4191 4.59471 3.55316 3.30341 2.16931 1.52758
threshold=0.0068104405641170604 0.006796634456582587 0.059420900014880547 0.025548068027296724 0.0082517514139185556 34.714323569579491 4.9883778900087217 0.041291717877840257 0.0053836867069834453 0.065546690359622892 60.722941733911505 -9.9744042064193881
decision_type=2 2 2 2 2 2 2 2 2 2 2 2
left_child=3 7 6 4 11 -6 -3 -2 -4 -5 -9 -1
right_child=1 2 8 9 5 -7 -8 10 -10 -11 -12 -13
leaf_value=-0.0012014305942759304 -0.030280023036195865 0.016998570157080894 -0.0220925351675475 0.027525168445309247 0.026047469123904814 0.00046580578448199918 -0.0076522498826468955 0.0045845244781047342 0.0012957667605916971 0.00099834452294254926 -0.014065637138990034 -0.021705224383502621
leaf_weight=7.6970512121915808 9.667647138237955 27.160586655139923 7.9988277256488827 14.614195853471758 10.84034690260887 23.947704449295998 8.7774067372083646 9.1033830940723437 10.979915931820868 7.5059744566678992 8.3265797793865186 8.0900560766458494
leaf_count=31 42 114 34 61 44 97 36 38 46 31 36 33
internal_value=0.00219629 -0.00283888 0.00341088 0.00800166 0.00191893 0.00982779 0.0104965 -0.0153842 -0.00901296 0.0199749 -0.0040837 -0.013811
internal_weight=154.71 82.0143 54.9167 72.6953 50.5752 34.7881 35.938 27.0976 18.9787 22.1202 17.43 15.7871
internal_count=643 346 230 297 205 141 150 116 80 92 74 64
is_linear=0
shrinkage=0.03


Tree=48
num_leaves=13
num_cat=0
split_feature=10 35 4 5 5 38 12 18 38 36 36 36
split_gain=4.99037 9.5568 7.44121 7.36709 5.05617 4.93021 5.59675 4.63738 3.98391 3.68363 2.39369 0.0564558
threshold=0.0068104405641170604 0.041078361526139202 0.057371200629248838 -0.015534900160442231 0.021361356911846822 0.0082517514139185556 34.714323569579491 0.97610109691831348 0.0078374021876776705 0.0048721049086285712 0.0070624294123895282 0.0059031410609831593
decision_type=2 2 2 2 2 2 2 2 2 2 2 2
left_child=3 2 8 5 10 -1 -7 -4 -2 -3 -5 -11
right_child=1 9 7 4 -6 6 -8 -9 -10 11 -12 -13
leaf_value=-0.014083074251611457 0.0049213148465975555 0 0.021853323836546198 0.038890217826053099 0.002198886374831521 0.023003349750458542 -0.0023882354403524943 -0.0032955237160289612 -0.01564903305813449 -0.012276280194622092 0.010048113431692955 -0.03131254938175948
leaf_weight=13.544605568051336 13.187989115715029 8.9165058732032794 19.991742834448818 9.101111322641378 12.489207878708838 9.8462647199630755 19.522233620285988 7.3866626322269431 15.898766756057737 8.1085533797740954 8.0902499854564649 8.4027740806341154
leaf_count=55 56 37 84 38 52 40 79 30 67 35 33 37
internal_value=0.00212607 -0.00279474 0.00392208 0.00780442 0.0187804 0 0.0065704 0.0147952 -0.0061233 -0.0174554 0.0285604 -0.0251107
internal_weight=154.487 81.893 56.4652 72.5937 29.6806 42.9131 29.3685 27.3784 29.0868 25.4278 17.1914 16.5113
internal_count=643 346 237 297 123 174 119 114 123 109 71 72
is_linear=0
shrinkage=0.03


Tree=49
num_leaves=7
num_cat=0
split_feature=17 13 9 9 20 37
split_gain=8.18131 4.88088 4.53778 8.06859 4.13635 1.83291
threshold=-6.8162332470102376 -6.991830574843088 0.1122720155145903 0.023757446214083527 0.025136636335186858 0.010714786907102926
decision_type=2 2 2 2 2 2
left_child=-1 5 3 -3 -4 -2
right_child=1 2 4 -5 -6 -7
leaf_value=-0.021912131745253478 0.026706198552821768 -0.0037929366519524458 -0.023626811161108801 0.012564415259650597 0 0.0043152917470021188
leaf_weight=9.7023719102144224 9.0303840190172213 50.071544617414474 8.7528385072946566 53.148558884859085 14.831240862607954 8.6880551576614362
leaf_count=41 37 205 37 223 63 37
internal_value=0.00206864 0.00405806 0.00173827 0.00456572 -0.00943982 0.018039
internal_weight=154.225 144.523 126.804 103.22 23.5841 17.7184
internal_count=643 602 528 428 100 74
is_linear=0
shrinkage=0.03


end of trees

feature_importances:
macro_topix_vol_20=43
div_ma_60=28
macd_signal=27
macro_usdjpy_vol_20=25
macro_usdjpy_ret_60=24
return_20d=22
macd=22
volatility=18
ma_5_20_cross=17
macd_hist=17
return_10d=15
vol_ratio=15
macro_nikkei_ret_20=13
month=12
ma_20_60_cross=11
return_5d=10
atr_pct=10
lower_shadow_pct=10
macd_hist_change=9
bb_bandwidth=9
return_1d=8
rsi=8
rsi_change=8
price_position_20d=8
div_ma_10=7
macro_topix_ret_20=7
return_3d=6
bb_pct_b=6
vol_change=6
streak=6
macro_usdjpy_ret_20=5
return_2d=4
div_ma_5=4
candle_body_pct=4
upper_shadow_pct=2
gap=2

parameters:
[boosting: gbdt]
[objective: binary]
[metric: binary_logloss]
[tree_learner: serial]
[device_type: cpu]
[data_sample_strategy: bagging]
[data: ]
[valid: ]
[num_iterations: 50]
[learning_rate: 0.03]
[num_leaves: 15]
[num_threads: 0]
[seed: 42]
[deterministic: 0]
[force_col_wise: 0]
[force_row_wise: 0]
[histogram_pool_size: -1]
[max_depth: 4]
[min_data_in_leaf: 30]
[min_sum_hessian_in_leaf: 0.001]
[bagging_fraction: 0.7]
[pos_bagging_fraction: 1]
[neg_bagging_fraction: 1]
[bagging_freq: 5]
[bagging_seed: 400]
[bagging_by_query: 0]
[feature_fraction: 0.6]
[feature_fraction_bynode: 1]
[feature_fraction_seed: 30056]
[extra_trees: 0]
[extra_seed: 12879]
[early_stopping_round: 0]
[early_stopping_min_delta: 0]
[first_metric_only: 0]
[max_delta_step: 0]
[lambda_l1: 0.5]
[lambda_l2: 2]
[linear_lambda: 0]
[min_gain_to_split: 0]
[drop_rate: 0.1]
[max_drop: 50]
[skip_drop: 0.5]
[xgboost_dart_mode: 0]
[uniform_drop: 0]
[drop_seed: 17869]
[top_rate: 0.2]
[other_rate: 0.1]
[min_data_per_group: 100]
[max_cat_threshold: 32]
[cat_l2: 10]
[cat_smooth: 10]
[max_cat_to_onehot: 4]
[top_k: 20]
[monotone_constraints: ]
[monotone_constraints_method: basic]
[monotone_penalty: 0]
[feature_contri: ]
[forcedsplits_filename: ]
[refit_decay_rate: 0.9]
[cegb_tradeoff: 1]
[cegb_penalty_split: 0]
[cegb_penalty_feature_lazy: ]
[cegb_penalty_feature_coupled: ]
[path_smooth: 0]
[interaction_constraints: ]
[verbosity: -1]
[saved_feature_importance_type: 0]
[use_quantized_grad: 0]
[num_grad_quant_bins: 4]
[quant_train_renew_leaf: 0]
[stochastic_rounding: 1]
[linear_tree: 0]
[max_bin: 255]
[max_bin_by_feature: ]
[min_data_in_bin: 5]
[bin_construct_sample_cnt: 200000]
[data_random_seed: 175]
[is_enable_sparse: 1]
[enable_bundle: 1]
[use_missing: 1]
[zero_as_missing: 0]
[feature_pre_filter: 1]
[pre_partition: 0]
[two_round: 0]
[header: 0]
[label_column: ]
[weight_column: ]
[group_column: ]
[ignore_column: ]
[categorical_feature: ]
[forcedbins_filename: ]
[precise_float_parser: 0]
[parser_config_file: ]
[objective_seed: 16083]
[num_class: 1]
[is_unbalance: 0]
[scale_pos_weight: 1]
[sigmoid: 1]
[boost_from_average: 1]
[reg_sqrt: 0]
[alpha: 0.9]
[fair_c: 1]
[poisson_max_delta_step: 0.7]
[tweedie_variance_power: 1.5]
[lambdarank_truncation_level: 30]
[lambdarank_norm: 1]
[label_gain: ]
[lambdarank_position_bias_regularization: 0]
[eval_at: ]
[multi_error_top_k: 1]
[auc_mu_weights: ]
[num_machines: 1]
[local_listen_port: 12400]
[time_out: 120]
[machine_list_filename: ]
[machines: ]
[gpu_platform_id: -1]
[gpu_device_id: -1]
[gpu_use_dp: 0]
[num_gpu: 1]

end of parameters

pandas_categorical:[]
