tree
version=v4
num_class=1
num_tree_per_iteration=1
label_index=0
max_feature_idx=44
objective=binary sigmoid:1
feature_names=return_1d return_2d return_3d return_5d return_10d return_20d div_ma_5 div_ma_10 div_ma_20 div_ma_60 ma_5_20_cross ma_20_60_cross rsi rsi_change macd macd_signal macd_hist macd_hist_change bb_pct_b bb_bandwidth atr_pct volatility vol_change vol_ratio candle_body_pct upper_shadow_pct lower_shadow_pct day_of_week month is_month_end is_month_start streak gap price_position_20d macro_usdjpy_ret_20 macro_usdjpy_ret_60 macro_usdjpy_vol_20 macro_topix_ret_20 macro_topix_vol_20 macro_topix_above_200dma macro_nikkei_ret_20 macro_nikkei_above_200dma macro_nikkei_vi macro_jgb10y macro_bias_score
feature_infos=[-0.1981767736821245:0.16164112703905098] [-0.279814880740477:0.22516065249629258] [-0.32813018930587845:0.2100840336134453] [-0.31120190670752468:0.29634206623826009] [-0.33791523482245134:0.37864557587740988] [-0.35191414384110209:0.39866534849233815] [-0.24055860049553274:0.081634717515553137] [-0.27620751341681576:0.11195249292575031] [-0.31739002066725713:0.13665244907459836] [-0.28187288120551646:0.23181504099202574] [-0.17068551286323064:0.096027230490198345] [-0.076525868562282273:0.12177709582109575] [15.190671289000946:94.493392070484589] [-20.991279197160267:22.968473739072834] [-297.79797957556821:286.27701590192737] [-203.22082717698572:248.90151849235255] [-198.50724222630498:77.593681433094844] [-83.41059021986446:44.900341491072624] [-0.35265776279393751:1.4149994850642287] [0.039375566362715338:0.45498248065178554] [0.013270410803617636:0.074442373769728037] [0.0086539236754676185:0.071779187433589409] [-0.87022508038585211:5.5663099714001092] [0.5301829414867576:1.8321432222570517] [-1:1] [0:0.87022900763358779] [0:0.95959595959595956] [0:4] [1:12] none [0:1] [-8:8] [-0.14466904478795084:0.15570934256055358] [0:1] [-0.10288784967882303:0.08505611680078462] [-0.13986255140503889:0.13160084488587853] [0.0024251968629527628:0.011841457708833433] [-0.22586490939044479:0.19897850606512013] [0.0040695656522785678:0.036437277456277402] [0:1] [-0.22859537662338159:0.23022297972565586] [0:1] none none none
tree_sizes=972 1180 1475 1212 1099 1090 1318 1309 1092 965 1198 1198 878 1412 1189 1211 1185 1079 1286 1312 1393 1212 1412 1098 1575 1190 1204 998 1184 992 993 1183 949 995 1095 871 1291 1298 1103 1188 1323 994 1106 1275 774 769 847 1406 1093 1374 1097 1317 1318 1212 1302 1098 1078 1001 977 893 997 1282 1401 1314 1310 1082 1075 1089 1187 1087

Tree=0
num_leaves=8
num_cat=0
split_feature=5 1 7 4 34 24 4
split_gain=11.9629 6.03364 5.74289 12.5103 6.14422 7.09189 6.83128
threshold=0.095729557019446979 0.019132827848101112 -0.022185350417837365 -0.059467293524206537 0.0085734258052712082 0.42245131729667817 -0.02213625718341555
decision_type=2 2 2 2 2 2 2
left_child=2 -2 3 -1 6 -6 -4
right_child=1 -3 4 -5 5 -7 -8
leaf_value=0.10062651692847097 0.083989249366150598 0.054368353781901468 0.10333792529609735 0.060864725903073069 0.10819238658631986 0.085648839315912065 0.080055521151850509
leaf_weight=10.480064839124681 14.472470492124559 11.72769160568714 13.474369078874586 14.222945138812063 34.434498757123947 16.967724025249481 39.924056529998779
leaf_count=42 58 47 54 57 138 68 160
internal_value=0.0866125 0.0688102 0.0903249 0.0780372 0.0934791 0.100691 0.0865718
internal_weight=155.704 26.2002 129.504 24.703 104.801 51.4022 53.3984
internal_count=624 105 519 99 420 206 214
is_linear=0
shrinkage=1


Tree=1
num_leaves=10
num_cat=0
split_feature=5 12 12 26 35 1 35 9 0
split_gain=11.3554 6.90411 11.1836 7.34337 9.23188 5.70412 4.70646 4.55095 1.10441
threshold=0.095729557019446979 51.606892521738907 38.272608892077919 0.13892543859649126 0.053768424479902495 0.019132827848101112 0.035920908882282949 -0.064404586489478319 0.0099481675306961632
decision_type=2 2 2 2 2 2 2 2 2
left_child=1 2 7 8 -5 -2 -4 -1 -3
right_child=5 3 6 4 -6 -7 -8 -9 -10
leaf_value=-0.0023584195419296453 -0.003126894170586406 0.031606806287240954 -0.019686243022718795 0.012106640216619849 -0.01770296146890649 -0.031959088781014562 0 0.021212693542113144 0.009629557023965318
leaf_weight=10.226917862892153 14.474458307027819 11.22418434917927 26.454008176922798 26.693737879395485 11.723687872290609 11.741321206092833 19.206898167729378 15.714599430561064 8.2343425303697568
leaf_count=41 58 45 106 107 47 47 77 63 33
internal_value=-0.000581572 0.00303444 -0.00301617 0.0106213 0.00221278 -0.0179217 -0.0119372 0.0118797 0.0247699
internal_weight=155.694 129.478 71.6024 57.876 38.4174 26.2158 45.6609 25.9415 19.4585
internal_count=624 519 287 232 154 105 183 104 78
is_linear=0
shrinkage=0.03


Tree=2
num_leaves=13
num_cat=0
split_feature=6 33 37 14 10 8 14 6 14 38 38 24
split_gain=10.1122 13.7691 12.3955 10.4225 8.49356 9.0968 9.86945 6.73825 5.51181 4.81191 2.75333 0.478812
threshold=0.0028688489566732023 0.56596163155596335 0.011808602571326545 106.74673974622057 0.025187425509907272 0.018670938650802365 -24.379140332038556 -0.0080560307121479678 5.9381307906066931 0.0082288462959982153 0.0089626890828308162 0.25150602409638562
decision_type=2 2 2 2 2 2 2 2 2 2 2 2
left_child=1 2 8 -3 5 6 -2 -4 -1 -6 -7 -11
right_child=4 3 7 -5 9 10 -8 -9 -10 11 -12 -13
leaf_value=0.017169463188971137 0.010825214310923516 0.035507169513539751 -0.034558269380431404 0 -0.0028681829262320138 0.027684844020539331 -0.022766709491969267 0 -0.0066409711658709184 -0.015040814442958033 0.0026568674191596309 -0.037615224100607886
leaf_weight=20.69874119758606 10.474940642714502 17.948062330484394 10.738289520144464 10.729378357529638 11.482751592993738 7.4799584597349194 18.708124101161957 7.4842874109745017 11.725112140178679 9.2360450923442858 10.22831282019615 8.7417305707931501
leaf_count=83 42 72 43 43 46 30 75 30 47 37 41 35
internal_value=-0.000565779 0.0067506 -0.00249871 0.0226725 -0.00833668 0 -0.0103073 -0.0212696 0.00823781 -0.0203977 0.0157264 -0.0294353
internal_weight=155.676 79.3239 50.6464 28.6774 76.3519 46.8913 29.1831 18.2226 32.4239 29.4605 17.7083 17.9778
internal_count=624 318 203 115 306 188 117 73 130 118 71 72
is_linear=0
shrinkage=0.03


Tree=3
num_leaves=10
num_cat=0
split_feature=5 23 40 3 2 19 10 38 38
split_gain=10.5029 6.66369 6.6503 6.35419 5.03916 4.97828 4.78506 4.43302 2.01086
threshold=0.095729557019446979 0.92753339665644996 0.033994729897033234 -0.028057288557300771 0.038820343026445554 0.12795680298398079 0.054180288307400189 0.0093052971584644349 0.0083855244340300689
decision_type=2 2 2 2 2 2 2 2 2
left_child=1 2 5 7 -5 -1 8 -3 -2
right_child=6 3 -4 4 -6 -7 -8 -9 -10
leaf_value=0.0093237751888175704 -0.0092025351167897996 0.0095306479783001784 -0.021855979020650333 0.016980568399921441 -0.0066900531596544898 -0.011218134303486263 -0.00028921011176053808 -0.017086283277267321 -0.037485545347187205
leaf_weight=25.178425714373589 7.4917563945055026 7.4892935156822231 13.220645695924757 49.850006386637688 7.4854496270418158 15.212893709540365 10.987311437726019 10.97713543474674 7.7461888343095779
leaf_count=101 30 30 53 200 30 61 44 44 31
internal_value=-0.00055891 0.00291704 -0.00489738 0.00862052 0.0135161 0.00106883 -0.0172344 -0.00568208 -0.0271314
internal_weight=155.639 129.414 53.612 75.8019 57.3355 40.3913 26.2253 18.4664 15.2379
internal_count=624 519 215 304 230 162 105 74 61
is_linear=0
shrinkage=0.03


Tree=4
num_leaves=9
num_cat=0
split_feature=5 19 11 20 21 9 14 1
split_gain=10.0002 6.68302 9.18418 9.94524 7.23952 13.4821 8.52443 5.19739
threshold=0.095729557019446979 0.078996511102210926 -0.014635593371220388 0.019401490977728104 0.0199431924632168 -0.033383771745242589 -64.452605059362199 0.019132827848101112
decision_type=2 2 2 2 2 2 2 2
left_child=1 2 -1 -4 5 -3 -6 -2
right_child=7 4 3 -5 6 -7 -8 -9
leaf_value=0.016919328653580281 -0.0027254601037825562 -0.020585836593635321 -0.037643564498813932 -0.00097521089999980885 0.013341091393329672 0.017304410992729943 -0.018626212777278259 -0.030235459006400275
leaf_weight=7.97151294350624 14.480499401688578 7.7330914735794059 9.7321629673242587 17.702270835638046 10.476517602801325 59.547381311655045 16.215504184365273 11.747193694114683
leaf_count=32 58 31 39 71 42 239 65 47
internal_value=-0.000576569 0.002814 -0.00781007 -0.0161666 0.00705246 0.0122643 -0.00550102 -0.0168476
internal_weight=155.606 129.378 35.4059 27.4344 93.9725 67.2805 26.692 26.2277
internal_count=624 519 142 110 377 270 107 105
is_linear=0
shrinkage=0.03


Tree=5
num_leaves=9
num_cat=0
split_feature=4 28 14 28 15 40 15 22
split_gain=15.5579 13.6644 11.2552 13.4999 10.6263 11.1744 1.51033 1.45285
threshold=-0.0491738855828645 6.5000000000000009 126.77218606942917 1.5000000000000002 47.474943803078823 0.031947984421408789 13.108258168883266 -0.13451502196410095
decision_type=2 2 2 2 2 2 2 2
left_child=6 2 3 -2 5 -3 -1 -6
right_child=1 4 -4 -5 7 -7 -8 -9
leaf_value=0.031007059619882132 -0.016786900443505497 0.0060662520144197079 -0.014608540046279732 0.021653089010008439 -0.0095446576581505824 -0.02167715901642777 0.0080619852450272266 -0.033299703583103031
leaf_weight=12.209754660725595 8.2232424765825254 35.880167230963707 13.729464307427405 39.619394958019257 7.4831756800413158 17.710500583052635 7.9763251245021811 15.474597007036207
leaf_count=49 33 144 55 159 30 71 32 62
internal_value=0.000754364 -0.00285541 0.00738984 0.0143366 -0.0112655 -0.00328251 0.0241607 -0.027543
internal_weight=158.307 138.121 61.5721 47.8426 76.5484 53.5907 20.1861 22.9578
internal_count=635 554 247 192 307 215 81 92
is_linear=0
shrinkage=0.03


Tree=6
num_leaves=11
num_cat=0
split_feature=9 37 13 38 38 21 21 1 32 2
split_gain=13.7627 7.2837 6.56409 9.23221 5.39367 4.97715 5.32456 3.64933 4.84274 3.04814
threshold=1.0000000180025095e-35 0.029280092615905366 -1.0069773822724064 0.0086866262216703342 0.0097894938811668927 0.01367290932941004 0.017291932794040153 -0.020322368487734607 0.0037773645756424838 0.031406806647845682
decision_type=2 2 2 2 2 2 2 2 2 2
left_child=1 7 5 9 -5 -2 -7 -1 -9 -4
right_child=2 -3 3 4 -6 6 -8 8 -10 -11
leaf_value=0.0002625168930817846 -0.032542197908245724 -0.0061194251328753465 0.01847963314856646 -0.026903897684079425 -0.00055905047407752166 0.0032468339293639341 -0.017829639370892124 0.032466610775489929 0.0049971954261634494 -0.0012934712398926834
leaf_weight=8.7222809344530088 8.4676356166601163 11.223037287592886 21.430309891700748 8.9835979938507098 22.931808531284332 18.689804241061211 19.462256342172623 19.660128533840183 10.954052105545996 7.7296691238880149
leaf_count=35 34 45 86 36 92 75 78 79 44 31
internal_value=0.000715694 0.0134107 -0.00524334 0.00104571 -0.00956615 -0.0134951 -0.00748375 0.0193722 0.0240069 0.0130102
internal_weight=158.255 50.5595 107.695 61.0754 31.9154 46.6197 38.1521 39.3365 30.6142 29.16
internal_count=635 203 432 245 128 187 153 158 123 117
is_linear=0
shrinkage=0.03


Tree=7
num_leaves=11
num_cat=0
split_feature=9 28 14 36 9 5 37 36 10 28
split_gain=13.0797 16.7562 10.8923 10.913 8.02337 11.287 6.93341 4.54516 3.64583 3.04493
threshold=1.0000000180025095e-35 6.5000000000000009 126.77218606942917 0.0072988205354130925 0.046030871004802056 -0.014670087011582565 0.029280092615905366 0.0050177200738143321 -0.0066338604551066096 3.5000000000000004
decision_type=2 2 2 2 2 2 2 2 2 2
left_child=6 2 3 -2 5 -3 8 -6 9 -1
right_child=1 4 -4 -5 7 -7 -8 -9 -10 -11
leaf_value=0.0046092461876168726 0.0017530535151113209 -0.028260504903757672 -0.014097259168759415 0.034778773766467395 -0.0051990950784102452 0.0076328669037676062 -0.005962685055881772 -0.036131436729176666 0.003628501235327472 0.031216879595148503
leaf_weight=7.4596340805292156 24.156204298138618 9.9769808053970355 13.732214182615278 13.679108709096907 7.9931992292404201 20.440050005912781 11.22505573928356 17.718707546591759 12.936124742031096 18.890760958194733
leaf_count=30 97 40 55 55 32 82 45 71 52 76
internal_value=0.000679385 -0.00512544 0.00689545 0.0152165 -0.0162847 -0.00469487 0.0130654 -0.0281258 0.018891 0.0250701
internal_weight=158.208 107.696 51.5675 37.8353 56.1289 30.417 50.5116 25.7119 39.2865 26.3504
internal_count=635 432 207 152 225 122 203 103 158 106
is_linear=0
shrinkage=0.03


Tree=8
num_leaves=9
num_cat=0
split_feature=4 28 11 38 14 28 26 37
split_gain=14.0784 12.4343 15.6366 11.2365 10.0354 12.3712 2.09842 2.02567
threshold=-0.0491738855828645 6.5000000000000009 0.022106637850872083 0.0088568583423326609 128.13930660078884 1.5000000000000002 0.15821566110397947 0.0091342404855450105
decision_type=2 2 2 2 2 2 2 2
left_child=6 4 3 -3 5 -2 -1 -4
right_child=1 2 7 -5 -6 -7 -8 -9
leaf_value=0.0057988828943295583 -0.016309755537780055 0.025445894587774947 -0.013305430995571398 -0.0076288158090138487 -0.014174158135457452 0.020407918418422624 0.030291803661091476 -0.032578855190627531
leaf_weight=7.7001358270645168 8.2275866419076902 10.93320010602474 17.471925124526024 29.887857541441917 13.234532430768011 40.022786900401115 12.416703298687933 18.236777231097221
leaf_count=31 33 44 70 120 53 161 50 73
internal_value=0.000657374 -0.00276894 -0.0107926 0.0016541 0.0070072 0.0134484 0.022967 -0.0247522
internal_weight=158.132 138.015 76.5298 40.8211 61.4849 48.2504 20.1168 35.7087
internal_count=635 554 307 164 247 194 81 143
is_linear=0
shrinkage=0.03


Tree=9
num_leaves=8
num_cat=0
split_feature=4 7 33 12 25 3 21
split_gain=13.4174 11.0041 6.292 8.41856 4.46498 2.65211 2.07362
threshold=-0.0491738855828645 -0.018413369567664782 0.92228398627698349 54.430785390197265 0.17752546689303908 -0.05043311966743657 0.018507548810569621
decision_type=2 2 2 2 2 2 2
left_child=5 6 3 -3 -4 -1 -2
right_child=1 2 4 -5 -6 -7 -8
leaf_value=0.0050619965931810364 -0.0082868278864237054 -0.0053466191844833743 0 0.011719468988396325 -0.026498692771368251 0.030875847190906983 -0.034738702231946465
leaf_weight=8.1956739574670809 8.4822047650814074 45.564394891262054 12.192037761211397 54.001858040690422 9.72178867459297 11.885887205600737 7.9881828278303137
leaf_count=33 34 183 49 217 39 48 32
internal_value=0.000631917 -0.00270969 0.000442327 0.00381035 -0.013272 0.0224327 -0.0243006
internal_weight=158.032 137.95 121.48 99.5663 21.9138 20.0816 16.4704
internal_count=635 554 488 400 88 81 66
is_linear=0
shrinkage=0.03


Tree=10
num_leaves=10
num_cat=0
split_feature=12 28 11 28 15 14 17 4 28
split_gain=11.2069 8.80931 15.5505 14.6183 14.2627 13.4372 6.80169 4.84806 0.147266
threshold=38.272608892077919 6.5000000000000009 0.020418595766257156 1.5000000000000002 -26.700646977203565 128.13930660078884 -1.7254727912407064 -0.020023635625111943 7.5000000000000009
decision_type=2 2 2 2 2 2 2 2 2
left_child=6 3 4 -2 -3 -5 -1 -4 -8
right_child=1 2 7 5 -6 -7 8 -9 -10
leaf_value=-0.0012882175167613981 -0.02347092792229637 -0.01925632492844025 -0.00054516497595945128 0.022178569705906294 0.017054888139907413 -0.012347280273593541 0.015379834981696172 -0.029901977749412084 0.037283203786748882
leaf_weight=7.9606883823871639 9.4763665348291379 12.946983218193052 7.7338560819625881 38.464683815836906 25.368484258651733 11.485464051365851 8.6725810468196887 23.468306034803391 8.418946906924246
leaf_count=32 38 52 31 155 102 46 35 94 34
internal_value=0.00236175 -0.00119393 -0.00843032 0.00702594 0.00406649 0.0137813 0.0199526 -0.0235484 0.0297302
internal_weight=153.996 128.944 69.5176 59.4265 38.3155 49.9501 25.0522 31.2022 17.0915
internal_count=619 518 279 239 154 201 101 125 69
is_linear=0
shrinkage=0.03


Tree=11
num_leaves=10
num_cat=0
split_feature=12 28 11 28 15 19 17 7 28
split_gain=10.7104 8.30245 14.7011 13.8645 13.5149 13.1066 6.52221 3.37929 0.126177
threshold=38.272608892077919 6.5000000000000009 0.020418595766257156 1.5000000000000002 -26.700646977203565 0.092462169181606033 -1.7254727912407064 -0.010001630226949837 7.5000000000000009
decision_type=2 2 2 2 2 2 2 2 2
left_child=6 3 4 -2 -3 -5 -1 -4 -8
right_child=1 2 7 5 -6 -7 8 -9 -10
leaf_value=-0.0012572552403892574 -0.022880809775367432 -0.018744126530027976 -0.0056348015377944687 0.035957684557303249 0.016597074808774405 0.0026564897681244861 0.015022225587000164 -0.029725948895668049 0.036491076961965317
leaf_weight=7.9612784832716015 9.4806572049856168 12.95624966919422 10.474733442068102 14.110445052385328 25.341770946979523 35.768131196498871 8.660458371043207 20.720553070306778 8.3875313103198987
leaf_count=32 38 52 42 57 102 144 35 83 34
internal_value=0.00228651 -0.00118678 -0.00821379 0.00679504 0.00393199 0.0133894 0.0194997 -0.0229154 0.0290947
internal_weight=153.862 128.853 69.4933 59.3592 38.298 49.8786 25.0093 31.1953 17.048
internal_count=619 518 279 239 154 201 101 125 69
is_linear=0
shrinkage=0.03


Tree=12
num_leaves=7
num_cat=0
split_feature=14 9 28 28 12 4
split_gain=10.4878 11.3901 8.2439 9.77639 11.976 7.47066
threshold=113.01637205890212 0.10348333383936602 1.5000000000000002 6.5000000000000009 38.272608892077919 -0.031959469975279479
decision_type=2 2 2 2 2 2
left_child=2 -2 -1 5 -5 -4
right_child=1 -3 3 4 -6 -7
leaf_value=-0.01536034462809624 -0.037529498472280369 0.0017913945399648172 -0.0032322091197717665 0.024293209382025241 -0.0040706662263368656 0.026183146934696054
leaf_weight=12.708472967147825 9.4816766381263751 13.702184647321699 8.4128744006156904 14.820370256900786 62.482320055365562 32.114450082182884
leaf_count=51 38 55 34 60 251 130
internal_value=0.00222834 -0.0153977 0.00565703 0.00826756 0.0016536 0.0198594
internal_weight=153.722 23.1839 130.538 117.83 77.3027 40.5273
internal_count=619 93 526 475 311 164
is_linear=0
shrinkage=0.03


Tree=13
num_leaves=12
num_cat=0
split_feature=9 38 13 28 10 17 34 1 28 23 10
split_gain=9.08431 7.90369 6.87716 7.3226 7.20271 5.8326 5.01902 6.61979 4.82172 3.33799 1.15294
threshold=-0.0070577328549131348 0.012515970798271639 -1.8240893204155808 6.5000000000000009 0.026852278351672813 1.782645675586312 0.0093445617036196377 -0.0026711460463727517 3.5000000000000004 0.86265573779552018 -0.0078972082690701422
decision_type=2 2 2 2 2 2 2 2 2 2 2
left_child=1 8 6 4 -4 -5 9 -8 -1 -2 -10
right_child=2 -3 3 5 -6 -7 7 -9 10 -11 -12
leaf_value=0.0035133064794197451 -0.0025246879270766731 -0.006504456766116066 0.026054977590121785 0.0060306351260026843 -0.00074682301493773787 -0.016291637537297975 0.012507507806026639 -0.017917285695320129 0.036667305856100535 -0.030486692605313601 0.012246275719186513
leaf_weight=11.886882975697519 7.4702099412679699 10.911007463932036 16.793937355279926 18.163801640272141 15.144760072231291 19.171225190162659 12.168615579605104 9.6931590139865857 11.829883173108103 12.448216408491133 7.9192909449338904
leaf_count=48 30 44 68 73 61 77 49 39 48 50 32
internal_value=0.00215464 0.0136572 -0.0022832 0.00334707 0.013609 -0.00529588 -0.0116875 -0.000724825 0.02103 -0.0218714 0.029591
internal_weight=153.601 42.5471 111.054 69.2737 31.9387 37.335 41.7802 21.8618 31.6361 19.9184 19.7492
internal_count=619 172 447 279 129 150 168 88 128 80 80
is_linear=0
shrinkage=0.03


Tree=14
num_leaves=10
num_cat=0
split_feature=11 21 34 35 10 36 36 16 7
split_gain=8.25796 9.04924 8.40066 7.86082 6.67807 11.5605 9.42952 5.93148 5.26188
threshold=0.020709513129957727 0.014035672800414596 0.023982079793153258 -0.060415001598222266 0.022518118350092989 0.0071938752021442577 0.0069045371770665182 23.113039801930757 0.012950353781269455
decision_type=2 2 2 2 2 2 2 2 2
left_child=2 -2 3 -1 5 -3 -6 -5 -4
right_child=1 4 8 7 6 -7 -8 -9 -10
leaf_value=-0.0053592023436426842 -0.025695615278396033 -0.0047811805057891548 0.0075432296396315823 0.026962021744589521 0.0034747204085686144 0.026581507504020243 -0.031512122691125029 0 -0.018402746366335879
leaf_weight=10.936520680785177 12.943640172481535 24.357713162899017 11.879606336355211 32.827781587839127 14.189795047044756 15.351699098944662 9.926332622766493 9.4337055534124357 11.653203293681143
leaf_count=44 52 98 48 133 57 62 40 38 47
internal_value=0.00209749 -0.00467622 0.00901173 0.0155089 9.78784e-06 0.00767724 -0.0116621 0.0212462 -0.00515256
internal_weight=153.5 76.7692 76.7308 53.198 63.8255 39.7094 24.1161 42.2615 23.5328
internal_count=619 309 310 215 257 160 97 171 95
is_linear=0
shrinkage=0.03


Tree=15
num_leaves=10
num_cat=0
split_feature=5 22 3 11 20 17 35 37 35
split_gain=9.56415 11.5254 8.18307 5.84913 9.04032 8.54173 5.43348 4.73924 0.995996
threshold=0.080250268384326376 -0.20024253512973053 -0.025726269732215975 0.022106637850872083 0.021266044699991282 0.96317973987636762 0.024143185539836857 -0.015717976948543485 0.01548808343751973
decision_type=2 2 2 2 2 2 2 2 2
left_child=2 -2 7 5 -5 -4 -3 -1 -9
right_child=1 6 3 4 -6 -7 -8 8 -10
leaf_value=0.0052172776407234762 0.013696428430886315 -0.036446949782287033 0.029414577233399283 -0.019031238550475619 0.010707220266412154 0.0051772886120635062 -0.0068212158117652568 -0.025891109539168049 -0.0066153299520550464
leaf_weight=11.145330533385279 8.9604583233594877 11.693944230675699 21.191979333758354 12.689071923494337 22.564152747392654 37.06326450407505 13.92190922796726 7.7097200304269817 9.4193758368492109
leaf_count=45 36 47 86 51 91 150 56 31 38
internal_value=0.000864749 -0.0125106 0.00492419 0.00924407 -4.12699e-05 0.0149269 -0.022549 -0.00853379 -0.0178753
internal_weight=156.359 34.5763 121.783 93.5085 35.2532 58.2552 25.6159 28.2744 17.1291
internal_count=631 139 492 378 142 236 103 114 69
is_linear=0
shrinkage=0.03


Tree=16
num_leaves=10
num_cat=0
split_feature=33 35 36 28 36 10 28 23 38
split_gain=6.48534 6.12133 9.01237 6.75799 6.72322 5.76318 5.572 4.95526 0.978989
threshold=0.94963953933013934 0.024984302338169954 0.0071938752021442577 2.5000000000000004 0.0049900352998058324 0.023032016018392224 6.5000000000000009 0.8298340620280934 0.0083494342979141267
decision_type=2 2 2 2 2 2 2 2 2
left_child=1 2 3 -1 7 -4 -6 -3 -2
right_child=8 4 5 -5 6 -7 -8 -9 -10
leaf_value=0.0030123890610116795 -0.004282268729257575 0 0.014452018636266965 -0.023417364972097836 0.016282342644716768 -0.01109551126992764 -0.0058248029823188214 0.026900792429610597 -0.023872281843879808
leaf_weight=11.620242550969122 7.4288080185651761 9.6788043975830096 24.964101284742355 21.826687142252922 12.827896937727926 8.9257721006870252 30.760726869106293 20.765882015228271 7.4475631266832352
leaf_count=47 30 39 101 88 52 36 124 84 30
internal_value=0.000825173 0.00297476 -0.00336719 -0.01416 0.00887719 0.00706212 0.000781075 0.0192437 -0.0166453
internal_weight=156.246 141.37 67.3368 33.4469 74.0333 33.8899 43.5886 30.4447 14.8764
internal_count=631 571 272 135 299 137 176 123 60
is_linear=0
shrinkage=0.03


Tree=17
num_leaves=9
num_cat=0
split_feature=33 3 4 12 4 8 38 25
split_gain=6.1916 5.49368 14.1335 10.4078 4.96023 3.65786 0.921143 0.426525
threshold=0.94963953933013934 -0.025726269732215975 -0.02213625718341555 55.010100429522716 -0.054213360535713899 -0.017706336947526036 0.0083494342979141267 0.20639856862912162
decision_type=2 2 2 2 2 2 2 2
left_child=1 4 7 -4 -1 -6 -2 -3
right_child=6 2 3 -5 5 -7 -8 -9
leaf_value=0.0065727878511886014 -0.0041802659786252848 0.013186888316806488 -0.011510051066420449 0.008667075970003494 -0.027015109104489871 0 -0.023309810894816763 0.034677880074378185
leaf_weight=10.609710693359377 7.4305509626865369 8.1333040148019808 35.185140952467918 57.934532582759857 10.692023858428003 7.9516665041446677 7.4467242360115051 10.787055194377897
leaf_count=43 30 33 142 234 43 32 30 44
internal_value=0.000794611 0.0028983 0.00599359 0.000803769 -0.00810156 -0.0170068 -0.0162718 0.0283004
internal_weight=156.171 141.293 112.04 93.1197 29.2534 18.6437 14.8773 18.9204
internal_count=631 571 453 376 118 75 60 77
is_linear=0
shrinkage=0.03


Tree=18
num_leaves=11
num_cat=0
split_feature=5 18 14 20 40 26 33 35 1 10
split_gain=8.94095 5.82782 7.02982 8.72049 5.65014 6.26005 5.29996 5.10201 3.79814 0.372468
threshold=0.080250268384326376 0.6458486165650843 -12.760822182308628 0.023030822612437604 -0.0024685049968774515 0.21554305182737973 0.13313638601674055 0.028409734978965377 0.0159907628521242 0.044852169868039977
decision_type=2 2 2 2 2 2 2 2 2 2
left_child=1 2 6 -4 -3 -6 -1 9 -9 -2
right_child=7 4 3 -5 5 -7 -8 8 -10 -11
leaf_value=-0.0084825142653950358 -0.028634160040528524 -0.0035049701500797529 -0.02063538040454653 0.0055884179515622049 0.003620821095757969 0.033068762269957183 0.014524095895842176 0.012960730598123409 -0.012480113152995138 -0.0098578900820387207
leaf_weight=9.8865041732788068 9.4258875697851199 10.15928018093109 22.120328083634377 19.089606806635857 13.586209133267404 14.771045237779616 31.943915277719498 8.2090438604354876 8.9365807324647886 7.9712009727954856
leaf_count=40 38 41 89 77 55 60 130 33 36 32
internal_value=0.000765837 0.0047 0 -0.00844423 0.0140292 0.0206222 0.00860538 -0.0121676 0 -0.0227078
internal_weight=156.1 121.557 83.0404 41.2099 38.5165 28.3573 41.8304 34.5427 17.1456 17.3971
internal_count=631 492 336 166 156 115 170 139 69 70
is_linear=0
shrinkage=0.03


Tree=19
num_leaves=11
num_cat=0
split_feature=5 22 3 4 12 4 36 10 25 22
split_gain=8.50711 10.8421 7.33547 9.87391 12.6942 5.00078 2.92926 2.81451 0.701886 0.511064
threshold=0.080250268384326376 -0.20024253512973053 -0.025726269732215975 -0.02213625718341555 55.010100429522716 -0.0491738855828645 0.004619464286071664 1.0000000180025095e-35 0.20639856862912162 0.027292328245404177
decision_type=2 2 2 2 2 2 2 2 2 2
left_child=2 -2 5 8 -5 -1 -3 -7 -4 -8
right_child=1 6 3 4 -6 7 9 -9 -10 -11
leaf_value=0.0051359013191695961 0.013498783666602603 -0.0028263504231470379 0.011684220825470826 -0.0095389219704663103 0.01455338883045354 -0.028418348706465875 -0.037247531852553285 -0.0015406757391280487 0.033782721469438413 -0.015116953791102554
leaf_weight=12.082178279757501 8.9520711302757245 7.71676076948643 7.8698403537273434 34.435242906212807 40.180647671222687 8.712548181414606 7.4431720227003124 7.4533609896898261 10.723048329353331 10.414915055036543
leaf_count=49 36 31 32 139 163 35 30 30 44 42
internal_value=0.000732685 -0.0118826 0.00457477 0.00868049 0.00328024 -0.00815499 -0.0216456 -0.0183859 0.0272007 -0.0279186
internal_weight=155.984 34.5269 121.457 93.2088 74.6159 28.2481 25.5748 16.1659 18.5929 17.8581
internal_count=631 139 492 378 302 114 103 65 76 72
is_linear=0
shrinkage=0.03


Tree=20
num_leaves=12
num_cat=0
split_feature=7 19 7 35 35 19 20 11 12 11 23
split_gain=9.93626 11.0564 10.8629 6.71088 6.67087 7.53386 5.71069 9.49666 4.57336 4.02503 2.06107
threshold=0.017661718712899253 0.078996511102210926 -0.021188693393149712 0.024984302338169954 0.055900136275615082 0.10900634854921185 0.02107900942693432 0.01954004293553269 77.094143810229824 0.011965420019726449 1.0215864843987539
decision_type=2 2 2 2 2 2 2 2 2 2 2
left_child=1 6 3 -3 5 10 7 -1 -7 -4 -2
right_child=4 2 9 -5 -6 8 -8 -9 -10 -11 -12
leaf_value=0.0008860412036137996 0.019979312329435714 -0.019801617272649827 0.028044858836278299 0.012055007371439629 -0.031664601199933425 -0.02159849046722298 0.0067066714389703201 -0.037299249997009357 0.0016035974610311232 0.0098948437255658179 0
leaf_weight=10.849543914198881 8.3842752128839475 11.36977678537369 25.231095016002655 8.3893064707517606 8.216676250100134 17.855840474367145 12.110364377498625 8.9455208629369718 10.175047039985655 30.411852613091469 7.4034932553768149
leaf_count=44 34 46 103 34 33 72 49 36 41 123 30
internal_value=0.00087798 0.00615385 0.0124015 -0.00572175 -0.00954941 -0.00387394 -0.00802942 -0.0175211 -0.0131309 0.0190726 0.0113468
internal_weight=159.343 107.307 75.402 19.7591 52.0353 43.8187 31.9054 19.7951 28.0309 55.6429 15.7878
internal_count=645 435 306 80 210 177 129 80 113 226 64
is_linear=0
shrinkage=0.03


Tree=21
num_leaves=10
num_cat=0
split_feature=1 11 20 20 36 19 21 8 19
split_gain=7.02479 8.03039 15.2526 10.2274 7.28825 7.08139 6.55994 5.85254 3.52267
threshold=0.026868176092106792 0.020709513129957727 0.022720617662692941 0.024054325055386207 0.0048815766993560369 0.092462169181606033 0.022265497163014032 0.039780597498572524 0.077582387454927584
decision_type=2 2 2 2 2 2 2 2 2
left_child=1 3 5 8 -4 -3 -5 -2 -1
right_child=7 2 4 6 -6 -7 -8 -9 -10
leaf_value=0.0048415188642176969 0.0026383551142980018 -0.035115946354689079 0.025577003937864235 -0.024099277526621592 -0.0007786676062790552 -0.0029746100854677578 0.0085172610174531309 -0.024405161293387486 0.022847077959686345
leaf_weight=18.484634533524513 10.609845623373987 12.890799492597582 11.895520508289335 8.9119851440191287 25.955537736415863 13.140208825469015 8.8646478503942472 14.386058807373045 34.043940141797066
leaf_count=75 43 52 48 36 105 53 36 58 139
internal_value=0.000845643 0.00369299 -0.00378408 0.0106112 0.00799572 -0.0207963 -0.00785947 -0.0130255 0.017196
internal_weight=159.183 134.187 63.8821 70.3052 37.8511 26.031 17.7766 24.9959 52.5286
internal_count=645 544 258 286 153 105 72 101 214
is_linear=0
shrinkage=0.03


Tree=22
num_leaves=12
num_cat=0
split_feature=28 12 11 40 28 12 38 11 20 28 20
split_gain=6.90808 15.0524 14.6242 14.2975 7.67995 6.11153 5.62577 6.33376 4.36588 4.18642 0.695829
threshold=6.5000000000000009 38.272608892077919 0.013843985678408279 0.030145665505596279 3.5000000000000004 70.034382728890748 0.008182018856149947 0.020709513129957727 0.021206707865403098 1.5000000000000002 0.023030822612437604
decision_type=2 2 2 2 2 2 2 2 2 2 2
left_child=4 -2 3 -3 6 10 9 -8 -4 -1 -6
right_child=1 2 8 -5 5 -7 7 -9 -10 -11 -12
leaf_value=-0.0047277017535251684 0.0213973210918262 0.015416894156182703 -0.037880333032506347 -0.020594392115076809 0.011911686784988596 -0.00032269583492826158 0.0029792426711867026 -0.027063605046242053 -0.012737455054969735 0.020300089197080713 0.032416852318848943
leaf_weight=8.1958374381065386 14.098310157656668 24.893632411956787 12.891189292073248 13.621278509497641 8.8041010051965767 9.6161097884178144 11.324325859546663 9.6706320345401746 21.135462805628777 11.732270389795302 13.037414535880087
leaf_count=33 58 101 52 55 36 39 46 39 85 48 53
internal_value=0.000809951 -0.00475411 -0.0104756 0.00192289 0.00762056 0.0183041 -0.00071266 -0.011357 -0.0242534 0.00983046 0.0264732
internal_weight=159.021 86.6399 72.5416 38.5149 72.3807 31.4576 40.9231 20.995 34.0267 19.9281 21.8415
internal_count=645 351 293 156 294 128 166 85 137 81 89
is_linear=0
shrinkage=0.03


Tree=23
num_leaves=9
num_cat=0
split_feature=7 28 7 14 18 23 18 4
split_gain=9.09053 9.93705 7.97804 6.53725 5.99578 5.24603 5.25527 4.0857
threshold=0.017661718712899253 9.5000000000000018 -0.025682166984657199 126.77218606942917 0.81006900847137697 0.74427529180590946 0.77933156669447146 -0.054213360535713899
decision_type=2 2 2 2 2 2 2 2
left_child=2 3 7 4 -2 -4 -7 -1
right_child=1 -3 5 -5 -6 6 -8 -9
leaf_value=0.0024181237897585505 -0.013878603111406707 -0.030566873914058094 -0.0089657427246642492 -0.019628530489229173 0.014124171421878235 0.015509333235629044 -0.0065643208451673894 -0.021623416415047222
leaf_weight=10.313960596919062 7.4302652925252941 12.406770169734953 9.3682901561260206 10.410821124911307 21.663701608777046 67.669504746794701 9.1077639907598478 10.425518512725828
leaf_count=42 30 50 38 42 88 276 37 42
internal_value=0.000784576 -0.00919329 0.0058482 -0.000969886 0.00605749 0.00993456 0.0126002 -0.00984655
internal_weight=158.797 51.9116 106.885 39.5048 29.094 86.1456 76.7773 20.7395
internal_count=645 210 435 160 118 351 313 84
is_linear=0
shrinkage=0.03


Tree=24
num_leaves=14
num_cat=0
split_feature=7 28 9 35 7 20 34 25 11 17 20 34 34
split_gain=8.61388 9.42803 10.0449 8.30916 7.33819 6.09329 5.74001 6.95421 6.07119 3.98733 3.78677 2.34828 1.26102
threshold=0.017661718712899253 6.5000000000000009 0.12505422758435994 0.025770323971595403 -0.018818235962435578 0.020499006824526569 0.026142228355709344 0.26766169154228864 0.013191305880605466 3.8592954282929779 0.024609960982799332 0.0093445617036196377 -0.01514929189544406
decision_type=2 2 2 2 2 2 2 2 2 2 2 2 2
left_child=3 2 9 4 12 -6 8 -8 -5 -2 11 -3 -1
right_child=1 10 -4 6 5 -7 7 -9 -10 -11 -12 -13 -14
leaf_value=-0.0051795470750867489 0 -0.020775204986482745 -0.022581611902775155 0.033902534746212451 -0.01113159628243569 0.013594816940763794 -0.014177251385251817 0.019521175343032781 0.0080224002833808108 0.025274572718991323 -0.038161874997985033 0 -0.026589733741748604
leaf_weight=7.6449446976184836 9.8418097943067604 7.4037197977304521 7.6888967454433432 14.989343807101248 11.749289453029631 22.541956722736359 11.350535422563555 7.3823840320110312 22.967497736215591 10.326000764966009 7.692398950457572 8.9107493907213193 8.1599936187267286
leaf_count=31 40 30 31 62 48 92 46 30 93 42 31 36 33
internal_value=0.0007248 -0.00898952 0.00249268 0.00565924 -0.00296598 0.00456286 0.0133782 0 0.0198034 0.0139037 -0.0220569 -0.0103061 -0.0188211
internal_weight=158.65 51.8636 27.8567 106.786 50.0962 34.2912 56.6898 18.7329 37.9568 20.1678 24.0069 16.3145 15.8049
internal_count=645 210 113 435 204 140 231 76 155 82 97 66 64
is_linear=0
shrinkage=0.03


Tree=25
num_leaves=10
num_cat=0
split_feature=11 21 1 14 38 14 25 32 0
split_gain=8.02795 13.2514 8.03904 8.96415 6.31137 6.30813 6.08341 4.54387 3.7483
threshold=0.013843985678408279 0.014606631928738862 0.025212334577154442 -76.847862557141511 0.009032086433952426 24.185085683034917 0.29764306676449015 0.0020648570808048388 0.012972725943979692
decision_type=2 2 2 2 2 2 2 2 2
left_child=2 5 3 -1 7 -2 -6 -3 -5
right_child=1 4 -4 8 6 -7 -8 -9 -10
leaf_value=-0.011466594055035143 -0.0019445897003171838 0.019230222399501593 -0.015348605033446721 0.020211863793457203 -0.018324738404433362 -0.038537534904859158 0.0053758140540895467 -0.0025482755214088475 0
leaf_weight=11.266120284795759 7.4115736037492779 15.821385174989702 11.083865433931349 37.754521369934082 22.180045858025551 13.336325883865355 13.796879038214682 13.870056822896002 9.6141080260276777
leaf_count=46 30 64 45 155 90 54 56 56 39
internal_value=-0.00158823 -0.00769349 0.00577361 0.0103883 -0.000604478 -0.0274454 -0.00903633 0.00906453 0.0161441
internal_weight=156.135 86.4163 69.7186 58.6347 65.6684 20.7479 35.9769 29.6914 47.3686
internal_count=635 350 285 240 266 84 146 120 194
is_linear=0
shrinkage=0.03


Tree=26
num_leaves=10
num_cat=0
split_feature=9 32 23 38 9 25 26 21 38
split_gain=11.0737 11.5298 8.42647 8.02986 6.9262 6.90605 2.01886 1.19597 1.10994
threshold=-0.0070577328549131348 0.010361663248543153 1.1560796939475837 0.0063282025713196728 -0.054355955177697542 0.49836601307189549 0.25290862433690292 0.019217261003046819 0.010305555402978782
decision_type=2 2 2 2 2 2 2 2 2
left_child=1 4 3 -2 7 -5 -4 -1 -6
right_child=2 -3 6 5 8 -7 -8 -9 -10
leaf_value=-0.0066931299983264587 0.021167911344280435 -0.018631004303072411 -0.035437653146426551 -0.0095833771682543954 0.03248042156806618 0.01331420745162192 -0.0097414809803249517 0.0083932315619997481 0.010340859485014963
leaf_weight=7.385588660836218 9.0147844105958921 7.8489200323820105 8.1528022885322589 71.549864143133163 15.373898372054102 11.841903001070021 9.653722330927847 7.3109586834907532 7.8913957774639121
leaf_count=30 37 32 33 290 64 48 39 30 32
internal_value=-0.00156487 0.0104251 -0.00677923 -0.00272653 0.0174398 -0.0059205 -0.0246543 1.97686e-05 0.0269776
internal_weight=156.024 45.8108 110.213 92.4066 37.9618 83.3918 17.8065 14.6965 23.2653
internal_count=635 188 447 375 156 338 72 60 96
is_linear=0
shrinkage=0.03


Tree=27
num_leaves=8
num_cat=0
split_feature=9 32 19 38 8 11 7
split_gain=10.4872 10.9936 7.54677 9.23248 7.41848 6.17151 5.28878
threshold=-0.0070577328549131348 0.010361663248543153 0.20507767135490054 0.0063282025713196728 -0.02105284114837189 -0.0082354744089036518 0.0090922382540345129
decision_type=2 2 2 2 2 2 2
left_child=1 4 3 -2 5 -1 -5
right_child=2 -3 -4 6 -6 -7 -8
leaf_value=-0.011347571973074462 0.015854345455991958 -0.018159526197460859 0.016900126647775172 -0.003996841349730545 0.030334376677765507 0.018699925754041568 -0.019053507351792044
leaf_weight=10.280544728040697 9.7358547151088697 7.8628301173448554 8.9349147826433164 44.141292035579681 17.594118699431419 9.9875278770923597 47.364051595330238
leaf_count=42 40 32 36 179 73 41 192
internal_value=-0.00151379 0.0101641 -0.00658885 -0.00909437 0.0170384 0.00313505 -0.0121916
internal_weight=155.901 45.725 110.176 101.241 37.8622 20.2681 91.5053
internal_count=635 188 447 411 156 83 371
is_linear=0
shrinkage=0.03


Tree=28
num_leaves=10
num_cat=0
split_feature=9 32 33 38 21 33 21 14 38
split_gain=9.88779 10.4724 13.9147 7.11166 8.21815 5.39975 5.12945 2.33045 0.783098
threshold=-0.0070577328549131348 0.010361663248543153 0.18976114002676014 0.0062638444930253863 0.014644661200155682 0.92228398627698349 0.01194543830471223 -64.452605059362199 0.010845382263866105
decision_type=2 2 2 2 2 2 2 2 2
left_child=1 2 7 -2 6 -6 -5 -1 -4
right_child=3 -3 8 4 5 -7 -8 -9 -10
leaf_value=-0.015418396519356489 0.016081001097365266 -0.01770276955641974 0.035989475842632311 0 0.0003040344783808317 -0.020851767516539051 -0.029514200427310736 0.005095178063835683 0.012921371678730309
leaf_weight=7.3832799643278122 9.2204922735691053 7.875141352415084 15.168922364711763 7.6329875886440304 62.252779260277748 10.824965462088583 20.223967164754868 7.6162211596965772 7.5888370126485816
leaf_count=30 38 32 64 31 252 44 82 31 31
internal_value=-0.0014551 0.00989464 0.016629 -0.00638314 -0.00885356 -0.00310196 -0.022221 -0.00474595 0.0305683
internal_weight=155.788 45.6324 37.7573 110.155 100.935 73.0777 27.857 14.9995 22.7578
internal_count=635 188 156 447 409 296 113 61 95
is_linear=0
shrinkage=0.03


Tree=29
num_leaves=8
num_cat=0
split_feature=9 32 19 38 8 11 12
split_gain=9.37041 9.98906 7.12445 8.39152 6.76788 5.73567 4.9031
threshold=-0.0070577328549131348 0.010361663248543153 0.20507767135490054 0.0063282025713196728 -0.02105284114837189 -0.0082354744089036518 41.492576882290571
decision_type=2 2 2 2 2 2 2
left_child=1 4 3 -2 5 -1 -5
right_child=2 -3 -4 6 -6 -7 -8
leaf_value=-0.010954556461734846 0.01514940754082022 -0.017260057791350505 0.016600879774481991 0.0038810764888518811 0.029047419943801635 0.018026539142273704 -0.014467041152402807
leaf_weight=10.289182081818582 9.6975497156381589 7.8859506845474234 8.9302594810724241 13.33459787070751 17.396691054105759 9.9447357505559904 78.142383322119713
leaf_count=42 40 32 36 54 73 41 317
internal_value=-0.00141322 0.00964909 -0.00621067 -0.0086523 0.0162532 0.00295493 -0.0116062
internal_weight=155.621 45.5166 110.105 101.175 37.6306 20.2339 91.477
internal_count=635 188 447 411 156 83 371
is_linear=0
shrinkage=0.03


Tree=30
num_leaves=8
num_cat=0
split_feature=19 11 20 1 19 20 22
split_gain=8.61139 6.60037 12.6566 10.0555 7.32622 6.60358 2.86984
threshold=0.2366325829577243 0.03782764125847194 0.024054325055386207 0.025738997407095846 0.076219932006282118 0.02767700162190603 -0.18172988434473344
decision_type=2 2 2 2 2 2 2
left_child=1 3 6 4 -1 -4 -3
right_child=-2 2 5 -5 -6 -7 -8
leaf_value=-0.0092434571911701839 0.022829083526388436 -0.0055067513501109999 0.013782912169513162 -0.020439981843758535 0.011403965754360116 -0.016398416739491262 -0.030764016984288482
leaf_weight=18.56813308596611 10.098366990685461 8.1390312314033526 17.230353280901912 13.492733806371687 56.43024916946888 7.6720312982797614 20.010174855589867
leaf_count=76 41 33 70 55 232 31 81
internal_value=-0.0013393 -0.00346214 -0.0116529 0.00143157 0.00598994 0.00339911 -0.0248084
internal_weight=151.641 141.543 53.0516 88.4911 74.9984 24.9024 28.1492
internal_count=619 578 215 363 308 101 114
is_linear=0
shrinkage=0.03


Tree=31
num_leaves=10
num_cat=0
split_feature=14 36 21 15 38 0 38 23 28
split_gain=9.92853 6.7814 8.86431 8.60845 9.21654 5.14571 5.02233 4.04598 2.54962
threshold=-11.393132033688742 0.0049452748353441744 0.017828117943029364 125.12179080205674 0.0065364509990858766 0.013615472394036489 0.011397823297622933 0.91364128815275947 3.5000000000000004
decision_type=2 2 2 2 2 2 2 2 2
left_child=5 2 7 4 -3 6 8 -2 -1
right_child=1 3 -4 -5 -6 -7 -8 -9 -10
leaf_value=0.0058578469501677135 -0.020424643934979062 0.020780565263337259 0.028289314468375622 -0.036490504582071162 -0.010708690894032523 -0.0087903076362513856 0 0.0038197333321970234 0.030259080582725549
leaf_weight=8.7781538218259829 7.3636507689952913 7.4892873913049689 8.4047152251005155 8.6762787699699384 61.380829498171806 7.8626758456230155 12.012253895401953 14.939330562949179 14.621101900935171
leaf_count=36 30 31 34 35 249 32 49 61 62
internal_value=-0.00131636 -0.00624302 0.00513019 -0.010951 -0.00658293 0.0104081 0.0153139 -0.00458979 0.0228777
internal_weight=151.528 108.254 30.7077 77.5464 68.8701 43.2742 35.4115 22.303 23.3993
internal_count=619 440 125 315 280 179 147 91 98
is_linear=0
shrinkage=0.03


Tree=32
num_leaves=8
num_cat=0
split_feature=19 9 19 19 20 20 28
split_gain=8.136 7.92734 6.50542 8.0895 7.09064 6.14252 2.98187
threshold=0.2366325829577243 -0.0070577328549131348 0.074247795913414558 0.1104209806183188 0.020658133637717822 0.025872723475417289 3.5000000000000004
decision_type=2 2 2 2 2 2 2
left_child=1 5 4 -4 -3 6 -1
right_child=-2 2 3 -5 -6 -7 -8
leaf_value=0 0.022242091264810658 -0.035628196322898778 0.0070066802460887886 -0.011113590174331256 0 -0.011975957126256031 0.021277891248887501
leaf_weight=9.0156145989894885 10.07509697973728 11.531577467918398 35.161865994334221 51.454126492142677 7.4013766795396796 7.8766156286001197 18.849179595708847
leaf_count=37 41 47 143 209 30 32 80
internal_value=-0.00126873 -0.00333697 -0.00752262 -0.00359626 -0.0227089 0.00836997 0.0150403
internal_weight=151.365 141.29 105.549 86.616 18.933 35.7414 27.8648
internal_count=619 578 429 352 77 149 117
is_linear=0
shrinkage=0.03


Tree=33
num_leaves=8
num_cat=0
split_feature=19 11 20 1 35 19 22
split_gain=7.74457 5.81378 11.6991 9.28813 8.79162 6.68605 2.74215
threshold=0.2366325829577243 0.03782764125847194 0.024054325055386207 0.025738997407095846 0.027902596173809194 0.076219932006282118 -0.18172988434473344
decision_type=2 2 2 2 2 2 2
left_child=1 3 6 5 -4 -1 -3
right_child=-2 2 4 -5 -6 -7 -8
leaf_value=-0.0087988906452533006 0.02172790755948641 -0.0048991805178468144 -0.019021605596348329 -0.019680886989308061 0.015672694119124912 0.010933322354751765 -0.029431273557004107
leaf_weight=18.538823246955872 10.051796197891234 8.1330648362636584 7.8984947055578258 13.470490723848341 16.972336918115616 56.198950365185738 19.942394077777863
leaf_count=76 41 33 32 55 69 232 81
internal_value=-0.0012297 -0.00325004 -0.0109448 0.00134263 0.00350054 0.00574149 -0.0236218
internal_weight=151.206 141.155 52.9463 88.2083 24.8708 74.7378 28.0755
internal_count=619 578 215 363 101 308 114
is_linear=0
shrinkage=0.03


Tree=34
num_leaves=9
num_cat=0
split_feature=14 36 15 21 0 21 37 23
split_gain=8.78603 5.89115 8.95634 7.76956 6.62725 5.24223 4.65312 3.16614
threshold=-23.230736011239511 0.0049452748353441744 116.32070848329482 0.017828117943029364 0.0095030214667299901 0.017446918327452581 -0.013254114772900725 0.91364128815275947
decision_type=2 2 2 2 2 2 2 2
left_child=5 3 4 7 -3 -1 -7 -2
right_child=1 2 -4 -5 -6 6 -8 -9
leaf_value=0.025792500979845322 -0.016826804315699908 0.0012651915044771564 -0.031610190685672231 0.027223905343439506 -0.017115851893779562 0.014900371313875898 -0.011358204520462916 0.0040015577026790983
leaf_weight=12.541989222168921 8.0822466313839012 50.888434588909149 11.841303303837774 8.379986420273779 23.85573048889637 9.9482460319995862 10.124028995633127 15.398235663771628
leaf_count=53 33 208 48 34 97 41 42 63
internal_value=-0.00121 -0.00511103 -0.00917933 0.0053913 -0.0046991 0.0120008 0.00114742 -0.00333714
internal_weight=151.06 118.446 86.5855 31.8605 74.7442 32.6143 20.0723 23.4805
internal_count=619 483 353 130 305 136 83 96
is_linear=0
shrinkage=0.03


Tree=35
num_leaves=7
num_cat=0
split_feature=14 19 38 19 34 16
split_gain=6.03377 4.19622 5.38717 4.64497 3.45592 0.851187
threshold=128.13930660078884 0.16953817554391168 0.013260536280813216 0.078996511102210926 0.011234976807087517 18.770094064807999
decision_type=2 2 2 2 2 2
left_child=1 2 3 -1 -2 -3
right_child=4 5 -4 -5 -6 -7
leaf_value=-0.0080379671313202047 -0.026850669185992028 0.020801848646137197 -0.020693502379189189 0.0049059064947845933 0 0.0031066469630409415
leaf_weight=33.616262033581734 10.038204714655878 8.2545803636312467 9.4004484713077527 79.632928490638733 7.6647616624832144 7.3565299212932578
leaf_count=138 41 34 38 327 31 30
internal_value=-0.00123809 0.000860309 -0.000976449 0.000860754 -0.0168117 0.0146147
internal_weight=155.964 138.261 122.65 113.249 17.703 15.6111
internal_count=639 567 503 465 72 64
is_linear=0
shrinkage=0.03


Tree=36
num_leaves=11
num_cat=0
split_feature=9 34 34 21 12 12 7 5 15 4
split_gain=5.52029 7.75946 8.79846 5.63401 4.65093 7.66748 7.86408 4.11625 8.506 5.14935
threshold=-0.0070577328549131348 0.017219129970393324 0.023267918416927217 0.014822879670221679 54.216137558281126 45.465367965367975 -0.023081601749407252 -0.0040231909795681023 14.002099469114265 0.017146582577258877
decision_type=2 2 2 2 2 2 2 2 2 2
left_child=4 7 -3 -4 5 6 -1 8 -2 -9
right_child=1 2 3 -5 -6 -7 -8 9 -10 -11
leaf_value=-0.0065858144953094928 0 0.028058749873244176 -0.017283103812663084 0.0061532099658694623 0.026930956134654949 -0.020246235678402183 0.022734338778174872 0.0049714445302766613 -0.038542829647050532 -0.01364033727244387
leaf_weight=12.638870075345038 7.6386347860097912 9.0660284459590894 12.459974825382231 22.717231795191765 7.0459317415952674 8.0438566505908948 16.202877849340442 20.383127599954605 10.28194686770439 29.40963526070118
leaf_count=52 31 37 51 92 30 33 68 83 42 120
internal_value=-0.00121037 -0.00481577 0.00459907 -0.00222779 0.00746082 0.00216201 0.00980559 -0.011138 -0.0230567 -0.00583405
internal_weight=155.888 111.957 44.2432 35.1772 43.9315 36.8856 28.8417 67.7133 17.9206 49.7928
internal_count=639 456 180 143 183 153 120 276 73 203
is_linear=0
shrinkage=0.03


Tree=37
num_leaves=11
num_cat=0
split_feature=9 34 34 21 13 12 12 7 5 21
split_gain=5.22755 7.36515 8.39178 5.34051 5.19334 4.47864 7.28326 7.49462 3.5291 3.01467
threshold=-0.0070577328549131348 0.017219129970393324 0.023267918416927217 0.014822879670221679 2.6901415875715782 54.216137558281126 45.465367965367975 -0.023081601749407252 -0.0040231909795681023 0.01547183165867087
decision_type=2 2 2 2 2 2 2 2 2 2
left_child=5 4 -3 -4 8 6 7 -1 -2 -6
right_child=1 2 3 -5 9 -7 -8 -9 -10 -11
leaf_value=-0.00641154836033931 -0.031283446325663343 0.027429986349986186 -0.016824588118278371 0.005983936473114823 -0.012365939861287648 0.026429706331519337 -0.019727360448801922 0.022217944764426008 -0.010106062361197465 0.0080551642999406245
leaf_weight=12.647155240178106 10.728510573506354 9.0418366044759733 12.469904780387877 22.715659931302071 8.3376320898532885 7.0027591586112967 8.0601160079240781 16.129683077335361 33.143184795975685 15.452304795384405
leaf_count=52 44 37 51 92 34 30 33 68 135 63
internal_value=-0.0011723 -0.00468245 0.00448488 -0.00216625 -0.0108468 0.0072726 0.00207106 0.00954917 -0.01675 0
internal_weight=155.729 111.889 44.2274 35.1856 67.6616 43.8397 36.837 28.7768 43.8717 23.7899
internal_count=639 456 180 143 276 183 153 120 179 97
is_linear=0
shrinkage=0.03


Tree=38
num_leaves=9
num_cat=0
split_feature=14 36 12 8 2 6 35 11
split_gain=5.67822 9.01464 4.46975 11.0265 6.7965 5.79873 5.09077 4.94352
threshold=128.13930660078884 0.0049597557690506501 50.854142469996141 -0.00054871085914792804 -0.020067305126129583 0.0019484208017551501 0.051122905301416728 0.013843985678408279
decision_type=2 2 2 2 2 2 2 2
left_child=2 -2 3 4 -1 7 -7 -4
right_child=1 -3 5 -5 -6 6 -8 -9
leaf_value=-0.01214871863142488 0.0061189605856903501 -0.032886019162851589 0.030428163965564171 -0.027962555571512667 0.0092970188651933204 0.0047966166665591638 -0.017853860364552925 0.0032831100713547239
leaf_weight=18.599707499146461 7.670163661241534 9.9785595089197141 11.187071412801744 12.358813330531119 34.838155508041382 36.554826930165291 9.5938948243856412 14.794804483652113
leaf_count=76 31 41 47 50 145 150 39 60
internal_value=-0.00114044 -0.0162736 0.000893681 -0.00456194 0.001393 0.00606139 -0.000146692 0.0168465
internal_weight=155.576 17.6487 137.927 65.7967 53.4379 72.1306 46.1487 25.9819
internal_count=639 72 567 271 221 296 189 107
is_linear=0
shrinkage=0.03


Tree=39
num_leaves=10
num_cat=0
split_feature=14 36 23 12 12 36 23 36 26
split_gain=5.39301 8.62857 4.73782 6.5984 9.19327 6.03335 7.30395 5.47894 3.71432
threshold=128.13930660078884 0.0049597557690506501 0.99609429344993372 54.216137558281126 45.278574346832762 0.0070624294123895282 1.1668261283566872 0.0060038208782324251 0.1014569256756757
decision_type=2 2 2 2 2 2 2 2 2
left_child=2 -2 3 4 -1 6 -4 -5 -7
right_child=1 -3 5 7 -6 8 -8 -9 -10
leaf_value=-1.0143448332657108e-05 0.0059734549541604108 -0.032194459523486853 0.0096225633662138238 0.019271750038878026 -0.027744145763360671 0 -0.015905099859680531 -0.0042016412847392624 0.025753850175714885
leaf_weight=28.385390430688858 7.6700077950954464 9.9307994246482831 23.542546108365059 13.621235653758051 16.473546281456947 7.2743579596281078 14.637583196163176 17.905004218220711 15.958927765488623
leaf_count=117 31 41 97 56 67 30 60 74 66
internal_value=-0.00111575 -0.0158842 0.000863552 -0.00396027 -0.0112645 0.00703557 -9.55112e-05 0.00603751 0.0184275
internal_weight=155.399 17.6008 137.799 76.3852 44.8589 61.4134 38.1801 31.5262 23.2333
internal_count=639 72 567 314 184 253 157 130 96
is_linear=0
shrinkage=0.03


Tree=40
num_leaves=11
num_cat=0
split_feature=9 8 10 21 40 35 37 21 21 25
split_gain=5.87853 7.59196 6.91104 10.1795 8.11016 5.72076 7.74555 3.3142 2.78212 5.14264
threshold=-0.0070577328549131348 0.0025786330599951216 0.029530313178417148 0.014702379474289705 0.0026908063712992596 0.024984302338169954 -0.013572797848636074 0.016959780477475647 0.018319951730616655 0.17752546689303908
decision_type=2 2 2 2 2 2 2 2 2 2
left_child=5 8 3 -3 -4 6 -1 -7 9 -2
right_child=1 2 4 -5 -6 7 -8 -9 -10 -11
leaf_value=0.016615146242874891 -0.020963906828733603 -0.0094997874030532149 -0.031382603726644573 0.019528875820282777 -0.00014908081864354984 0.033776585485559771 -0.015782860754648818 0.005662826069391746 -0.028878311088587134 0.0065805079875201978
leaf_weight=10.054425418376924 10.275376155972486 14.923784792423247 8.1102229803800565 27.421128451824188 32.720166623592377 7.7952733039855984 12.668293997645376 10.320324718952177 9.8857168704271299 9.5551986545324308
leaf_count=42 42 61 33 112 134 34 52 43 40 39
internal_value=-0.00040978 -0.00403173 0.000543913 0.0089929 -0.00787901 0.00897321 -0.000656141 0.0206615 -0.0165385 -0.00761779
internal_weight=153.73 112.892 83.1753 42.3449 40.8304 40.8383 22.7227 18.1156 29.7163 19.8306
internal_count=632 461 340 173 167 171 94 77 121 81
is_linear=0
shrinkage=0.03


Tree=41
num_leaves=8
num_cat=0
split_feature=4 3 25 14 16 21 8
split_gain=5.75578 7.01589 4.79486 4.56213 3.36347 1.52433 1.30994
threshold=-0.05248726012736487 -0.031345286149359046 0.041998000372023815 126.77218606942917 3.0689318241275276 0.017886558415679456 -0.052466615179068574
decision_type=2 2 2 2 2 2 2
left_child=6 5 4 -4 -3 -2 -1
right_child=1 2 3 -5 -6 -7 -8
leaf_value=0.022112294057047465 -0.0058083720159165493 -0.025571734258681002 0.0054329429057597984 -0.011753070338512766 -0.0010895091248291564 -0.029848478685928076 0.0027320908780531878
leaf_weight=8.9549450725317019 7.3272356092929822 8.0781217366457003 86.240792900323868 14.182954072952269 13.306832030415533 7.3434338420629501 8.132084518671034
leaf_count=37 30 33 355 58 55 30 34
internal_value=-0.000407072 -0.00262312 -1.48771e-06 0.00267719 -0.0123751 -0.0208788 0.0149275
internal_weight=153.566 136.479 121.809 100.424 21.385 14.6707 17.087
internal_count=632 561 501 413 88 60 71
is_linear=0
shrinkage=0.03


Tree=42
num_leaves=9
num_cat=0
split_feature=9 5 10 1 0 38 28 19
split_gain=5.5236 7.01856 5.6901 6.19818 5.35799 4.92424 8.27212 4.35403
threshold=-0.0070577328549131348 -0.014670087011582565 0.026852278351672813 0.021250823595872163 -0.011759360232642678 0.012515970798271639 3.5000000000000004 0.093833905581655039
decision_type=2 2 2 2 2 2 2 2
left_child=5 7 4 -4 -3 6 -1 -2
right_child=1 2 3 -5 -6 -7 -8 -9
leaf_value=-0.0033941264795571188 -0.031328853172347793 -0.013378682503347459 -0.00076358287090301199 -0.02594615129732444 0.010541955212254622 -0.0066069008903622221 0.026894953856928739 -0.0005406439156364827
leaf_weight=11.694105520844461 10.2176860421896 8.0671415030956251 32.377204403281212 10.886227533221243 43.311915367841721 11.128128558397291 17.871366754174232 7.9047365039587012
leaf_count=48 42 33 132 45 177 46 77 32
internal_value=-0.000414928 -0.0039274 -0.000337396 -0.00829804 0.00614457 0.00869507 0.0149835 -0.0200334
internal_weight=153.459 112.765 94.6425 43.2634 51.3791 40.6936 29.5655 18.1224
internal_count=632 461 387 177 210 171 125 74
is_linear=0
shrinkage=0.03


Tree=43
num_leaves=11
num_cat=0
split_feature=9 33 10 21 1 35 34 21 12 20
split_gain=5.24865 8.36521 6.89717 8.14386 6.10406 5.21929 7.41892 3.25705 2.84223 1.79506
threshold=-0.0070577328549131348 0.57012248403413379 0.026852278351672813 0.014702379474289705 0.021250823595872163 0.024984302338169954 -0.021278489612409242 0.016959780477475647 38.571491601759078 0.025417581347630652
decision_type=2 2 2 2 2 2 2 2 2 2
left_child=5 8 3 -3 -4 6 -1 -7 -2 -10
right_child=1 2 4 -5 -6 7 -8 -9 9 -11
leaf_value=0.013040466193500553 0 -0.0073401412500592759 0 0.020093478846714842 -0.023926529182188527 0.032742693126181326 -0.018708137225805992 0.0049843606494662882 -0.026604545647492997 -0.0053137883186081987
leaf_weight=12.699797078967096 7.627266213297843 12.957824692130087 31.389862060546875 24.887066885828972 11.093196108937262 7.6626022458076504 9.9696777760982496 10.259529575705526 16.350682035088543 8.3692953884601575
leaf_count=53 31 53 128 102 46 34 41 43 67 34
internal_value=-0.00043163 -0.00385668 0.00123952 0.010427 -0.00670851 0.00845818 -0.000698765 0.019701 -0.0162841 -0.0208949
internal_weight=153.267 112.675 80.3279 37.8449 42.4831 40.5916 22.6695 17.9221 32.3472 24.72
internal_count=632 461 329 155 174 171 94 77 132 101
is_linear=0
shrinkage=0.03


Tree=44
num_leaves=6
num_cat=0
split_feature=19 38 9 21 35
split_gain=5.52126 6.7535 6.27263 6.25747 6.22475
threshold=0.24185023416619586 0.013260536280813216 -0.0070577328549131348 0.0199431924632168 0.027430432568370081
decision_type=2 2 2 2 2
left_child=1 2 4 -4 -1
right_child=-2 -3 3 -5 -6
leaf_value=-0.0017123377545567218 0.02003937385144133 -0.023264771830963381 -0.00034022916793598342 -0.020599445780127641 0.0230275109011886
leaf_weight=15.686881259083746 8.918678402900694 10.360362619161604 87.036139294505119 14.685809105634688 16.362079381942749
leaf_count=65 37 42 357 60 71
internal_value=-0.000420649 -0.00204628 0 -0.00375052 0.0110884
internal_weight=153.05 144.131 133.771 101.722 32.049
internal_count=632 595 553 417 136
is_linear=0
shrinkage=0.03


Tree=45
num_leaves=6
num_cat=0
split_feature=19 19 10 11 15
split_gain=7.14195 7.33902 6.98707 4.47204 5.99191
threshold=0.21805992766189328 0.1529070994087468 0.045727877616648323 -0.049978409810116024 -26.700646977203565
decision_type=2 2 2 2 2
left_child=1 3 -3 -1 -5
right_child=-2 2 -4 4 -6
leaf_value=0.018534640503896894 0.018241065636226388 -0.035478576473098107 0 -0.021754397787001806 0.00023035028451521444
leaf_weight=8.4347001463174802 13.798855349421499 9.2477504312992114 8.2366927713155729 10.319689512252806 105.25345896184444
leaf_count=36 57 38 34 43 434
internal_value=-0.000783819 -0.00297212 -0.0200969 -0.000157912 -0.00194178
internal_weight=155.291 141.492 17.4844 124.008 115.573
internal_count=642 585 72 513 477
is_linear=0
shrinkage=0.03


Tree=46
num_leaves=7
num_cat=0
split_feature=19 19 37 7 17 12
split_gain=6.78459 6.98723 5.9414 5.2673 9.63282 6.27147
threshold=0.21805992766189328 0.1529070994087468 0.040517653032004393 0.0064641075485042812 3.8592954282929779 53.126063462455782
decision_type=2 2 2 2 2 2
left_child=1 3 -3 5 -5 -1
right_child=-2 2 -4 4 -6 -7
leaf_value=0 0.017797689809815994 -0.034214820824659875 0 -0.016491522528325548 0.0074248490404811903 0.020133319346283679
leaf_weight=49.080782279372215 13.768617421388624 8.9643122255802172 8.4971474260091764 34.775502309203148 23.224574774503708 16.908899530768394
leaf_count=204 57 37 35 144 95 70
internal_value=-0.000761142 -0.00289514 -0.0196155 -0.000147354 -0.00673658 0.00545127
internal_weight=155.22 141.451 17.4615 123.99 58.0001 65.9897
internal_count=642 585 72 513 239 274
is_linear=0
shrinkage=0.03


Tree=47
num_leaves=12
num_cat=0
split_feature=6 11 18 28 12 36 18 21 21 21 36
split_gain=5.71087 7.77269 10.7572 6.62148 11.9927 9.56317 5.41786 4.62945 4.58535 4.78241 1.17666
threshold=0.0028688489566732023 0.013843985678408279 0.31240056635885677 6.5000000000000009 70.034382728890748 0.0050177200738143321 0.51412800570417627 0.015134845722756814 0.014555775160954756 0.021415710002185558 0.0062389476842729021
decision_type=2 2 2 2 2 2 2 2 2 2 2
left_child=1 2 10 4 7 -5 -7 -2 -3 -10 -1
right_child=3 8 -4 5 -6 6 -8 -9 9 -11 -12
leaf_value=-0.0099266723161245372 -0.00056267856092528728 -0.018384496405293296 0.03094297496651122 0.0059962833075728507 -0.018320672349080892 0 -0.030173735714254531 0.025572275538338352 0.0090802087415014204 -0.013514216246627957 0.0047085269036690278
leaf_weight=7.4994478970766085 8.0201778411865252 10.710009351372717 16.880302622914314 12.637783616781233 12.579313382506369 7.3918015658855465 22.180673182010651 13.824932634830473 26.547846749424934 9.7298698425292951 7.1257201284170151
leaf_count=31 33 44 72 52 52 31 91 57 109 40 30
internal_value=-0.000738178 0.00478198 0.0159044 -0.00656078 0.00279863 -0.0143144 -0.0232993 0.0161057 -0.00271429 0.00223891 -0.00218519
internal_weight=155.128 78.4932 31.5055 76.6347 34.4244 42.2103 29.5725 21.8451 46.9877 36.2777 14.6252
internal_count=642 326 133 316 142 174 122 90 193 149 61
is_linear=0
shrinkage=0.03


Tree=48
num_leaves=9
num_cat=0
split_feature=14 36 36 16 7 8 14 4
split_gain=5.12646 6.12051 5.11094 6.46922 7.91263 5.71332 7.7503 4.40769
threshold=126.77218606942917 0.0049452748353441744 0.0077365257041046914 -4.2659474398038375 0.012728116089791982 -0.00054871085914792804 24.953642362862414 -0.046068656943262835
decision_type=2 2 2 2 2 2 2 2
left_child=2 -2 3 7 -5 -4 -7 -1
right_child=1 -3 5 4 -6 6 -8 -9
leaf_value=0.0022980755685417923 0.0041177005287526399 -0.027806215893624888 0.024452454921842733 0.016301515964022326 -0.0046435753449252234 -0.020994132751047646 0.014783789314259808 -0.017041165796969574
leaf_weight=13.533434614539145 7.3648969084024456 10.71826235949993 13.994683623313902 25.725835174322128 35.988878175616264 7.3023339211940792 11.155308976769446 29.101333543658257
leaf_count=56 30 45 59 108 148 30 46 120
internal_value=-0.000723599 -0.0149421 0.00123603 -0.00191573 0.00408962 0.0113287 0 -0.0107384
internal_weight=154.885 18.0832 136.802 104.349 61.7147 32.4523 18.4576 42.6348
internal_count=642 75 567 432 256 135 76 176
is_linear=0
shrinkage=0.03


Tree=49
num_leaves=12
num_cat=0
split_feature=6 34 36 28 12 38 14 2 18 15 36
split_gain=5.23204 6.37897 7.17393 6.25063 11.2829 9.27582 5.38259 4.49207 4.43189 4.46616 3.64752
threshold=0.0028688489566732023 0.0083882466098512704 0.0080213846019836638 6.5000000000000009 70.034382728890748 0.0078297915036050787 -20.821475877420195 0.023625305319486704 0.36271292070883426 79.517076939586403 0.0055173634771088402
decision_type=2 2 2 2 2 2 2 2 2 2 2
left_child=1 2 6 4 7 -5 -1 -2 -3 -10 -7
right_child=3 8 -4 5 -6 10 -8 -9 9 -11 -12
leaf_value=0.0054424271170217782 0 0 0.016027578568205181 0.011756216882706066 -0.017680881527817476 -0.0042248514450579219 -0.018527447028981049 0.026541805048019392 0.030728146552637059 0.0017223116911662011 -0.027407775786461891
leaf_weight=10.76795572042465 9.6867210716009158 12.578904464840887 10.72484967112541 8.1293908506631833 12.550037398934363 11.473772525787352 21.393914520740509 12.104726135730742 13.918495029211046 8.8318709880113584 22.527308419346809
leaf_count=45 40 52 45 34 52 47 89 50 59 36 93
internal_value=-0.000700215 0.00458975 -0.00289601 -0.00628105 0.00281205 -0.0138245 -0.0102143 0.0157389 0.0137469 0.021123 -0.0206706
internal_weight=154.688 78.216 42.8867 76.472 34.3415 42.1305 32.1619 21.7914 35.3293 22.7504 34.0011
internal_count=642 326 179 316 142 174 134 90 147 95 140
is_linear=0
shrinkage=0.03


Tree=50
num_leaves=9
num_cat=0
split_feature=38 5 18 12 18 21 4 5
split_gain=5.05036 10.182 5.61717 5.15316 7.3778 5.85236 4.27175 5.73217
threshold=0.0080669995554190996 0.08611618063742478 0.96210701252555697 52.028105331681758 0.79339936697524172 0.019652715432430096 -0.02213625718341555 0.011533748484224617
decision_type=2 2 2 2 2 2 2 2
left_child=2 3 6 5 -5 -2 -1 -8
right_child=1 -3 -4 4 -6 -7 7 -9
leaf_value=0.017400749259526612 -0.012890294010115841 -0.022967228548240057 0.029371952981359521 0.019846551273517577 -0.0055496171372749238 0.0074349670289621727 -0.016731412569990348 0.0072666101598754338
leaf_weight=11.357404083013533 31.515922740101814 17.50026348233223 7.3098555207252494 21.861374527215958 15.59932306408882 17.938827678561211 13.104779556393622 19.361723855137825
leaf_count=48 130 73 30 91 64 75 55 81
internal_value=0.000334018 -0.00334308 0.0079682 0.000867239 0.00914572 -0.00522373 0.00294457 -0.00239354
internal_weight=155.549 104.416 51.1338 86.9154 37.4607 49.4548 43.8239 32.4665
internal_count=647 433 214 360 155 205 184 136
is_linear=0
shrinkage=0.03


Tree=51
num_leaves=11
num_cat=0
split_feature=11 20 38 10 40 11 36 11 11 22
split_gain=6.21065 11.436 9.61512 6.62538 6.18062 6.0028 5.42367 4.98559 3.09527 2.80389
threshold=0.020709513129957727 0.024369820080583346 0.0083688977389175401 0.022518118350092989 0.075167417120873395 -0.0017568219497031687 0.007715386860932579 -0.01349824419082135 0.013191305880605466 -0.13169111390301827
decision_type=2 2 2 2 2 2 2 2 2 2
left_child=4 6 -3 -4 5 7 9 -1 -7 -2
right_child=1 2 3 -5 -6 8 -8 -9 -10 -11
leaf_value=0.00834765638080813 -0.0046423989800547794 0.032981371045592706 0.0094335987769526806 -0.020198844227629055 -0.015648456561810048 0.026770810441575997 0.00081281782355842379 -0.0134272469896676 0.0033097236932728082 -0.026283187872709238
leaf_weight=29.299802854657173 10.422146543860434 7.8060135245323172 15.474099650979044 8.9641363173723203 7.7820014655590048 18.058717012405399 12.859131902456282 11.369591698050497 9.7279017716646177 23.615086242556572
leaf_count=125 43 32 64 37 32 76 53 47 40 98
internal_value=0.000333297 -0.00538621 0.00779099 -0.00157421 0.0064482 0.00954592 -0.0147012 0.00156466 0.0198346 -0.0206984
internal_weight=155.379 79.1406 32.2442 24.4382 76.238 68.456 46.8964 40.6694 27.7866 34.0372
internal_count=647 327 133 101 320 288 194 172 116 141
is_linear=0
shrinkage=0.03


Tree=52
num_leaves=11
num_cat=0
split_feature=11 20 40 11 17 32 17 11 21 21
split_gain=5.86186 10.8581 5.88684 5.7388 4.49077 3.38365 3.39856 3.26544 2.57783 3.83807
threshold=0.020709513129957727 0.024369820080583346 0.075167417120873395 -0.00065470652497773274 0.96317973987636762 0.0074447037337661568 -2.202355365205388 0.013191305880605466 0.013644580996336369 0.017125390433551969
decision_type=2 2 2 2 2 2 2 2 2 2
left_child=2 8 3 4 -1 6 -3 -5 -2 -10
right_child=1 5 -4 7 -6 -7 -8 -9 9 -11
leaf_value=0.012782217618818462 -0.027382980133284253 0.0027554793218920173 -0.015280147026463397 0.02752578498583471 -0.0059877781339252182 -0.0055144589267687198 0.027271905986729586 0.0032278958730039184 -0.00048081990385339551 -0.020510183348569265
leaf_weight=17.849208369851112 10.233619600534437 14.374934777617453 7.7787454873323432 16.375466451048855 24.384451910853386 9.5877010524272901 8.2272040098905581 9.7260006219148618 22.876057147979736 13.707073703408239
leaf_count=77 43 59 32 69 102 40 34 40 94 57
internal_value=0.000324521 -0.0052338 0.0062724 0.00930377 0.00182514 0.00760858 0.0137808 0.0198797 -0.0143211 -0.00904841
internal_weight=155.12 79.0066 76.1139 68.3351 42.2337 32.1898 22.6021 26.1015 46.8168 36.5831
internal_count=647 327 320 288 179 133 93 109 194 151
is_linear=0
shrinkage=0.03


Tree=53
num_leaves=10
num_cat=0
split_feature=11 21 40 11 10 14 36 11 11
split_gain=5.56396 6.13962 5.61227 5.46844 4.45005 6.64215 6.60069 3.97414 3.10396
threshold=0.020709513129957727 0.013644580996336369 0.075167417120873395 -0.00065470652497773274 0.022518118350092989 22.16280456012942 0.0050549896365396094 -0.01349824419082135 0.013191305880605466
decision_type=2 2 2 2 2 2 2 2 2
left_child=2 -2 3 7 5 -3 -6 -1 -5
right_child=1 4 -4 8 6 -7 -8 -9 -10
leaf_value=0.0080691718391421585 -0.024148740068598074 -0.0094587181541702769 -0.014921730902173568 0.026909381734625717 0.011042144938737211 0.01424556798691601 -0.018676615990742412 -0.010598396715188743 0.0031480942578881476
leaf_weight=29.228240445256233 10.91035048663616 15.160907760262488 7.7747204005718222 16.295089051127437 7.3339238017797497 24.801956489682198 20.698801010847092 12.974592268466948 9.7240991890430433
leaf_count=125 46 63 32 69 30 102 86 54 40
internal_value=0.000309056 -0.00510655 0.00611105 0.00907831 -0.0012341 0.00487309 -0.0101846 0.00177091 0.0194231
internal_weight=154.903 78.9059 75.9967 68.222 67.9956 39.9629 28.0327 42.2028 26.0192
internal_count=647 327 320 288 281 165 116 179 109
is_linear=0
shrinkage=0.03


Tree=54
num_leaves=11
num_cat=0
split_feature=11 22 21 16 38 40 11 11 19 28
split_gain=5.27183 7.29299 7.74554 6.05602 6.00855 5.34759 5.24953 4.49209 3.61049 0.586295
threshold=0.020709513129957727 0.056351285827609295 0.014035672800414596 -15.708682406408448 0.0085280322280887385 0.075167417120873395 -0.0017568219497031687 -0.01349824419082135 0.076219932006282118 5.5000000000000009
decision_type=2 2 2 2 2 2 2 2 2 2
left_child=5 2 -2 -3 -4 6 7 -1 -8 -5
right_child=1 3 4 9 -6 -7 8 -9 -10 -11
leaf_value=0.0078543380785318223 -0.021658130824637176 0.0012578781084899456 0.021612078696792231 -0.010349969641584616 -0.00093035671125029978 -0.014572838263562024 0 -0.012817550450524594 0.024668860905729024 -0.029910852096380162
leaf_weight=29.182277649641037 7.6196520775556555 10.859971404075624 15.341748192906378 8.1476756185293215 24.116383865475655 7.7699847966432563 7.5379653722047832 11.386004403233526 19.99727725982666 12.733742147684096
leaf_count=125 32 45 63 34 100 32 31 47 85 53
internal_value=0.000291898 -0.00497902 0.00228515 -0.0156944 0.00809235 0.00594732 0.00885141 0.00137051 0.0185262 -0.0245058
internal_weight=154.693 78.8192 47.0778 31.7414 39.4581 75.8735 68.1035 40.5683 27.5352 20.8814
internal_count=647 327 195 132 163 320 288 172 116 87
is_linear=0
shrinkage=0.03


Tree=55
num_leaves=9
num_cat=0
split_feature=9 28 21 12 12 1 20 5
split_gain=5.45778 9.59024 6.39676 5.01623 8.52967 4.43387 4.06117 2.56317
threshold=0.063854969601096739 6.5000000000000009 0.01177331197230304 51.816440974848355 38.272608892077919 0.025212334577154442 0.025417581347630652 0.078045400043601512
decision_type=2 2 2 2 2 2 2 2
left_child=2 6 -1 4 -4 -5 7 -2
right_child=1 -3 3 5 -6 -7 -8 -9
leaf_value=0.024670123424089582 0.0047677825143550663 -0.027790927206262653 0.0086351044877409616 0.014151506839093449 -0.012951678384052454 -0.0088182439691974635 0.016197384723835612 -0.014730853281543809
leaf_weight=9.253518417477606 8.0669467598199898 14.058033078908919 24.935917183756828 30.858996197581291 39.119581252336502 7.4829470664262763 8.6910689473152143 11.56349793076515
leaf_count=40 33 59 105 130 162 31 36 48
internal_value=-0.000229899 -0.00923635 0.00315909 0.00063611 -0.00431415 0.0090819 0.000704532 -0.00632465
internal_weight=154.031 42.3795 111.651 102.397 64.0555 38.3419 28.3215 19.6304
internal_count=644 176 468 428 267 161 117 81
is_linear=0
shrinkage=0.03


Tree=56
num_leaves=9
num_cat=0
split_feature=9 28 16 8 25 20 26 19
split_gain=5.174 9.15541 4.74296 7.65035 5.79137 3.85944 3.97542 3.71304
threshold=0.063854969601096739 6.5000000000000009 34.416436151819568 0.015641618075618466 0.26766169154228864 0.025417581347630652 0.23820928518791454 0.077582387454927584
decision_type=2 2 2 2 2 2 2 2
left_child=2 5 3 4 -1 6 -2 -5
right_child=1 -3 -4 7 -6 -7 -8 -9
leaf_value=-0.0062858454519855072 -0.019632306718972269 -0.027178335048389925 -0.017399742753403578 0 0.0098687400590762378 0.015811803396124289 0.0047274232177804895 0.025498978619496682
leaf_weight=47.797639891505241 8.6509473025798851 13.989765077829359 7.1398936808109275 7.5808951407671001 31.315296918153763 8.6847814470529539 10.956321462988852 17.696475237607956
leaf_count=200 36 59 30 32 131 36 45 75
internal_value=-0.000215922 -0.00899878 0.00308146 0.00492405 9.36641e-06 0.000696322 -0.00614852 0.0186276
internal_weight=153.812 42.2818 111.53 104.39 79.1129 28.2921 19.6073 25.2774
internal_count=644 176 468 438 331 117 81 107
is_linear=0
shrinkage=0.03


Tree=57
num_leaves=8
num_cat=0
split_feature=4 2 4 11 38 17 10
split_gain=6.22636 6.54324 5.20199 5.22876 3.96206 3.81481 3.17668
threshold=-0.050257072712627519 -0.019463244018074363 0.069090897359842543 0.018119125359635561 0.011397823297622933 -0.39800376883843475 0.0087695399250855583
decision_type=2 2 2 2 2 2 2
left_child=4 6 3 -3 -1 -4 -2
right_child=1 2 5 -5 -6 -7 -8
leaf_value=0.024161755644382877 -0.026652369385436626 0.01031807465987083 0.0026964590918586101 -0.0035951903327989081 -0.00076321462629279043 -0.021251567870741089 -0.0019682060491608908
leaf_weight=12.03436888754368 11.621021404862406 46.977979779243469 7.5011872947216061 44.658460348844528 7.6219874024391165 13.363574922084807 9.8527817577123624
leaf_count=51 48 200 31 185 32 56 41
internal_value=-0.000211255 -0.00268159 0.000189796 0.00344537 0.0146263 -0.0125031 -0.0170983
internal_weight=153.631 133.975 112.501 91.6364 19.6564 20.8648 21.4738
internal_count=644 561 472 385 83 87 89
is_linear=0
shrinkage=0.03


Tree=58
num_leaves=8
num_cat=0
split_feature=4 2 7 16 38 38 33
split_gain=5.91771 6.22483 7.64296 8.03428 5.84849 3.79466 2.86384
threshold=-0.050257072712627519 -0.019463244018074363 0.01361937756722624 -8.8246013898069577 0.0070118306301055981 0.011397823297622933 0.48936170212765967
decision_type=2 2 2 2 2 2 2
left_child=5 6 3 -3 -4 -1 -2
right_child=1 2 4 -5 -6 -7 -8
leaf_value=0.023629614487042306 -0.024031061010199275 -0.0054420414737216182 0.012022255684627914 0.016540410613554785 -0.01202514773720095 -0.00074500172764105225 0
leaf_weight=11.982057631015779 13.779062330722811 22.450695335865021 8.9405372291803342 35.058439925312996 45.941748321056366 7.6229491680860511 7.6750508546829215
leaf_count=51 57 94 37 149 192 32 32
internal_value=-0.000214539 -0.00262483 0.000174169 0.00781225 -0.00755906 0.0142662 -0.016692
internal_weight=153.451 133.846 112.391 57.5091 54.8823 19.605 21.4541
internal_count=644 561 472 243 229 83 89
is_linear=0
shrinkage=0.03


Tree=59
num_leaves=7
num_cat=0
split_feature=4 2 38 3 38 10
split_gain=5.61594 5.92361 4.98258 6.7504 3.63532 2.90487
threshold=-0.050257072712627519 -0.019463244018074363 0.0064393853639291938 0.026515426724694317 0.011397823297622933 0.0087695399250855583
decision_type=2 2 2 2 2 2
left_child=4 5 -3 -4 -1 -2
right_child=1 2 3 -5 -6 -7
leaf_value=0.023112711015240567 -0.02544334655582766 0.018745855082341681 0.0035381995450016546 -0.012312468586692183 -0.00072722466305515576 -0.0017734403321932636
leaf_weight=11.928078621625902 11.581818372011186 9.8181587755680066 67.953248053789139 34.50678750872612 7.6238860934972754 9.8439163416624051
leaf_count=51 48 42 285 145 32 41
internal_value=-0.000206711 -0.00255711 0.000171173 -0.00178997 0.013916 -0.0162886
internal_weight=153.256 133.704 112.278 102.46 19.552 21.4257
internal_count=644 561 472 430 83 89
is_linear=0
shrinkage=0.03


Tree=60
num_leaves=8
num_cat=0
split_feature=40 37 19 36 12 33 34
split_gain=4.03181 5.23694 6.81176 6.29071 4.84721 8.574 2.092
threshold=-0.065920427666461875 -1.0000000180025095e-35 0.12795680298398079 0.0064361885678310355 37.296869715121169 0.45723192066470919 -0.019913916260192229
decision_type=2 2 2 2 2 2 2
left_child=-1 2 3 -2 -3 -6 -4
right_child=1 4 6 -5 5 -7 -8
leaf_value=0.017646807181343531 0.010764317907797555 0.019138557149117049 -0.0074230444921411891 -0.015187866670659581 -0.019154086890598471 0.0033595019668270863 -0.035025372402614073
leaf_weight=7.5145652145147315 15.481258973479273 10.139424383640288 7.1691682785749427 13.978011801838873 16.871143355965614 75.337950304150581 8.492727652192114
leaf_count=32 65 44 30 58 71 316 35
internal_value=-0.00112421 -0.0024044 -0.0107186 -0.00125553 0.00125242 -0.000919683 -0.0255111
internal_weight=154.984 147.47 45.1212 29.4593 102.349 92.2091 15.6619
internal_count=651 619 188 123 431 387 65
is_linear=0
shrinkage=0.03


Tree=61
num_leaves=11
num_cat=0
split_feature=23 33 38 11 12 23 33 11 28 23
split_gain=7.37588 5.03294 4.85429 4.97012 3.93725 3.6692 2.9956 3.6878 2.17594 1.36706
threshold=0.92753339665644996 0.13874144940629843 0.0083494342979141267 0.03782764125847194 37.606447688564479 1.1819342695592387 0.66203260373917017 0.018620279876379712 7.5000000000000009 0.84808957989079548
decision_type=2 2 2 2 2 2 2 2 2 2
left_child=2 -2 3 9 -3 -6 7 -4 -8 -1
right_child=1 4 6 -5 5 -7 8 -9 -10 -11
leaf_value=-0.016942492415690041 -0.016769915431116618 0.024232729532445447 0.0055674433834235334 0.016275238498983005 0.0073746953611761616 -0.007167068085690587 -0.0078743617095768208 -0.016899887590021 -0.035158691195194942 0
leaf_weight=7.1682013273239154 7.1887143701314917 8.1791340857744199 9.9615750610828417 9.6889845877885801 59.88441064953804 18.17912246286869 7.8820921331644085 11.570849671959875 8.2719374895095807 6.9149258583784103
leaf_count=30 30 36 43 40 251 76 33 48 34 30
internal_value=-0.00109804 0.00407966 -0.00908624 0.000974451 0.00632825 0.00370648 -0.0155396 -0.00627859 -0.0250062 -0.00933446
internal_weight=154.89 93.4314 61.4586 23.7721 86.2427 78.0635 37.6865 21.5324 16.154 14.0831
internal_count=651 393 258 100 363 327 158 91 67 60
is_linear=0
shrinkage=0.03


Tree=62
num_leaves=12
num_cat=0
split_feature=17 28 36 6 20 20 15 4 37 9 40
split_gain=4.59598 9.21038 6.9335 11.1552 6.77534 5.85 7.54689 4.39107 3.67209 2.73579 2.46564
threshold=4.1865269634179567 6.5000000000000009 0.0050336948839173829 0.0028688489566732023 0.025872723475417289 0.022562127743926897 27.67522102807775 0.0060009089458261675 0.02732427284891115 0.027918971441046974 0.0041938850390261804
decision_type=2 2 2 2 2 2 2 2 2 2 2
left_child=2 9 5 4 -4 6 -1 -3 -5 -2 -7
right_child=1 7 3 8 -6 10 -8 -9 -10 -11 -12
leaf_value=0.014973616381981735 0.0032808518515763047 0.005301127193845772 0.0069249164066089285 -0.031120885126844928 -0.015579714794450198 0.0038050010366302489 -0.021978799978163533 -0.021651298231595072 -0.0085003012531502612 0.029491235089993673 0.030171802923321403
leaf_weight=7.1256814002990749 7.489808768033984 9.4210436046123522 38.226485162973404 16.954752683639526 15.174672082066534 7.9870515763759595 8.5960037857294065 7.8393650352954856 16.461838647723198 11.82111597061157 7.6979174762964249
leaf_count=31 32 40 162 70 63 33 36 33 70 49 32
internal_value=-0.00108564 0.0078101 -0.00404635 -0.00845362 0 0.00746442 -0.00458438 -0.00713851 -0.0215103 0.0212913 0.0195423
internal_weight=154.796 36.5713 118.224 86.8177 53.4012 31.4067 15.7217 17.2604 33.4166 19.3109 15.685
internal_count=651 154 497 365 225 132 67 73 140 81 65
is_linear=0
shrinkage=0.03


Tree=63
num_leaves=11
num_cat=0
split_feature=23 33 38 21 34 21 10 21 9 28
split_gain=6.98716 4.78533 4.5105 3.83039 3.76073 3.74902 3.5965 3.45984 2.29778 2.25433
threshold=0.92753339665644996 0.13874144940629843 0.0083494342979141267 0.013644580996336369 0.0019374159936879078 0.012176200570262008 0.022518118350092989 0.018822249445537887 0.026838194744466391 6.5000000000000009
decision_type=2 2 2 2 2 2 2 2 2 2
left_child=2 -2 4 5 -1 -3 -5 8 -4 -9
right_child=1 3 7 6 -6 -7 -8 9 -10 -11
leaf_value=-0.0079650669661796899 -0.016317557261222453 0.0062073749511331808 -0.0096055053717024018 0.015010759000611773 0.01433697718688128 -0.018566043808577379 0.00060250123236087064 0.0064367668480628856 -0.034514227599672667 -0.012632628843038462
leaf_weight=14.174345314502718 7.1936822533607474 9.1680225282907504 11.412263795733454 40.089289277791977 9.5656224191188794 8.1864428073167783 28.629182428121567 7.8006036430597332 8.6378746628761274 9.7607168257236463
leaf_count=59 30 39 48 169 41 35 120 33 36 41
internal_value=-0.0010475 0.00399332 -0.0088315 0.00619314 0.000854171 -0.00541466 0.00940697 -0.0150581 -0.023174 -0.00360326
internal_weight=154.618 93.2666 61.3514 86.0729 23.74 17.3545 68.7185 37.6115 20.0501 17.5613
internal_count=651 393 258 363 100 74 289 158 84 74
is_linear=0
shrinkage=0.03


Tree=64
num_leaves=11
num_cat=0
split_feature=17 6 16 38 35 37 16 35 19 15
split_gain=4.26548 5.86676 8.79742 8.2128 7.50745 5.70669 5.2403 4.0436 3.88256 4.9546
threshold=4.1865269634179567 0.0028688489566732023 -2.6177630201144093 0.010845382263866105 -0.015640751806109018 0.02899913280706912 -0.49599427809295088 0.0083159995101349544 0.1416384719354159 30.962264954608397
decision_type=2 2 2 2 2 2 2 2 2 2
left_child=1 2 3 -1 -4 6 -3 -7 9 -2
right_child=8 5 4 -5 -6 7 -8 -9 -10 -11
leaf_value=0.00052699065450323261 0.00054629986403833706 -2.4188653804898349e-05 -0.0078196079773254386 -0.02727051310504422 0.021390844687994081 -0.015329992718574983 -0.032013117702290941 0.0086872862084714925 -0.0052351735215569383 0.027636639998522065
leaf_weight=29.870609164237976 13.996555998921396 7.7315603941679027 9.3964445143938047 11.373173967003821 23.16096106171608 8.5428617447614688 14.441876843571661 13.473514020442961 11.71491317451 10.776441574096678
leaf_count=126 59 32 39 47 100 36 60 57 50 45
internal_value=-0.00103882 -0.00389687 0.00113719 -0.00769817 0.0125617 -0.0123142 -0.0224044 -0.000507951 0.00753579 0.0140753
internal_weight=154.479 117.991 73.8012 41.2438 32.5574 44.1898 22.1734 22.0164 36.4879 24.773
internal_count=651 497 312 173 139 185 92 93 154 104
is_linear=0
shrinkage=0.03


Tree=65
num_leaves=9
num_cat=0
split_feature=28 10 10 40 28 14 23 26
split_gain=4.24736 6.3097 7.26545 7.25462 4.69753 3.6683 1.573 1.04089
threshold=1.5000000000000002 0.029530313178417148 0.041853843237375739 0.051935666033145929 6.5000000000000009 113.01637205890212 0.99609429344993372 0.26867548944547748
decision_type=2 2 2 2 2 2 2 2
left_child=-1 3 6 4 -2 -4 -3 -5
right_child=1 2 5 7 -6 -7 -8 -9
leaf_value=-0.015240528635644571 0.018486522330206773 -0.030422926889886324 0.017731367998170062 -0.0017930450088862761 0.0034503277647384566 -0.0061185615073700425 -0.0069325833827777314 -0.019380787645350592
leaf_weight=13.038350746035574 28.794364482164383 9.0360249578952807 7.5028933137655285 8.3912496566772443 59.404207944869995 12.04266521334648 7.9588654786348334 7.2201097458600989
leaf_count=54 122 38 31 36 250 51 34 30
internal_value=0 0.00152167 -0.00874952 0.00537587 0.00882658 0.00313653 -0.0221001 -0.0120561
internal_weight=153.389 140.35 36.5404 103.81 88.1986 19.5456 16.9949 15.6114
internal_count=646 592 154 438 372 82 72 66
is_linear=0
shrinkage=0.03


Tree=66
num_leaves=9
num_cat=0
split_feature=4 19 4 19 23 21 4 11
split_gain=5.45824 6.94448 7.1043 6.34235 7.38452 3.98701 3.23394 0.544871
threshold=-0.054213360535713899 0.1104209806183188 0.099108465737684739 0.078996511102210926 0.87883815148018163 0.025799682187174523 0.028018196932492193 0.024224482507824389
decision_type=2 2 2 2 2 2 2 2
left_child=7 3 5 4 -2 -3 -5 -1
right_child=1 2 -4 6 -6 -7 -8 -9
leaf_value=0.0050741362974155583 -0.02303368621339872 -0.016741265439264987 0.013266981671029384 0.0173397217520905 0.0040551583963329557 0.0046438702112384187 0 0.02249384853451826
leaf_weight=7.2206283360719663 11.419112220406531 46.509946405887604 8.3874414116144163 27.540344938635826 24.616071715950966 7.2291396409273139 13.229206636548041 7.0916487872600555
leaf_count=31 48 195 35 117 104 30 56 30
internal_value=-6.16475e-06 -0.00200275 -0.0093791 0.00386016 -0.0048944 -0.013532 0.0118158 0.0163247
internal_weight=153.244 138.931 62.1265 76.8047 36.0352 53.7391 40.7696 14.3123
internal_count=646 585 260 325 152 225 173 61
is_linear=0
shrinkage=0.03


Tree=67
num_leaves=9
num_cat=0
split_feature=28 10 40 10 28 14 23 23
split_gain=3.97048 5.78266 6.94635 6.86337 4.46582 3.50122 1.55032 0.917677
threshold=1.5000000000000002 0.029530313178417148 0.051935666033145929 0.041853843237375739 6.5000000000000009 113.01637205890212 0.99609429344993372 1.0590773479980611
decision_type=2 2 2 2 2 2 2 2
left_child=-1 2 4 6 -2 -5 -3 -4
right_child=1 3 7 5 -6 -7 -8 -9
leaf_value=-0.014739874946084992 0.017993276858884261 -0.029606456082348232 -0.018088694437990969 0.017421160027784433 0.0033077814113344657 -0.0058753652988750189 -0.0064854658689911596 -0.0012484195062770001
leaf_weight=13.028467699885367 28.691319391131401 8.9849294424057025 8.0754493325948697 7.4984493553638485 59.316472992300987 12.018872469663618 7.9505103081464759 7.5212481319904319
leaf_count=54 122 38 34 31 250 51 34 32
internal_value=0 0.00147314 0.00516948 -0.00836482 0.00855547 0.00316526 -0.0213757 -0.0118851
internal_weight=153.086 140.057 103.604 36.4528 88.0078 19.5173 16.9354 15.5967
internal_count=646 592 438 154 372 82 72 66
is_linear=0
shrinkage=0.03


Tree=68
num_leaves=10
num_cat=0
split_feature=19 20 12 11 20 38 12 18 34
split_gain=4.93524 7.22543 9.01017 9.17248 6.81836 6.14967 5.55394 4.90414 4.66409
threshold=0.1104209806183188 0.021492886385512014 38.571491601759078 -0.016159175005290401 0.032143169982769747 0.011817984257900545 76.258791286298717 0.2290874826220318 0.026142228355709344
decision_type=2 2 2 2 2 2 2 2 2
left_child=1 2 -1 -4 6 8 7 -2 -3
right_child=4 5 3 -5 -6 -7 -8 -9 -10
leaf_value=0.024254680806166051 0.004398930131009695 0.029152762797698326 0.014013883501028656 -0.016704770452427017 0.014245521497036704 -0.0062535371627540888 0.0083864337355918084 -0.017865060497665931 0
leaf_weight=7.1767114698886862 8.9907153248786909 18.750174149870876 9.8254837989807111 29.949677333235741 10.638627693057058 7.2804380804300299 10.327841654419897 42.839431062340736 7.1471847742795935
leaf_count=31 38 80 43 126 45 30 43 180 30
internal_value=-2.98011e-06 0.00497773 -0.00235768 -0.00844978 -0.00567247 0.0153288 -0.00965313 -0.0137044 0.0219472
internal_weight=152.926 80.1297 46.9519 39.7752 72.7966 33.1778 62.158 51.8301 25.8974
internal_count=646 340 200 169 306 140 261 218 110
is_linear=0
shrinkage=0.03


Tree=69
num_leaves=9
num_cat=0
split_feature=4 19 20 14 11 4 35 22
split_gain=5.00101 6.08969 7.87329 9.58125 6.90353 6.56952 4.15639 0.937667
threshold=-0.054213360535713899 0.1104209806183188 0.021492886385512014 15.44822228974431 -0.016159175005290401 0.099108465737684739 -0.031479363654649699 0.08763332735175379
decision_type=2 2 2 2 2 2 2 2
left_child=7 2 4 -4 -2 6 -3 -1
right_child=1 5 3 -5 -6 -7 -8 -9
leaf_value=0.022836359387263923 0.014405772258306963 0.0019243715949275517 -0.0035813920117744582 0.02798249672675614 -0.010924902021438029 0.012943734900445031 -0.017028423101967598 0.0035855130686068114
leaf_weight=7.0636109262704831 10.947947219014166 11.34665711224079 13.170152127742769 18.092227175831795 34.274107575416565 8.3754489719867689 42.22949492931366 7.1733784824609756
leaf_count=31 48 47 56 76 145 35 178 30
internal_value=0 -0.00188729 0.00360752 0.0148186 -0.00412447 -0.00880631 -0.0128198 0.0156969
internal_weight=152.673 138.436 76.4844 31.2624 45.2221 61.9516 53.5762 14.237
internal_count=646 585 325 132 193 260 225 61
is_linear=0
shrinkage=0.03


end of trees

feature_importances:
ma_20_60_cross=40
month=38
volatility=36
macro_topix_vol_20=36
bb_bandwidth=32
rsi=30
macd=27
return_10d=26
atr_pct=25
div_ma_60=24
macro_usdjpy_vol_20=24
ma_5_20_cross=22
vol_ratio=18
macro_usdjpy_ret_60=18
div_ma_10=16
macro_usdjpy_ret_20=16
return_20d=14
return_2d=13
price_position_20d=13
macro_nikkei_ret_20=13
macd_signal=11
macd_hist_change=11
macro_topix_ret_20=11
div_ma_20=10
macd_hist=9
bb_pct_b=9
vol_change=9
upper_shadow_pct=9
return_3d=7
return_5d=7
div_ma_5=7
lower_shadow_pct=7
gap=7
return_1d=5
rsi_change=3
candle_body_pct=2

parameters:
[boosting: gbdt]
[objective: binary]
[metric: binary_logloss]
[tree_learner: serial]
[device_type: cpu]
[data_sample_strategy: bagging]
[data: ]
[valid: ]
[num_iterations: 500]
[learning_rate: 0.03]
[num_leaves: 15]
[num_threads: 0]
[seed: 42]
[deterministic: 0]
[force_col_wise: 0]
[force_row_wise: 0]
[histogram_pool_size: -1]
[max_depth: 4]
[min_data_in_leaf: 30]
[min_sum_hessian_in_leaf: 0.001]
[bagging_fraction: 0.7]
[pos_bagging_fraction: 1]
[neg_bagging_fraction: 1]
[bagging_freq: 5]
[bagging_seed: 400]
[bagging_by_query: 0]
[feature_fraction: 0.6]
[feature_fraction_bynode: 1]
[feature_fraction_seed: 30056]
[extra_trees: 0]
[extra_seed: 12879]
[early_stopping_round: 0]
[early_stopping_min_delta: 0]
[first_metric_only: 0]
[max_delta_step: 0]
[lambda_l1: 0.5]
[lambda_l2: 2]
[linear_lambda: 0]
[min_gain_to_split: 0]
[drop_rate: 0.1]
[max_drop: 50]
[skip_drop: 0.5]
[xgboost_dart_mode: 0]
[uniform_drop: 0]
[drop_seed: 17869]
[top_rate: 0.2]
[other_rate: 0.1]
[min_data_per_group: 100]
[max_cat_threshold: 32]
[cat_l2: 10]
[cat_smooth: 10]
[max_cat_to_onehot: 4]
[top_k: 20]
[monotone_constraints: ]
[monotone_constraints_method: basic]
[monotone_penalty: 0]
[feature_contri: ]
[forcedsplits_filename: ]
[refit_decay_rate: 0.9]
[cegb_tradeoff: 1]
[cegb_penalty_split: 0]
[cegb_penalty_feature_lazy: ]
[cegb_penalty_feature_coupled: ]
[path_smooth: 0]
[interaction_constraints: ]
[verbosity: -1]
[saved_feature_importance_type: 0]
[use_quantized_grad: 0]
[num_grad_quant_bins: 4]
[quant_train_renew_leaf: 0]
[stochastic_rounding: 1]
[linear_tree: 0]
[max_bin: 255]
[max_bin_by_feature: ]
[min_data_in_bin: 5]
[bin_construct_sample_cnt: 200000]
[data_random_seed: 175]
[is_enable_sparse: 1]
[enable_bundle: 1]
[use_missing: 1]
[zero_as_missing: 0]
[feature_pre_filter: 1]
[pre_partition: 0]
[two_round: 0]
[header: 0]
[label_column: ]
[weight_column: ]
[group_column: ]
[ignore_column: ]
[categorical_feature: ]
[forcedbins_filename: ]
[precise_float_parser: 0]
[parser_config_file: ]
[objective_seed: 16083]
[num_class: 1]
[is_unbalance: 0]
[scale_pos_weight: 1]
[sigmoid: 1]
[boost_from_average: 1]
[reg_sqrt: 0]
[alpha: 0.9]
[fair_c: 1]
[poisson_max_delta_step: 0.7]
[tweedie_variance_power: 1.5]
[lambdarank_truncation_level: 30]
[lambdarank_norm: 1]
[label_gain: ]
[lambdarank_position_bias_regularization: 0]
[eval_at: ]
[multi_error_top_k: 1]
[auc_mu_weights: ]
[num_machines: 1]
[local_listen_port: 12400]
[time_out: 120]
[machine_list_filename: ]
[machines: ]
[gpu_platform_id: -1]
[gpu_device_id: -1]
[gpu_use_dp: 0]
[num_gpu: 1]

end of parameters

pandas_categorical:[]
