tree
version=v4
num_class=1
num_tree_per_iteration=1
label_index=0
max_feature_idx=44
objective=binary sigmoid:1
feature_names=return_1d return_2d return_3d return_5d return_10d return_20d div_ma_5 div_ma_10 div_ma_20 div_ma_60 ma_5_20_cross ma_20_60_cross rsi rsi_change macd macd_signal macd_hist macd_hist_change bb_pct_b bb_bandwidth atr_pct volatility vol_change vol_ratio candle_body_pct upper_shadow_pct lower_shadow_pct day_of_week month is_month_end is_month_start streak gap price_position_20d macro_usdjpy_ret_20 macro_usdjpy_ret_60 macro_usdjpy_vol_20 macro_topix_ret_20 macro_topix_vol_20 macro_topix_above_200dma macro_nikkei_ret_20 macro_nikkei_above_200dma macro_nikkei_vi macro_jgb10y macro_bias_score
feature_infos=[-0.13602141542579893:0.11910260640052783] [-0.19084926355374487:0.14911564625850349] [-0.22948373619814977:0.16367305751765904] [-0.27185561195713481:0.23210478221139197] [-0.27897235409103605:0.29183236463750384] [-0.281129900076864:0.32840515885498589] [-0.17383931142610315:0.098652375253655181] [-0.2215975038060928:0.17684762010924085] [-0.25927519705087104:0.24085446478417999] [-0.25928134191907154:0.29289555512627974] [-0.16919303999819457:0.16020741201237709] [-0.14077527705902459:0.11890007745933384] [11.190631099544561:89.226666666666659] [-33.288961590754582:22.005845816587495] [-173.03235148619524:219.77424281061303] [-130.42719694861708:157.32280114675325] [-115.28490471976941:94.404593903501407] [-34.089738133384486:23.746330313493928] [-0.30004999808834848:1.3153261460694361] [0.037094812146728419:0.47510270347168093] [0.013938000942951438:0.070407424641952321] [0.0089391460912640903:0.058749993868785572] [-0.89797218908805698:12.284913516976298] [0.49763425975292824:2.1160472859538753] [-1:1] [0:0.91666666666666663] [0:0.953125] [0:4] [1:12] none [0:1] [-9:10] [-0.17344173441734423:0.13900026730820647] [0:1] [-0.10288784967882303:0.08505611680078462] [-0.13986255140503889:0.1344631365590534] [0.0024251968629527628:0.011841457708833433] [-0.22586490939044479:0.19897850606512013] [0.0040695656522785678:0.036437277456277402] [0:1] [-0.22859537662338159:0.23022297972565586] [0:1] none none none
tree_sizes=1385 1098 1311 1095 1197 963 956 979 985 940 1101 1073 1099 996 1407 1090 1291 874 774 1282 977 1098 996 995 997 1211 1213 1094 889 898 884 996 892 896 1000 894 986 1210 1101 994 886 1099 787 1099 1205 679 765 787 896 781

Tree=0
num_leaves=12
num_cat=0
split_feature=9 28 2 22 9 27 37 17 37 28 1
split_gain=17.6437 9.2593 8.89947 9.19803 9.08151 10.9252 4.64199 4.60264 4.42457 3.04457 1.43807
threshold=-0.051397127081446399 10.500000000000002 0.0052414308744922486 0.13515232743382358 -0.0092154194633100733 1.5000000000000002 0.014867367559046831 2.6540998411080663 0.0049376330772438201 6.5000000000000009 -0.018799392626517582
decision_type=2 2 2 2 2 2 2 2 2 2 2
left_child=1 7 4 6 8 -6 -4 10 -2 -5 -1
right_child=2 -3 3 9 5 -7 -8 -9 -10 -11 -12
leaf_value=-0.18619114172398776 -0.20290495675204917 -0.21063185123347486 -0.2080539979239337 -0.21106110638610651 -0.21090461448025541 -0.18102901794343146 -0.23274825966454452 -0.19984828134584401 -0.22820480316906569 -0.19055422654163384 -0.15819964595357761
leaf_weight=9.402711898088457 10.145031258463861 7.6706333905458441 12.619429126381872 11.62966997921467 16.083586141467094 25.48629803955555 24.743978679180145 7.4231936037540427 10.392471045255659 10.145031258463858 8.9078323245048541
leaf_count=38 41 31 51 47 65 103 100 30 42 41 36
internal_value=-0.203161 -0.184591 -0.208616 -0.216783 -0.20089 -0.19276 -0.225465 -0.176303 -0.216134 -0.201887 -0.168756
internal_weight=154.65 33.4044 121.245 59.1381 62.1074 41.5699 37.3634 25.7337 20.5375 21.7747 18.3105
internal_count=625 135 490 239 251 168 151 104 83 88 74
is_linear=0
shrinkage=1


Tree=1
num_leaves=9
num_cat=0
split_feature=9 28 40 9 7 26 17 1
split_gain=16.7762 8.81797 7.99938 7.54642 7.48393 7.28697 4.33874 1.32524
threshold=-0.051397127081446399 10.500000000000002 0.086652178383792369 0.076315504101729256 0.0093535004276037084 0.22438811188811192 2.6540998411080663 -0.018799392626517582
decision_type=2 2 2 2 2 2 2 2
left_child=1 6 3 4 -2 -5 7 -1
right_child=2 -3 -4 5 -6 -7 -8 -9
leaf_value=0.016457297819283428 -0.00015689871508919355 -0.007367901755542295 -0.030749573932897303 0.028139307644632815 -0.018208544591464371 -0.0031932768702198863 0.0031633819353176231 0.043642946038883211
leaf_weight=9.418138653039934 58.871827453374863 7.6646730303764334 8.3995822668075544 10.391794815659525 31.390856221318245 12.121540352702139 7.4256093800067893 8.9439230561256426
leaf_count=38 238 31 34 42 127 49 30 36
internal_value=-6.11934e-05 0.0180283 -0.00538848 -0.00286599 -0.00685596 0.0117733 0.0261034 0.0334218
internal_weight=154.628 33.4523 121.176 112.776 90.2627 22.5133 25.7877 18.3621
internal_count=625 135 490 456 365 91 104 74
is_linear=0
shrinkage=0.03


Tree=2
num_leaves=11
num_cat=0
split_feature=2 11 11 32 10 22 12 25 28 28
split_gain=15.0636 10.3772 7.30228 7.36173 6.50031 5.55464 4.64995 4.0883 2.87702 2.22427
threshold=0.0052414308744922486 -0.041658609370128989 0.0046251177882978842 -0.0091824753413937126 -0.027612767228149534 0.13515232743382358 39.607886757126082 0.29328270427380587 6.5000000000000009 8.5000000000000018
decision_type=2 2 2 2 2 2 2 2 2 2
left_child=1 9 6 -4 -2 7 -3 -6 -7 -1
right_child=4 2 3 -5 5 8 -8 -9 -10 -11
leaf_value=0.039043051475799131 0.012525384724542022 0.0060763750273039787 -0.0072509026856006006 0.018285592929469581 -0.028802260051497754 -0.011308043702654088 -0.017226980240185954 -0.006535328028735311 0.0084080391453570449 0.010358914249908964
leaf_weight=8.1980736553668994 7.4293234944343558 9.9054789990186709 12.629729405045508 29.713764771819115 22.187752157449722 11.366192683577539 18.29840575158596 15.791317790746687 10.897423028945921 8.1768245548009855
leaf_count=33 30 40 51 120 90 46 74 64 44 33
internal_value=-4.76303e-05 0.00804155 0.00250165 0.0103471 -0.0105858 -0.0139878 -0.00868557 -0.0207092 -0.00114177 0.0282225
internal_weight=154.594 86.9223 70.5474 42.3435 67.672 60.2427 28.2039 37.9791 22.2636 16.3749
internal_count=625 351 285 171 274 244 114 154 90 66
is_linear=0
shrinkage=0.03


Tree=3
num_leaves=9
num_cat=0
split_feature=9 2 38 22 40 36 11 35
split_gain=15.3585 11.0233 10.9138 6.97644 6.90331 5.40431 3.13692 1.53418
threshold=-0.080559109154259623 0.0052414308744922486 0.0071143805668462496 0.13515232743382358 0.017280220207760991 0.0076788407034818198 0.032439477137840907 -0.053607609663874838
decision_type=2 2 2 2 2 2 2 2
left_child=7 2 -2 4 -3 -4 -5 -1
right_child=1 3 5 6 -6 -7 -8 -9
leaf_value=0.011066943188282045 0.027334817466333657 -0.0026591020022207431 0.0029247631707109852 -0.0072264741454348153 -0.029819817823069188 -0.018409235542549453 0.013839720080272294 0.034807855186312395
leaf_weight=10.680024459958078 12.638791054487227 15.046660259366034 49.030733183026314 16.560637176036838 23.833733782172203 11.382654190063475 7.6793335676193228 7.6957877278327933
leaf_count=43 51 61 198 67 97 46 31 31
internal_value=-3.19326e-05 -0.00371143 0.00403769 -0.0127588 -0.0203199 -0.00131561 0 0.0241865
internal_weight=154.548 136.173 73.0522 63.1204 38.8804 60.4134 24.24 18.3758
internal_count=625 551 295 256 158 244 98 74
is_linear=0
shrinkage=0.03


Tree=4
num_leaves=10
num_cat=0
split_feature=9 11 28 36 28 33 19 22 35
split_gain=14.6764 8.7055 8.27061 6.98291 18.0169 8.8389 6.259 3.73158 0.00427823
threshold=-0.051397127081446399 0.072983541642794317 10.500000000000002 0.0065877082966626747 5.5000000000000009 0.20772357723577237 0.17306221066054361 0.19831476708116294 -0.053607609663874838
decision_type=2 2 2 2 2 2 2 2 2
left_child=2 3 7 5 -5 -2 -3 8 -1
right_child=1 6 -4 4 -6 -7 -8 -9 -10
leaf_value=0.015675512495556907 0.012740538600353618 0.031335313500088523 -0.0076185981426411123 0.02134472673951263 -0.0159311716396217 -0.018553971012716029 -0.0031879388116801311 0.0035543694443277069 0.037850724273068549
leaf_weight=7.7095914036035564 7.4234433323144904 7.4344450980424863 7.6721892654895774 19.503483220934868 23.42167828977108 55.744485929608345 7.4191708415746689 7.7040148973464957 10.459909886121752
leaf_count=31 30 30 31 79 95 226 30 31 42
internal_value=-1.35138e-05 -0.0050163 0.0168691 -0.00816279 0.000867862 -0.014368 0.0148694 0.0246941 0.0316725
internal_weight=154.492 120.947 33.5457 106.093 42.9252 63.1679 14.8536 25.8735 18.1695
internal_count=625 490 135 430 174 256 60 104 73
is_linear=0
shrinkage=0.03


Tree=5
num_leaves=8
num_cat=0
split_feature=40 21 20 21 23 14 10
split_gain=9.74925 7.63181 9.15633 8.26515 5.60507 5.07253 4.38341
threshold=0.086652178383792369 0.013829061700647743 0.021761806134117882 0.011815514087816337 0.88577432277508061 -1.4610681513690904 0.054023150480874478
decision_type=2 2 2 2 2 2 2
left_child=1 3 4 -1 -3 -5 -4
right_child=-2 2 6 5 -6 -7 -8
leaf_value=-0.0034033364825117947 -0.025912288061794426 0 0.0059700402158936322 0.0020357669865523078 -0.025597844741763656 0.034647439850467372 -0.014376979692187021
leaf_weight=13.351300939917563 10.068162873387335 12.097192376852037 74.203056216239929 7.6534480452537546 17.252604186534882 13.848674282431602 8.6413468122482282
leaf_count=54 41 49 300 31 70 56 35
internal_value=0 0.00212209 -0.00162207 0.0140156 -0.01554 0.024839 0.00338201
internal_weight=157.116 147.048 112.194 34.8534 29.3498 21.5021 82.8444
internal_count=636 595 454 141 119 87 335
is_linear=0
shrinkage=0.03


Tree=6
num_leaves=8
num_cat=0
split_feature=40 21 11 38 11 11 21
split_gain=9.28346 7.24056 9.61548 9.12855 8.61335 7.94527 7.97789
threshold=0.086652178383792369 0.013829061700647743 -0.0036896666706567323 0.0086565526649731352 0.021897087285587705 -0.0053214197255381781 0.011994239371422242
decision_type=2 2 2 2 2 2 2
left_child=1 5 3 -3 -4 -1 -7
right_child=-2 2 4 -5 -6 6 -8
leaf_value=-0.0067804811633212668 -0.025336790145301033 0.026532203150238402 -0.022649196030248724 -0.00022597973675116026 0 0 0.033978626807132206
leaf_weight=10.116996452212332 10.033890351653097 14.328105688095091 24.14929960668087 34.885607734322548 38.805840998888016 8.9076208770275134 15.869713112711905
leaf_count=41 41 58 98 141 157 36 64
internal_value=0 0.00205569 -0.00159038 0.00800343 -0.00933655 0.0136335 0.0224129
internal_weight=157.097 147.063 112.169 49.2137 62.9551 34.8943 24.7773
internal_count=636 595 454 199 255 141 100
is_linear=0
shrinkage=0.03


Tree=7
num_leaves=8
num_cat=0
split_feature=40 28 3 33 3 10 20
split_gain=8.84479 5.50798 9.89825 12.0757 10.1166 9.06746 6.77054
threshold=0.086652178383792369 10.500000000000002 0.02583804245162458 0.35577187796590531 0.062119337293645056 0.013893577502724132 0.021827664589827742
decision_type=2 2 2 2 2 2 2
left_child=1 2 3 -1 -4 6 -3
right_child=-2 5 4 -5 -6 -7 -8
leaf_value=-0.0017568865092727275 -0.024779442338984936 -0.01138172799517549 -0.017933561207740482 0.020163439496260135 0.017657495391607013 -0.030282939928965129 0.021549573686045889
leaf_weight=39.139878183603287 9.9973266720771772 10.631609395146375 24.874490961432457 47.247021660208702 7.6505811363458625 9.6082260459661466 7.9134131520986548
leaf_count=158 41 43 101 191 31 39 32
internal_value=0 0.0019957 0.004914 0.0102471 -0.00858942 -0.00934131 0.00267025
internal_weight=157.063 147.065 118.912 86.3869 32.5251 28.1532 18.545
internal_count=636 595 481 349 132 114 75
is_linear=0
shrinkage=0.03


Tree=8
num_leaves=8
num_cat=0
split_feature=40 28 10 38 40 28 9
split_gain=8.42288 5.22027 8.65966 11.5127 6.57088 9.23473 7.87823
threshold=0.086652178383792369 10.500000000000002 0.013893577502724132 0.0092691222462156359 0.0094772293117052504 4.5000000000000009 -0.019835030492554639
decision_type=2 2 2 2 2 2 2
left_child=1 4 3 -3 6 -6 -1
right_child=-2 2 -4 -5 5 -7 -8
leaf_value=0.0070093303053246157 -0.024239223246887827 -0.016777370620826154 -0.029624475499608963 0.026075014056074201 -0.0028447583586373336 0.0194115809375634 -0.015353031245475946
leaf_weight=29.277840986847878 9.9586919099092466 10.125093147158628 9.5721315890550596 8.4235489368438703 24.923579052090645 41.285543546080589 23.46450001001358
leaf_count=118 41 41 39 34 101 167 95
internal_value=0 0.00192845 -0.0091117 0.00259711 0.00476992 0.0109758 -0.00286288
internal_weight=157.031 147.072 28.1208 18.5486 118.951 66.2091 52.7423
internal_count=636 595 114 75 481 268 213
is_linear=0
shrinkage=0.03


Tree=9
num_leaves=8
num_cat=0
split_feature=40 21 20 21 23 13 17
split_gain=8.02026 6.85145 8.47583 7.40706 5.13014 4.74082 3.82179
threshold=0.086652178383792369 0.013829061700647743 0.021761806134117882 0.011815514087816337 0.88577432277508061 2.1827937638809947 5.2129325390765757
decision_type=2 2 2 2 2 2 2
left_child=1 3 4 -1 -3 -5 -4
right_child=-2 2 6 5 -6 -7 -8
leaf_value=-0.0033281006619768705 -0.023715194829088765 0 0 0.032778982706149817 -0.024748238140333029 0.0014398459509653498 0.016276199715363676
leaf_weight=13.344565674662588 9.9181919246911985 12.107084572315218 68.760954901576042 13.915372461080553 17.173942923545837 7.6712189167737952 14.102005720138548
leaf_count=54 41 49 278 56 70 31 57
internal_value=0 0.00185923 -0.00168542 0.0131203 -0.0150937 0.0233444 0.00311992
internal_weight=156.993 147.075 112.144 34.9312 29.281 21.5866 82.863
internal_count=636 595 454 141 119 87 335
is_linear=0
shrinkage=0.03


Tree=10
num_leaves=9
num_cat=0
split_feature=9 15 22 11 0 27 20 41
split_gain=10.3901 12.1055 8.10515 8.03773 6.66269 5.72834 4.06006 2.61964
threshold=-0.052571894270312176 -13.593939938210619 -0.11785765733468066 -0.032579456622543461 -0.012576535215766958 2.5000000000000004 0.023505484363937963 1.0000000180025095e-35
decision_type=2 2 2 2 2 2 2 2
left_child=3 6 5 7 -4 -3 -2 -1
right_child=1 2 4 -5 -6 -7 -8 -9
leaf_value=0.03241889580697796 -0.0068432535076188147 -0.018831638045279462 0.023956829205700365 -0.0070342430631591497 0.0018804438276055976 0.0041759810922324062 -0.036746229717217679 0.0065909713825285151
leaf_weight=14.45482769608498 10.839857414364817 21.592263653874397 15.113818898797033 7.9523711651563636 51.839707762002945 14.025398120284079 8.8524832874536497 8.1861497461795807
leaf_count=58 44 88 61 32 210 57 36 33
internal_value=0.00114815 -0.00271824 0.00142368 0.0162787 0.00763174 -0.00963269 -0.0231259 0.0249821
internal_weight=152.857 122.264 102.571 30.5933 66.9535 35.6177 19.6923 22.641
internal_count=619 496 416 123 271 145 80 91
is_linear=0
shrinkage=0.03


Tree=11
num_leaves=9
num_cat=0
split_feature=3 15 19 28 36 35 3 12
split_gain=8.03151 14.2933 8.57661 8.53774 7.91556 7.53938 5.0907 1.95482
threshold=0.021649834502218471 40.341159991294866 0.055168870907114413 10.500000000000002 0.0082429721824947514 0.045086611813054851 0.062119337293645056 58.733287739201579
decision_type=2 2 2 2 2 2 2 2
left_child=2 6 -1 4 -4 -5 7 -2
right_child=1 -3 3 5 -6 -7 -8 -9
leaf_value=-0.017073262059761639 -0.011919424364159366 0.014644364978274886 0.0086953970272699559 -0.027211255316188468 0.037923603092330498 0.0076913502419793623 0 -0.035630899553731492
leaf_weight=11.081996619701384 11.055089563131338 13.298821210861204 71.075040146708488 8.3609747141599673 8.4637704342603666 9.6350615322589857 7.6224395334720603 12.22081810235977
leaf_count=45 45 54 287 34 34 39 31 50
internal_value=0.00111345 -0.00928766 0.00557277 0.00858789 0.0128435 -0.00887405 -0.0203082 -0.0267967
internal_weight=152.814 44.1972 108.617 97.5348 79.5388 17.996 30.8983 23.2759
internal_count=619 180 439 394 321 73 126 95
is_linear=0
shrinkage=0.03


Tree=12
num_leaves=9
num_cat=0
split_feature=9 9 4 22 37 18 37 3
split_gain=9.51976 11.4069 12.6877 8.39287 5.70848 5.25628 4.8678 2.76356
threshold=-0.052571894270312176 -0.012667299251093453 -0.028796440457631908 -0.2485804298195152 0.017944696263563768 0.098584673985328011 -0.013254114772900725 1.0000000180025095e-35
decision_type=2 2 2 2 2 2 2 2
left_child=5 4 -3 -4 6 -1 -2 -7
right_child=1 2 3 -5 -6 7 -8 -9
leaf_value=-0.0024062388021442132 -0.02274979472289541 0.033821454341964909 -0.019399188540895725 0.0034948226895833929 -0.036379002253565065 0.031091069245360196 0.0034040232554644846 0.0055963018005661348
leaf_weight=8.7026127576828021 8.6370987445116061 8.44139616191387 16.113438606262207 67.037862211465836 8.8297534137964231 13.214367747306826 13.097384527325632 8.6948851943016034
leaf_count=35 35 34 66 272 36 53 53 35
internal_value=0.0010699 -0.00263009 0.0025967 -0.00111696 -0.0179515 0.0155505 -0.00739852 0.0229151
internal_weight=152.769 122.157 91.5927 83.1513 30.5642 30.6119 21.7345 21.9093
internal_count=619 496 372 338 124 123 88 88
is_linear=0
shrinkage=0.03


Tree=13
num_leaves=8
num_cat=0
split_feature=9 9 8 24 9 9 34
split_gain=9.14972 6.50976 13.3908 5.24005 5.04137 1.78713 1.31575
threshold=-0.07863648489273535 -0.007447874120880456 -0.016046062743498148 0.26667000906808042 -0.052571894270312176 -0.029532891681554662 -0.0056726743768749635
decision_type=2 2 2 2 2 2 2
left_child=6 4 -3 -4 -2 -6 -1
right_child=1 2 3 -5 5 -7 -8
leaf_value=0.0085105615345962126 0.0049539793334916664 0.033221007352374786 -0.0081059277748138873 0.0070335688234958024 -0.024180324851289053 -0.0075565124467806034 0.028981321623412638
leaf_weight=11.711777448654177 11.180454447865484 9.448516443371771 44.70259091258049 34.246718972921371 15.47495655715465 18.218203276395801 7.7296206653118125
leaf_count=47 45 38 182 139 63 74 31
internal_value=0.00103641 -0.00176184 0.00283975 -0.00134188 -0.010881 -0.016539 0.0192932
internal_weight=152.713 133.271 88.3978 78.9493 44.8736 33.6932 19.4414
internal_count=619 541 359 321 182 137 78
is_linear=0
shrinkage=0.03


Tree=14
num_leaves=12
num_cat=0
split_feature=22 21 3 11 34 31 32 13 34 0 21
split_gain=7.63616 6.83462 6.36747 6.6134 5.40772 5.02044 7.50466 5.25058 4.10159 3.87612 4.76569
threshold=-0.12309492154080624 0.01663370251589948 0.01470032201478433 0.038711931507939286 -0.022434613072712491 -1.4999999999999998 0.0078016144147476938 -4.873003468365904 0.017992917989389071 0.0062840483877800732 0.021256562906875782
decision_type=2 2 2 2 2 2 2 2 2 2 2
left_child=1 8 5 4 -4 7 -7 -2 -1 10 -3
right_child=2 9 3 -5 -6 6 -8 -9 -10 -11 -12
leaf_value=-0.030202109011370302 0.016476790964550906 0.0069156764600210958 0.0064198543297177184 0.015238758265960411 -0.020442618438979432 0.02437308163063082 -0.0021558032553549503 -0.010758120338062449 -0.0024222901853555908 0.014959164560584283 -0.019835153405998583
leaf_weight=12.491765335202219 8.4393174350261706 9.827773749828344 7.9043111801147488 9.1444828361272794 18.131562665104866 31.505369484424591 11.629585087299345 14.342251196503637 9.5967854112386686 10.104190453886984 9.5394174307584745
leaf_count=51 34 40 32 37 74 127 47 58 39 41 39
internal_value=0.00102497 -0.00806187 0.00587129 -0.00398408 -0.0118761 0.0113145 0.0171097 0 -0.0199586 0.0010797 -0.00618186
internal_weight=152.657 51.5599 101.097 35.1804 26.0359 65.9165 43.135 22.7816 22.0886 29.4714 19.3672
internal_count=619 210 409 143 106 266 174 92 90 120 79
is_linear=0
shrinkage=0.03


Tree=15
num_leaves=9
num_cat=0
split_feature=3 37 35 16 35 22 25 10
split_gain=7.60337 5.91901 6.79174 12.9455 6.06352 4.16651 4.75 3.07801
threshold=0.021649834502218471 0.058051757353211116 -0.0038363945838799647 5.4568488018929999 0.047612426125369763 0.10768535549156745 0.21452605079193426 0.025515905146647148
decision_type=2 2 2 2 2 2 2 2
left_child=1 2 3 -1 -4 7 -7 -2
right_child=5 -3 4 -5 -6 6 -8 -9
leaf_value=-0.017516987898563451 -0.026690672678744008 -0.015773322469016037 0.018372019053016754 0.023171802917207319 0.00020068869368140174 0.016147324195229996 -0.012830105818865466 -0.0048265313752904665
leaf_weight=22.758730217814449 15.578147262334825 11.484370663762091 37.115825787186623 7.7050214260816565 31.643928423523903 7.3971604257822063 9.0856139659881574 13.161315977573393
leaf_count=92 64 47 150 31 128 30 37 54
internal_value=-0.00144975 0.00269617 0.00525148 -0.00597021 0.0104634 -0.0116013 0 -0.0181314
internal_weight=155.93 110.708 99.2235 30.4638 68.7598 45.2222 16.4828 28.7395
internal_count=633 448 401 123 278 185 67 118
is_linear=0
shrinkage=0.03


Tree=16
num_leaves=11
num_cat=0
split_feature=7 33 15 35 22 27 25 28 32 26
split_gain=8.26003 10.3337 7.45762 6.97879 5.39786 5.7109 5.58216 4.75692 2.224 2.10253
threshold=0.0091979905189205017 0.68516958670260564 -35.275105413103255 -0.036433885771237344 0.13900968948564843 2.5000000000000004 0.15756372062231053 8.5000000000000018 -0.00092559370351952264 0.26719160104986883
decision_type=2 2 2 2 2 2 2 2 2 2
left_child=1 2 7 -4 5 8 -6 -1 -2 -7
right_child=4 -3 3 -5 6 9 -8 -9 -10 -11
leaf_value=0.027055632007486282 -0.0072592618876677235 0.030459899457689385 -0.027397430937255791 -0.0003344853892445425 0.019101785517500532 0.0079736106433909385 -0.0098364369767886192 0 -0.032025260397167986 -0.011314198233530231
leaf_weight=10.964007690548899 8.0249517858028412 9.6278466433286649 8.3643426299095136 57.120160937309265 8.1570218056440371 7.8327475041151038 12.298352837562559 10.177900120615957 15.200981125235558 8.0854556411504728
leaf_count=44 33 39 34 231 33 32 50 41 63 33
internal_value=-0.00141485 0.00389432 0.000151765 -0.00472303 -0.0100808 -0.0163898 0.00170883 0.0150023 -0.0253168 -0.0011556
internal_weight=155.854 96.2543 86.6264 65.4845 59.5995 39.1441 20.4554 21.1419 23.2259 15.9182
internal_count=633 389 350 265 244 161 83 85 96 65
is_linear=0
shrinkage=0.03


Tree=17
num_leaves=7
num_cat=0
split_feature=10 11 6 11 10 6
split_gain=7.16235 9.49864 7.9661 9.39558 5.20186 0.894665
threshold=0.059495578989886451 0.048066160748912796 0.021117677565433396 -0.011398272993350276 0.036660576268104379 0.031061611060399445
decision_type=2 2 2 2 2 2
left_child=1 2 3 -1 -3 -4
right_child=-2 4 5 -5 -6 -7
leaf_value=0.010149689658079449 -0.025885001737319446 0.030211397839113537 -0.028419543899023361 -0.0070486725775824261 0 -0.0073061705739938176
leaf_weight=47.467537328600883 8.0603369176387769 11.448256403207781 8.4474767595529539 65.647315055131912 7.368170589208602 7.3051085174083701
leaf_count=192 33 46 35 267 30 30
internal_value=-0.00137874 0.000186553 -0.00270992 8.90969e-05 0.0190986 -0.0213995
internal_weight=155.744 147.684 128.867 113.115 18.8164 15.7526
internal_count=633 600 524 459 76 65
is_linear=0
shrinkage=0.03


Tree=18
num_leaves=6
num_cat=0
split_feature=10 15 15 2 40
split_gain=6.84021 7.00379 8.31793 10.577 5.22781
threshold=0.059495578989886451 45.146763458383866 33.529680332321341 0.029100008083651655 0.043582729284102457
decision_type=2 2 2 2 2
left_child=1 2 3 -1 -3
right_child=-2 4 -4 -5 -6
leaf_value=0.0042024106073425107 -0.025340568230004332 0.027102543766579466 -0.025405086516805141 -0.019174751300100105 -0.00072868900152988909
leaf_weight=96.963538378477097 8.0299339443445188 11.941835641860964 10.786007732152937 19.137340113520622 8.798368886113165
leaf_count=393 33 48 44 79 36
internal_value=-0.00135371 0.000172048 -0.00243816 0 0.0156107
internal_weight=155.657 147.627 126.887 116.101 20.7402
internal_count=633 600 516 472 84
is_linear=0
shrinkage=0.03


Tree=19
num_leaves=11
num_cat=0
split_feature=7 33 11 4 22 27 25 34 26 10
split_gain=7.27949 9.85719 10.1612 6.09417 5.13489 5.48324 5.26804 4.39895 1.97133 0.534796
threshold=0.0091979905189205017 0.64991243237420637 -0.034517760492735854 -0.0072306553255310204 0.13900968948564843 2.5000000000000004 0.15756372062231053 -0.011293094185647943 0.26719160104986883 0.02368819512514209
decision_type=2 2 2 2 2 2 2 2 2 2
left_child=1 2 7 -4 5 9 -6 -1 -7 -2
right_child=4 -3 3 -5 6 8 -8 -9 -10 -11
leaf_value=0 -0.030463790482771601 0.027580137780677503 0.00039314495013917052 -0.018312933792208042 0.018839947161270947 0.0080114113640520658 -0.0092659875230671034 0.025446583519819134 -0.010716812655557715 -0.012108908475030078
leaf_weight=8.4535086601972598 12.719822332262995 11.37321701645851 40.052385687828064 22.197719424962997 8.1592717468738574 7.82377104461193 12.24683356285095 14.165022164583204 8.0541327893733961 10.331188797950743
leaf_count=34 53 46 162 90 33 32 50 57 33 43
internal_value=-0.00133192 0.00363914 0 -0.00640619 -0.00949532 -0.0156805 0.00198112 0.0162593 -0.000785662 -0.0244596
internal_weight=155.577 96.2419 84.8686 62.2501 59.335 38.9289 20.4061 22.6185 15.8779 23.051
internal_count=633 389 343 252 244 161 83 91 65 96
is_linear=0
shrinkage=0.03


Tree=20
num_leaves=8
num_cat=0
split_feature=35 7 15 11 9 20 23
split_gain=7.56636 6.65885 10.8916 7.83174 7.58769 4.55485 2.28873
threshold=-0.088583591891673683 0.0093535004276037084 43.003459678122034 -0.032579456622543461 -0.0092154194633100733 0.028446942152475656 0.93260966642707299
decision_type=2 2 2 2 2 2 2
left_child=-1 3 5 6 -5 -3 -2
right_child=1 2 -4 4 -6 -7 -8
leaf_value=0.024151740773170335 0.0025786315703149381 -0.024585367615563944 0.010274770622316369 -0.013567728827740311 0.0048649818988355667 0 0.026698415886670369
leaf_weight=8.1723846495151502 7.6470063328743008 29.209090620279312 13.452066764235495 30.345915868878365 49.96776182949543 8.5284509956836683 10.709668278694151
leaf_count=33 31 121 55 123 202 35 43
internal_value=-0.000770833 -0.0025289 -0.0111338 0.00191879 -0.00207789 -0.0192758 0.018628
internal_weight=158.032 149.86 51.1896 98.6704 80.3137 37.7375 18.3567
internal_count=643 610 211 399 325 156 74
is_linear=0
shrinkage=0.03


Tree=21
num_leaves=9
num_cat=0
split_feature=12 12 5 5 21 32 25 2
split_gain=5.87842 12.1163 7.80559 8.50635 7.2719 6.48837 3.15185 1.18558
threshold=39.131857483360101 45.662380150535981 0.020013294625649939 0.050910046776183389 0.015023590074467828 -0.0053350286532229388 0.20574420200626176 -0.016657976434978457
decision_type=2 2 2 2 2 2 2 2
left_child=5 7 4 -4 -3 -1 -7 -2
right_child=1 2 3 -5 -6 6 -8 -9
leaf_value=-0.0066602918791262558 -0.007017850415295083 -0.0040712630793757016 -0.019890751105863236 0.0022768658848016554 0.021285824910181824 0.028884112409917853 0.004733441079470848 -0.027908397292884038
leaf_weight=12.108601331710814 7.4008871465921429 14.929348811507223 22.190900430083275 40.093554526567459 22.690181151032448 11.407253026962282 11.879759460687636 15.212214335799215
leaf_count=49 30 61 91 164 92 46 48 62
internal_value=-0.000725758 -0.00393557 0.000552415 -0.00576086 0.0111467 0.00959974 0.0185058 -0.0228065
internal_weight=157.913 122.517 99.904 62.2845 37.6195 35.3956 23.287 22.6131
internal_count=643 500 408 255 153 143 94 92
is_linear=0
shrinkage=0.03


Tree=22
num_leaves=8
num_cat=0
split_feature=12 12 19 11 32 25 2
split_gain=5.58543 11.5327 7.54589 10.9252 6.16966 2.96996 1.10897
threshold=39.131857483360101 45.662380150535981 0.18191516510566183 0.071983042379688347 -0.0053350286532229388 0.20574420200626176 -0.016657976434978457
decision_type=2 2 2 2 2 2 2
left_child=4 6 3 -3 -1 -6 -2
right_child=1 2 -4 -5 5 -7 -8
leaf_value=-0.0064917059943347495 -0.0068554794147113038 7.8072314003311248e-05 -0.018815535035416251 0.033669507216297676 0.028109282867271275 0.0046106001847164464 -0.02724890661032367
leaf_weight=12.10239703953266 7.3963298201561001 78.722604885697365 13.232809528708456 7.9321537911891928 11.424888208508493 11.883612483739851 15.162135615944861
leaf_count=49 30 322 54 32 46 48 62
internal_value=-0.000707753 -0.00384075 0.000530972 0.00401234 0.00935094 0.0180325 -0.0222761
internal_weight=157.857 122.446 99.8876 86.6548 35.4109 23.3085 22.5585
internal_count=643 500 408 354 143 94 92
is_linear=0
shrinkage=0.03


Tree=23
num_leaves=8
num_cat=0
split_feature=23 23 11 5 32 6 27
split_gain=5.01057 6.65509 7.21221 6.49307 5.08807 8.12909 2.29019
threshold=0.72211766057474669 1.075215725092985 0.048066160748912796 0.020013294625649939 -0.0051364420331317375 0.012724215977870929 2.5000000000000004
decision_type=2 2 2 2 2 2 2
left_child=-1 2 3 -2 6 -6 -3
right_child=1 4 -4 -5 5 -7 -8
leaf_value=0.020094780594196768 -0.0031791223652845066 -0.017488305164208923 0.013412782525871161 -0.020564736695372642 0.024368558188910042 -0.0024800138878244391 0.0026795264641005512
leaf_weight=7.6969665437936774 56.094599813222885 7.3000542223453504 11.641216129064558 30.647950768470764 20.012427091598511 16.511064156889915 7.8850453048944473
leaf_count=31 228 30 47 126 81 68 32
internal_value=-0.000681603 -0.00209591 -0.00670546 -0.00981588 0.00631833 0.0123432 -0.00705
internal_weight=157.789 150.092 98.3838 86.7426 51.7086 36.5235 15.1851
internal_count=643 612 401 354 211 149 62
is_linear=0
shrinkage=0.03


Tree=24
num_leaves=8
num_cat=0
split_feature=35 25 37 40 23 35 35
split_gain=7.15314 7.22838 8.27972 6.67495 4.91026 3.76227 5.60587
threshold=-0.088583591891673683 0.19698138597790024 0.024686912247419149 0.0027888434357620233 1.1015113538671579 -0.040681330867750824 0.047014515513737039
decision_type=2 2 2 2 2 2 2
left_child=-1 2 3 -2 -4 -3 -7
right_child=1 5 4 -5 -6 6 -8
leaf_value=0.02356918218172346 0.0014275957518068408 -0.024373239804128161 -0.014581088139306144 0.026802229992441067 0.010085895314522681 0.00083719101113116125 -0.015848835871335763
leaf_weight=8.179123789072035 21.696484699845314 10.014311611652372 20.655238226056102 16.78615939617157 8.297201603651045 45.851037159562111 26.218999028205872
leaf_count=33 88 41 85 68 34 187 107
internal_value=-0.000652689 -0.0023703 0.00469299 0.0136439 -0.00683247 -0.00832504 -0.00529469
internal_weight=157.699 149.519 67.4351 38.4826 28.9524 82.0843 72.07
internal_count=643 610 275 156 119 335 294
is_linear=0
shrinkage=0.03


Tree=25
num_leaves=10
num_cat=0
split_feature=12 12 12 34 14 21 1 32 5
split_gain=8.14991 6.64142 6.41695 6.25184 7.09578 4.74116 3.8065 3.75442 0.723766
threshold=31.890878770239045 47.355598855552635 43.796613237311284 0.0073974279578366007 42.683396461379978 0.017476810675204159 -0.014665259491393743 -0.0041122364551059989 -0.0081651779604557922
decision_type=2 2 2 2 2 2 2 2 2
left_child=6 2 5 4 -3 -2 -1 -5 -4
right_child=1 3 8 7 -6 -7 -8 -9 -10
leaf_value=0.00017289388268429542 -0.014231513387868827 0.019023566469098339 -0.036187080423234867 0.0066540174938226494 -0.0050142320065817087 0.0072015916781356685 0.030435819347928827 -0.010485537571181114 -0.011854772824967981
leaf_weight=7.6766427904367447 17.139752402901649 25.567660480737686 7.2912295758724213 13.451877161860464 15.953692197799681 15.344257444143294 7.9505126476287824 37.948405668139458 7.3510819375514966
leaf_count=31 70 104 30 55 65 62 32 156 30
internal_value=-0.000993727 -0.00345806 -0.012408 0.00108877 0.00963691 -0.00384182 0.0181269 -0.00563786 -0.0277652
internal_weight=155.675 140.048 47.1263 92.9216 41.5214 32.484 15.6272 51.4003 14.6423
internal_count=635 572 192 380 169 132 63 211 60
is_linear=0
shrinkage=0.03


Tree=26
num_leaves=10
num_cat=0
split_feature=9 9 39 2 9 35 28 24 32
split_gain=5.45678 6.57364 5.28676 4.60336 6.18585 5.12284 2.69857 2.48628 1.49914
threshold=-0.050388203634742307 -0.0092154194633100733 1.0000000180025095e-35 -0.0094290255972637165 0.066326632642331421 0.047014515513737039 8.5000000000000018 -0.2483090816007924 0.0023201947913334968
decision_type=2 2 2 2 2 2 2 2 2
left_child=6 2 -2 5 -5 -3 -1 -8 -4
right_child=1 3 8 4 -6 -7 7 -9 -10
leaf_value=0.018644371006674154 0.0023868653513195799 0.018960790628986732 -0.029075439923914866 -0.010936180617580773 0.0069706209654451868 -0.0075773870031958755 -0.0099059252721139784 0.011236460684376684 -0.0082394008796764506
leaf_weight=14.175979346036913 9.3166013956069929 18.060274496674541 13.411838978528978 41.488879099488258 26.166334599256516 7.4282006770372382 7.6961039453744879 8.192393556237219 9.6605851054191572
leaf_count=57 38 73 55 171 107 30 31 33 40
internal_value=-0.000967342 -0.0038227 -0.0150388 0.000154 -0.00379391 0.0106924 0.00998203 0.000194401 -0.0223027
internal_weight=155.597 125.533 32.389 93.1437 67.6552 25.4885 30.0645 15.8885 23.0724
internal_count=635 514 133 381 278 103 121 64 95
is_linear=0
shrinkage=0.03


Tree=27
num_leaves=9
num_cat=0
split_feature=12 12 19 19 11 34 1 7
split_gain=7.69445 6.26165 16.438 8.91438 10.3064 3.74939 3.62748 3.22955
threshold=31.890878770239045 47.355598855552635 0.13777835904141186 0.1762017562219246 0.072983541642794317 -0.0041455827631409195 -0.014665259491393743 0.020879906202600593
decision_type=2 2 2 2 2 2 2 2
left_child=6 2 5 4 -3 -2 -1 -5
right_child=1 3 -4 7 -6 -7 -8 -9
leaf_value=8.3343219967823163e-05 -0.03337340974108699 0.0012294206660494321 0.020191697842781041 -0.0019965632556005358 0.034587758660795692 -0.01123992702519472 0.029640871436134933 -0.030020545082398282
leaf_weight=7.6762406826019287 13.633400872349737 69.038268655538559 9.1820116043090803 8.6334998309612292 7.6986459344625464 24.177049472928047 7.954863175749777 7.4995337575674048
leaf_count=31 56 283 37 35 31 99 32 31
internal_value=-0.000939266 -0.00333989 -0.0120464 0.00106861 0.00556017 -0.0208731 0.0176323 -0.0177252
internal_weight=155.494 139.862 46.9925 92.8699 76.7369 37.8105 15.6311 16.133
internal_count=635 572 192 380 314 155 63 66
is_linear=0
shrinkage=0.03


Tree=28
num_leaves=7
num_cat=0
split_feature=12 34 22 11 2 34
split_gain=7.41756 5.18616 4.86209 5.2845 4.91342 0.330845
threshold=28.305483284877258 0.038927536366978217 -0.1669954259080412 -0.0079944191539438863 0.01524585451603966 0.046153579880772184
decision_type=2 2 2 2 2 2
left_child=-1 2 3 -2 -4 -3
right_child=1 5 4 -5 -6 -7
leaf_value=0.021977491255183959 0.0053399632212709604 -0.024516007451908996 0.007554453041118887 -0.017049729479542058 -0.0067570610919965111 -0.0071127398856477581
leaf_weight=9.685154512524603 11.998337984085081 7.3112518489360792 64.32740244269371 25.53059783577919 29.257571399211884 7.2594143748283386
leaf_count=39 49 30 261 106 120 30
internal_value=-0.000903 -0.0028027 -0.000674465 -0.00960407 0.00287553 -0.0186555
internal_weight=155.37 145.685 131.114 37.5289 93.585 14.5707
internal_count=635 596 536 155 381 60
is_linear=0
shrinkage=0.03


Tree=29
num_leaves=7
num_cat=0
split_feature=12 34 40 37 37 34
split_gain=7.05582 4.96757 5.30158 6.59174 6.36997 0.304881
threshold=28.305483284877258 0.038927536366978217 0.0094772293117052504 -0.011633926972009654 0.038260314929467916 0.046153579880772184
decision_type=2 2 2 2 2 2
left_child=-1 2 3 -2 -4 -3
right_child=1 5 4 -5 -6 -7
leaf_value=0.021421938380868685 0.0027740835873931286 -0.023999247532690303 0.012314412627619611 -0.018148099435778664 -0.0039263355730847016 -0.0069514640905045215
leaf_weight=9.6900246739387494 23.133764699101448 7.2880348861217481 39.681138232350349 26.242477223277092 42.003522917628288 7.2515208870172501
leaf_count=39 94 30 162 107 173 30
internal_value=-0.00088443 -0.00274075 -0.000656226 -0.00832728 0.00388968 -0.0182724
internal_weight=155.29 145.6 131.061 49.3762 81.6847 14.5396
internal_count=635 596 536 201 335 60
is_linear=0
shrinkage=0.03


Tree=30
num_leaves=7
num_cat=0
split_feature=11 16 36 19 5 22
split_gain=7.34441 7.62881 6.5588 7.4307 10.6242 0.804657
threshold=-0.039449454949447842 13.545207315277123 0.0081862498936358784 0.19303801979805044 0.068488862381163931 0.02314041147879076
decision_type=2 2 2 2 2 2
left_child=1 5 3 4 -2 -1
right_child=2 -3 -4 -5 -6 -7
leaf_value=0.03123041191760989 -0.0015476033847117512 -0.0061260499611762668 -0.021529332527100688 -0.021850310094702681 0.021252628278689862 0.010255027273713097
leaf_weight=11.154306441545492 81.931568175554276 8.7453638762235624 11.228659301996229 9.6800886243581754 21.308730691671371 8.1835406869649869
leaf_count=45 335 36 46 40 87 33
internal_value=0.00158775 0.0149392 -0.0015025 0.000698444 0.00333027 0.0248501
internal_weight=152.232 28.0832 124.149 112.92 103.24 19.3378
internal_count=622 114 508 462 422 78
is_linear=0
shrinkage=0.03


Tree=31
num_leaves=8
num_cat=0
split_feature=15 36 40 21 40 17 5
split_gain=6.58656 5.98377 5.13732 9.93008 7.95955 3.95006 2.43894
threshold=-39.866900584266375 0.0085586150258135565 0.0039381340697518539 0.013829061700647743 0.037079180436868649 3.2493004928634801 -0.071147205711640057
decision_type=2 2 2 2 2 2 2
left_child=5 2 3 -2 -4 6 -1
right_child=1 -3 4 -5 -6 -7 -8
leaf_value=0.033522306100955447 0.017391530822069262 -0.023189978400736489 0.015635409855999472 -0.016115251188117033 -0.0028515537955371385 -0.00021080084521771274 0.0063811206307528116
leaf_weight=8.1882928460836428 8.3827663511037809 8.2690300643444044 34.116665676236153 30.35770358145237 46.313333705067635 8.3642914593219739 8.1926804780960101
leaf_count=33 34 34 139 124 191 34 33
internal_value=0.00153908 -0.00117497 0.000586368 -0.00799893 0.00499734 0.0151201 0.0229354
internal_weight=152.185 127.439 119.17 38.7405 80.43 24.7453 16.381
internal_count=622 522 488 158 330 100 66
is_linear=0
shrinkage=0.03


Tree=32
num_leaves=7
num_cat=0
split_feature=11 41 36 19 21 21
split_gain=6.70379 7.57366 6.011 7.07355 11.7252 2.44949
threshold=-0.039449454949447842 1.0000000180025095e-35 0.0081862498936358784 0.19303801979805044 0.024186454816923081 0.027055906586741934
decision_type=2 2 2 2 2 2
left_child=1 5 3 4 -2 -1
right_child=2 -3 -4 -5 -6 -7
leaf_value=0.037474688822573557 -0.00030519916219214467 -0.0027467844430237591 -0.020668747787114201 -0.021380204865300151 0.030398665108812159 0.0086198958262378358
leaf_weight=8.1787401884794253 92.66244375705719 11.941909387707712 11.166794717311857 9.6471273750066739 10.590661257505415 7.9415063112974158
leaf_count=33 379 49 46 40 43 32
internal_value=0.00150221 0.0142653 -0.00144614 0.000651264 0.00321937 0.0266078
internal_weight=152.129 28.0622 124.067 112.9 103.253 16.1202
internal_count=622 114 508 462 422 65
is_linear=0
shrinkage=0.03


Tree=33
num_leaves=7
num_cat=0
split_feature=11 5 36 19 21 32
split_gain=6.39169 6.7557 5.72308 6.74115 11.1193 0.504363
threshold=-0.039449454949447842 0.0046465051471875638 0.0081862498936358784 0.19303801979805044 0.024186454816923081 -0.00027480101815080532
decision_type=2 2 2 2 2 2
left_child=1 5 3 4 -2 -1
right_child=2 -3 -4 -5 -6 -7
leaf_value=0.031357854718488787 -0.00029624679204362362 -0.005807373815557018 -0.020197575462345397 -0.020909864140493228 0.029575433666316781 0.012335474550341599
leaf_weight=8.1752320826053655 92.659206658601761 8.7462122887372953 11.131666690111159 9.6136985570192319 10.614183872938154 11.126209765672684
leaf_count=33 379 36 46 40 43 45
internal_value=0.00146393 0.0139307 -0.00141282 0.000628327 0.00313496 0.0232844
internal_weight=152.066 28.0477 124.019 112.887 103.273 19.3014
internal_count=622 114 508 462 422 78
is_linear=0
shrinkage=0.03


Tree=34
num_leaves=8
num_cat=0
split_feature=15 36 21 40 37 41 21
split_gain=5.84069 5.24691 4.96889 8.90577 8.37407 4.57969 2.95795
threshold=-39.866900584266375 0.0085586150258135565 0.014161636794646016 0.0094772293117052504 0.027820563409364011 1.0000000180025095e-35 0.027055906586741934
decision_type=2 2 2 2 2 2 2
left_child=5 2 4 -4 -2 6 -1
right_child=1 -3 3 -5 -6 -7 -8
leaf_value=0.033061550404949014 0.022410861720555085 -0.021834951133955099 -0.015127980063735379 0.0041921782164637163 -0.0059373129252739843 -0.0024493220790823829 0.0045237120827430408
leaf_weight=8.914531737565996 19.016141906380653 8.1822535991668683 32.755851358175278 52.804111525416374 14.534428745508192 8.1008995175361651 7.6929236203432074
leaf_count=36 77 34 134 217 60 33 31
internal_value=0.00142475 -0.00112571 0.000510134 -0.00320965 0.0100651 0.0142262 0.0225554
internal_weight=152.001 127.293 119.111 85.56 33.5506 24.7084 16.6075
internal_count=622 522 488 351 137 100 67
is_linear=0
shrinkage=0.03


Tree=35
num_leaves=7
num_cat=0
split_feature=38 20 19 11 35 22
split_gain=6.06318 6.96185 5.92528 10.6365 5.18909 2.53506
threshold=0.0070848923051476829 0.038485651382454349 0.18191516510566183 0.072983541642794317 -0.017466213472270949 0.041321587220071516
decision_type=2 2 2 2 2 2
left_child=4 2 3 -2 -1 -6
right_child=1 -3 -4 -5 5 -7
leaf_value=-0.00015165852915104586 -0.0046545645395899777 0.017890067212794378 -0.023552092768103178 0.027128086023841019 0.0062532497881031684 0.034759245772790236
leaf_weight=12.481752306222917 96.226044937968254 12.587579309940336 10.590814411640165 8.4383222013711912 7.5440938770771009 7.9140989035367966
leaf_count=51 395 51 44 34 31 32
internal_value=0.00122001 -0.0014987 -0.00401319 -0.00149092 0.0134299 0.0240167
internal_weight=155.783 127.843 115.255 104.664 27.9399 15.4582
internal_count=638 524 473 429 114 63
is_linear=0
shrinkage=0.03


Tree=36
num_leaves=8
num_cat=0
split_feature=9 19 9 21 28 20 0
split_gain=7.97451 7.77522 9.00576 7.54214 5.60651 3.74729 3.41695
threshold=-0.051397127081446399 0.18191516510566183 -0.0092154194633100733 0.024186454816923081 10.500000000000002 0.02480325533202897 0.0092024108349396689
decision_type=2 2 2 2 2 2 2
left_child=4 2 5 -4 6 -2 -1
right_child=1 -3 3 -5 -6 -7 -8
leaf_value=0.0285233981155768 -0.0038979403457632248 -0.023353904237866568 0.001949947765388714 0.0294010100201904 -0.0052883941547900047 -0.026389599222831756 0.0027043303933275802
leaf_weight=15.870659470558168 21.40167693793774 11.963022440671919 70.895205840468407 8.6798028200864774 8.1398634016513807 10.075833097100256 8.684250205755232
leaf_count=64 88 50 291 35 33 42 35
internal_value=0.00120572 -0.0022385 0.000276368 0.00577553 0.0139791 -0.0126919 0.0208483
internal_weight=155.71 123.016 111.053 79.575 32.6948 31.4775 24.5549
internal_count=638 506 456 326 132 130 99
is_linear=0
shrinkage=0.03


Tree=37
num_leaves=10
num_cat=0
split_feature=9 21 38 34 9 19 38 18 38
split_gain=7.56382 7.6424 5.54425 5.51752 4.96632 6.61046 4.15368 2.2095 1.00967
threshold=-0.051397127081446399 0.013829061700647743 0.0096552481954754448 -0.011293094185647943 -0.019835030492554639 0.18191516510566183 0.0072885904398247965 0.25541086831129939 0.0096157730104344096
decision_type=2 2 2 2 2 2 2 2 2
left_child=3 2 6 -1 8 -6 -2 -5 -3
right_child=1 4 -4 7 5 -7 -8 -9 -10
leaf_value=-0.00095084089765163553 0.014280830207231199 -0.0063285076641721701 0.028125633444473372 0.0076975688671372727 0.0011377518126428818 -0.021897131391166134 -0.0088794561794860866 0.032007731210860611 -0.026477209043425865
leaf_weight=12.617068111896513 10.531506076455118 7.5968214720487621 8.4161278158426267 9.6771652251482028 61.285247460007668 11.435289382934569 13.369270339608191 10.372973084449766 10.288120746612547
leaf_count=51 43 31 34 39 252 48 55 42 43
internal_value=0.00116878 -0.002184 0.00977506 0.0136157 -0.00673049 -0.00277288 0.00106134 0.0227172 -0.0201705
internal_weight=155.59 122.922 32.3169 32.6672 90.6055 72.7205 23.9008 20.0501 17.8849
internal_count=638 506 132 132 374 300 98 81 74
is_linear=0
shrinkage=0.03


Tree=38
num_leaves=9
num_cat=0
split_feature=38 38 11 4 35 11 22 25
split_gain=5.59829 6.35474 10.1194 7.03855 5.039 3.85688 2.4013 1.69042
threshold=0.0070848923051476829 0.012315511678136123 -0.018595529400399876 0.037822707425032694 -0.017466213472270949 -0.011398272993350276 0.041321587220071516 0.26136624569460393
decision_type=2 2 2 2 2 2 2 2
left_child=4 3 -3 5 -1 -2 -6 -5
right_child=1 2 -4 7 6 -7 -8 -9
leaf_value=-0.0004764412629132241 0.0092203164675902904 -0.0023483808272737839 0.036753317567391648 -0.026108250120908897 0.0059930490136999685 -0.0045210145604891302 0.033753015517742901 -0.0066897179695418058
leaf_weight=12.470238327980043 24.487883731722832 13.915282025933267 7.4117415547370902 11.98932968080044 7.5522226691246015 57.723886370658875 7.9278062582015991 12.00130073726177
leaf_count=51 100 57 30 50 31 237 32 50
internal_value=0.00113854 -0.00147573 0.0125836 -0.00461808 0.0128695 -0.000128081 0.0233032 -0.0182336
internal_weight=155.48 127.529 21.327 106.202 27.9503 82.2118 15.48 23.9906
internal_count=638 524 87 437 114 337 63 100
is_linear=0
shrinkage=0.03


Tree=39
num_leaves=8
num_cat=0
split_feature=38 13 17 10 35 21 22
split_gain=5.32645 6.1629 7.67338 6.74132 4.81272 2.30956 2.26626
threshold=0.0070848923051476829 5.5991192894761825 4.6974365208615092 -0.001350281958873045 -0.017466213472270949 0.020348821239205103 0.041321587220071516
decision_type=2 2 2 2 2 2 2
left_child=4 2 3 -2 -1 -3 -6
right_child=1 5 -4 -5 6 -7 -8
leaf_value=-0.00046413662008154072 0.0072925977500515136 -0.021686080262314864 0.023768172935262448 -0.008414566005506342 0.005847549949967619 -5.1410439727359333e-05 0.032915024695133292
leaf_weight=12.469833418726923 42.66631156206131 14.226559370756151 10.447072923183439 52.036302044987679 7.5576139688491804 8.0846752971410734 7.9365257918834686
leaf_count=51 174 59 43 215 31 33 32
internal_value=0.00111615 -0.00143305 0.0015575 -0.00117844 0.0125562 -0.0151127 0.0227476
internal_weight=155.425 127.461 105.15 94.7026 27.964 22.3112 15.4941
internal_count=638 524 432 389 114 92 63
is_linear=0
shrinkage=0.03


Tree=40
num_leaves=7
num_cat=0
split_feature=40 13 11 36 34 37
split_gain=6.91217 5.33628 6.53266 11.6273 3.5246 1.26528
threshold=0.088449802860481444 6.981080800864544 -0.043774819772586342 0.0087959143494123811 0.012738159111859939 0.0064353997501002133
decision_type=2 2 2 2 2 2
left_child=1 2 5 -4 -3 -1
right_child=-2 4 3 -5 -6 -7
leaf_value=0.03028599177732769 -0.020412435063489123 -0.018728152602509658 0.0057976332021126894 -0.027809842651807231 0.0044445234257561158 0.0077852510575797951
leaf_weight=8.6530604511499423 9.8717480748891813 12.966089576482775 99.872409552335739 8.1205587685108167 7.260611191391944 8.0772471874952299
leaf_count=35 42 53 408 34 30 33
internal_value=0.00145899 0.00330815 0.00572318 0.00267442 -0.0100837 0.0222149
internal_weight=154.822 144.95 124.723 107.993 20.2267 16.7303
internal_count=635 593 510 442 83 68
is_linear=0
shrinkage=0.03


Tree=41
num_leaves=9
num_cat=0
split_feature=3 3 15 15 5 21 22 34
split_gain=5.80609 6.77587 7.43032 5.17411 8.93684 7.15726 2.86406 0.88154
threshold=0.021649834502218471 0.071496703174247403 41.184849221450364 -44.959193943147717 -0.066347745922767584 0.013849503765579861 0.10768535549156745 -0.0024426955222636155
decision_type=2 2 2 2 2 2 2 2
left_child=3 2 6 7 -5 -6 -2 -1
right_child=1 -3 -4 4 5 -7 -8 -9
leaf_value=0.0080295209661126101 -0.029289883081319724 0.013906351485527114 0.0084174163239273837 -0.022622854646464106 0.018330776454885792 -0.00011715467838258833 -0.0063768820597578857 0.027451725573837064
leaf_weight=9.6179158389568347 15.105835273861887 8.2123989015817624 8.4873869568109495 9.5420793294906598 24.643487975001335 59.859351187944412 11.627811431884764 7.6570094674825659
leaf_count=39 64 34 35 39 100 245 48 31
internal_value=0.00140849 -0.00754152 -0.013424 0.00510433 0.00197859 0.00538883 -0.0209834 0.0193717
internal_weight=154.753 43.4334 35.221 111.32 94.0449 84.5028 26.7336 17.2749
internal_count=635 181 147 454 384 345 112 70
is_linear=0
shrinkage=0.03


Tree=42
num_leaves=6
num_cat=0
split_feature=40 11 3 17 20
split_gain=6.64419 5.05927 6.09305 6.93264 6.44981
threshold=0.088449802860481444 0.071983042379688347 0.021649834502218471 0.47005013417334857 0.029467878098210162
decision_type=2 2 2 2 2
left_child=1 2 3 -1 -4
right_child=-2 -3 4 -5 -6
leaf_value=-0.00062438983479126285 -0.020105517436054394 0.019896492477165854 -0.017397546752308434 0.015537523218832304 0.010098829731500914
leaf_weight=65.21920819580555 9.8323969542980176 12.797320917248724 24.042618557810783 34.140614777803421 8.6116835325956327
leaf_count=266 42 52 101 139 35
internal_value=0.00137363 0.00318822 0.00118385 0.00497796 -0.00954895
internal_weight=154.644 144.811 132.014 99.3598 32.6543
internal_count=635 593 541 405 136
is_linear=0
shrinkage=0.03


Tree=43
num_leaves=9
num_cat=0
split_feature=3 3 15 15 39 21 11 34
split_gain=5.17182 6.31597 5.43488 4.93386 8.63111 4.58737 2.63992 0.88643
threshold=0.021649834502218471 0.067763612075135607 41.184849221450364 -44.959193943147717 1.0000000180025095e-35 0.01712507505114148 -0.011398272993350276 -0.0056726743768749635
decision_type=2 2 2 2 2 2 2 2
left_child=3 2 6 7 -5 -6 -2 -1
right_child=1 -3 -4 4 5 -7 -8 -9
leaf_value=0.006959762972146193 -0.0052445038868366971 0.011563512262437398 0.005728045906966869 -0.019827815545766028 0.011157024251061959 -0.0027972027770890506 -0.027844275247266237 0.02604745171425929
leaf_weight=8.8665056824684161 10.609591811895369 9.9085183441638929 7.9835794121026984 12.027507871389387 49.521594509482384 32.503672569990158 14.747432902455332 8.3818672001361829
leaf_count=36 44 41 33 49 202 133 63 34
internal_value=0.00133291 -0.00712855 -0.0134481 0.00482103 0.00177172 0.00551398 -0.0200114 0.0187574
internal_weight=154.55 43.2491 33.3406 111.301 94.0528 82.0253 25.357 17.2484
internal_count=635 181 140 454 384 335 107 70
is_linear=0
shrinkage=0.03


Tree=44
num_leaves=10
num_cat=0
split_feature=3 3 15 15 21 36 2 15 34
split_gain=4.89188 6.03851 6.69064 4.73018 6.61548 7.13418 6.94177 2.22168 0.835719
threshold=0.021649834502218471 0.071496703174247403 41.184849221450364 -44.959193943147717 0.01712507505114148 0.0047247732072339798 -0.018161962498858372 9.2989532458913171 -0.0056726743768749635
decision_type=2 2 2 2 2 2 2 2 2
left_child=3 2 7 8 6 -6 -5 -2 -1
right_child=1 -3 -4 4 5 -7 -8 -9 -10
leaf_value=0.0067915777567966115 -0.0096822547234702138 0.013218956957306719 0.008075586437631177 -0.0084398301293056917 0.013029491589489208 -0.014370432340024327 0.014667479911871778 -0.03094803673166421 0.025466875787349314
leaf_weight=8.8630716055631655 16.514781132340435 8.231993690133093 8.4879453182220441 13.723877519369124 9.3631373643875104 30.253033220767975 40.721079394221306 9.9268748015165311 8.3616601973772031
leaf_count=36 69 34 35 56 38 124 166 43 34
internal_value=0.00129565 -0.00694009 -0.0125558 0.00468837 0.00170172 -0.00721917 0.00848444 -0.0198082 0.0183439
internal_weight=154.447 43.1616 34.9296 111.286 94.0611 39.6162 54.445 26.4417 17.2247
internal_count=635 181 147 454 384 162 222 112 70
is_linear=0
shrinkage=0.03


Tree=45
num_leaves=5
num_cat=0
split_feature=10 35 11 25
split_gain=7.33883 6.37811 7.38714 6.28974
threshold=0.057934144191613475 -0.088583591891673683 0.071983042379688347 0.20574420200626176
decision_type=2 2 2 2
left_child=1 -1 3 -3
right_child=-2 2 -4 -5
leaf_value=0.024543062065127561 -0.025295711179450692 0.004966443970169751 0.02077355179845574 -0.0081107190340767334
leaf_weight=8.3721088171005231 7.5328088998794547 58.135466277599335 12.101194471120833 70.069887593388557
leaf_count=34 32 239 49 289
internal_value=0.000129427 0.0018358 4.956e-05 -0.0020804
internal_weight=156.211 148.679 140.307 128.205
internal_count=643 611 577 528
is_linear=0
shrinkage=0.03


Tree=46
num_leaves=6
num_cat=0
split_feature=4 20 40 12 34
split_gain=7.01669 7.47144 5.21122 7.76307 4.14489
threshold=0.10883922668944924 0.039745459631467903 0.069976859275663009 49.671410780999828 0.024396315883857048
decision_type=2 2 2 2 2
left_child=1 2 3 -1 -4
right_child=-2 -3 4 -5 -6
leaf_value=-0.0048998836605605991 -0.025075958118482105 0.023673479726776348 -0.027828342946719986 0.009944744064236035 0
leaf_weight=65.834962129592896 7.2860457450151435 10.847166389226912 8.2968596965074521 56.722606152296066 7.1406695693731299
leaf_count=270 31 44 35 233 30
internal_value=0.000131862 0.00178138 -0.00014593 0.00189951 -0.0156001
internal_weight=156.128 148.842 137.995 122.558 15.4375
internal_count=643 612 568 503 65
is_linear=0
shrinkage=0.03


Tree=47
num_leaves=6
num_cat=0
split_feature=10 11 28 36 36
split_gain=6.86636 5.8391 7.71104 13.2618 7.21848
threshold=0.057934144191613475 0.071983042379688347 7.5000000000000009 0.0068094986502908574 0.0051511106356933551
decision_type=2 2 2 2 2
left_child=1 2 3 -1 -4
right_child=-2 -3 4 -5 -6
leaf_value=-0.0039179382679209486 -0.024567966548075807 0.020152083919946252 0.0095205887966837502 0.02042025380928824 -0.014100903959379347
leaf_weight=47.276581346988678 7.4646588861942282 12.095376789569853 13.182639747858046 31.5726128667593 44.472298949956894
leaf_count=195 32 49 54 129 184
internal_value=0.000115578 0.00176492 -2.35017e-05 0.00590604 -0.00831036
internal_weight=156.064 148.6 136.504 78.8492 57.6549
internal_count=643 611 562 324 238
is_linear=0
shrinkage=0.03


Tree=48
num_leaves=7
num_cat=0
split_feature=35 16 11 35 3 0
split_gain=6.76662 7.26251 7.23533 8.28552 2.22958 0.301459
threshold=-0.088583591891673683 13.781721745327319 -0.059240239081960626 -0.030004096651680131 0.059939948448601961 -0.0021265393750551915
decision_type=2 2 2 2 2 2
left_child=-1 2 -2 -4 5 -3
right_child=1 4 3 -5 -6 -7
leaf_value=0.023635847176739166 0.026752037075762021 -0.009343758855272848 -0.018078382078233063 0.0028890398144375022 -0.00081996373422972947 -0.028775102908614569
leaf_weight=8.3652937263250333 7.3985340893268576 7.1004922986030587 18.325481444597244 99.162053182721138 7.8553155511617652 7.7458070069551477
leaf_count=34 30 30 76 407 33 33
internal_value=0.000111941 -0.00141931 0.00138896 -0.00050374 -0.016337 -0.0225847
internal_weight=155.953 147.588 124.886 117.488 22.7016 14.8463
internal_count=643 609 513 483 96 63
is_linear=0
shrinkage=0.03


Tree=49
num_leaves=6
num_cat=0
split_feature=4 20 12 38 37
split_gain=6.49051 6.92049 4.6722 8.11695 7.20184
threshold=0.10883922668944924 0.039745459631467903 49.211962005468628 0.0070570602137410322 0.048625001826044796
decision_type=2 2 2 2 2
left_child=1 2 3 -1 -4
right_child=-2 -3 4 -5 -6
leaf_value=0.01735038211179623 -0.024245446596754306 0.022780063925520632 0.010512181046128475 -0.010396785084271921 -0.01028665725874001
leaf_weight=9.1153985708951932 7.2096565365791312 10.822470068931578 53.842128038406372 56.811128973960876 18.049134388566017
leaf_count=37 31 44 221 234 76
internal_value=0.000101351 0.00168806 -0.000163114 -0.00594157 0.0049503
internal_weight=155.85 148.64 137.818 65.9265 71.8913
internal_count=643 612 568 271 297
is_linear=0
shrinkage=0.03


end of trees

feature_importances:
ma_20_60_cross=29
div_ma_60=22
volatility=22
macro_usdjpy_ret_60=17
macro_nikkei_ret_20=17
vol_change=16
macro_usdjpy_ret_20=16
return_5d=15
rsi=15
macd_signal=15
month=15
ma_5_20_cross=12
macro_usdjpy_vol_20=12
bb_bandwidth=11
macro_topix_ret_20=11
macro_topix_vol_20=11
atr_pct=10
return_3d=9
upper_shadow_pct=9
gap=9
return_20d=8
macd_hist_change=6
vol_ratio=6
return_10d=5
div_ma_10=5
day_of_week=5
return_1d=4
return_2d=4
rsi_change=4
price_position_20d=4
div_ma_5=3
macd_hist=3
lower_shadow_pct=3
macro_nikkei_above_200dma=3
macd=2
bb_pct_b=2
candle_body_pct=2
macro_topix_above_200dma=2
div_ma_20=1
streak=1

parameters:
[boosting: gbdt]
[objective: binary]
[metric: binary_logloss]
[tree_learner: serial]
[device_type: cpu]
[data_sample_strategy: bagging]
[data: ]
[valid: ]
[num_iterations: 50]
[learning_rate: 0.03]
[num_leaves: 15]
[num_threads: 0]
[seed: 42]
[deterministic: 0]
[force_col_wise: 0]
[force_row_wise: 0]
[histogram_pool_size: -1]
[max_depth: 4]
[min_data_in_leaf: 30]
[min_sum_hessian_in_leaf: 0.001]
[bagging_fraction: 0.7]
[pos_bagging_fraction: 1]
[neg_bagging_fraction: 1]
[bagging_freq: 5]
[bagging_seed: 400]
[bagging_by_query: 0]
[feature_fraction: 0.6]
[feature_fraction_bynode: 1]
[feature_fraction_seed: 30056]
[extra_trees: 0]
[extra_seed: 12879]
[early_stopping_round: 0]
[early_stopping_min_delta: 0]
[first_metric_only: 0]
[max_delta_step: 0]
[lambda_l1: 0.5]
[lambda_l2: 2]
[linear_lambda: 0]
[min_gain_to_split: 0]
[drop_rate: 0.1]
[max_drop: 50]
[skip_drop: 0.5]
[xgboost_dart_mode: 0]
[uniform_drop: 0]
[drop_seed: 17869]
[top_rate: 0.2]
[other_rate: 0.1]
[min_data_per_group: 100]
[max_cat_threshold: 32]
[cat_l2: 10]
[cat_smooth: 10]
[max_cat_to_onehot: 4]
[top_k: 20]
[monotone_constraints: ]
[monotone_constraints_method: basic]
[monotone_penalty: 0]
[feature_contri: ]
[forcedsplits_filename: ]
[refit_decay_rate: 0.9]
[cegb_tradeoff: 1]
[cegb_penalty_split: 0]
[cegb_penalty_feature_lazy: ]
[cegb_penalty_feature_coupled: ]
[path_smooth: 0]
[interaction_constraints: ]
[verbosity: -1]
[saved_feature_importance_type: 0]
[use_quantized_grad: 0]
[num_grad_quant_bins: 4]
[quant_train_renew_leaf: 0]
[stochastic_rounding: 1]
[linear_tree: 0]
[max_bin: 255]
[max_bin_by_feature: ]
[min_data_in_bin: 5]
[bin_construct_sample_cnt: 200000]
[data_random_seed: 175]
[is_enable_sparse: 1]
[enable_bundle: 1]
[use_missing: 1]
[zero_as_missing: 0]
[feature_pre_filter: 1]
[pre_partition: 0]
[two_round: 0]
[header: 0]
[label_column: ]
[weight_column: ]
[group_column: ]
[ignore_column: ]
[categorical_feature: ]
[forcedbins_filename: ]
[precise_float_parser: 0]
[parser_config_file: ]
[objective_seed: 16083]
[num_class: 1]
[is_unbalance: 0]
[scale_pos_weight: 1]
[sigmoid: 1]
[boost_from_average: 1]
[reg_sqrt: 0]
[alpha: 0.9]
[fair_c: 1]
[poisson_max_delta_step: 0.7]
[tweedie_variance_power: 1.5]
[lambdarank_truncation_level: 30]
[lambdarank_norm: 1]
[label_gain: ]
[lambdarank_position_bias_regularization: 0]
[eval_at: ]
[multi_error_top_k: 1]
[auc_mu_weights: ]
[num_machines: 1]
[local_listen_port: 12400]
[time_out: 120]
[machine_list_filename: ]
[machines: ]
[gpu_platform_id: -1]
[gpu_device_id: -1]
[gpu_use_dp: 0]
[num_gpu: 1]

end of parameters

pandas_categorical:[]
