tree
version=v4
num_class=1
num_tree_per_iteration=1
label_index=0
max_feature_idx=44
objective=binary sigmoid:1
feature_names=return_1d return_2d return_3d return_5d return_10d return_20d div_ma_5 div_ma_10 div_ma_20 div_ma_60 ma_5_20_cross ma_20_60_cross rsi rsi_change macd macd_signal macd_hist macd_hist_change bb_pct_b bb_bandwidth atr_pct volatility vol_change vol_ratio candle_body_pct upper_shadow_pct lower_shadow_pct day_of_week month is_month_end is_month_start streak gap price_position_20d macro_usdjpy_ret_20 macro_usdjpy_ret_60 macro_usdjpy_vol_20 macro_topix_ret_20 macro_topix_vol_20 macro_topix_above_200dma macro_nikkei_ret_20 macro_nikkei_above_200dma macro_nikkei_vi macro_jgb10y macro_bias_score
feature_infos=[-0.17772667542706966:0.1470235717139432] [-0.20539682539682536:0.16510776738511601] [-0.24013357619914999:0.17508813160987069] [-0.22865947611710324:0.24522163481089865] [-0.25104727707959307:0.30696721311475406] [-0.27784189267166759:0.2820615261685977] [-0.18004324182663956:0.11861627362173989] [-0.20405762075873687:0.13833228001040926] [-0.23400609000351938:0.17718290736289741] [-0.25990902863676019:0.21897800811042367] [-0.11857745094931693:0.13821315192743766] [-0.094390213981528581:0.10999476118612317] [13.864541832669332:96.584190916078668] [-24.477381847899785:30.523230841411753] [-76.757544168411869:70.388875063558089] [-61.726880727269695:61.703804987248915] [-30.363520725662603:39.603186159897412] [-19.050373370978008:12.003121116441562] [-0.40688573596952488:1.3342851245192389] [0.033581177580368354:0.39473402552224823] [0.012253614857796663:0.061921529175050304] [0.009105963204296243:0.057095451026884708] [-0.8996731498443703:7.0808635808635803] [0.45453671130036144:2.3363224203448341] [-1:1] [0:0.86904761904761907] [0:0.92592592592592593] [0:4] [1:12] none [0:1] [-7:9] [-0.073388837496145554:0.14382740711146624] [0:1] [-0.10288784967882303:0.08505611680078462] [-0.13986255140503889:0.13160084488587853] [0.0024251968629527628:0.011841457708833433] [-0.22586490939044479:0.19897850606512013] [0.0040695656522785678:0.036437277456277402] [0:1] [-0.22859537662338159:0.23022297972565586] [0:1] none none none
tree_sizes=1516 1406 1309 989 1259 992 1082 997 1280 765 1203 1388 1305 1503 1497 1282 1516 1177 1302 1415 1304 1084 978 1393 1285 1109 951 874 869 895 891 1091 1166 1191 1089 784 1172 887 1087 1201 1000 1416 1080 998 868 1100 875 784 1186 1074

Tree=0
num_leaves=13
num_cat=0
split_feature=28 7 7 35 1 16 34 15 34 37 35 15
split_gain=14.9187 11.2697 10.4031 9.75176 9.54352 9.17426 8.46005 7.99136 7.25746 6.23827 4.80794 2.39447
threshold=8.5000000000000018 0.001141670096822746 -0.0076980638441566602 0.028409734978965377 -0.030711630200026981 5.2178086662499572 0.019168293790070016 -9.5248996250340081 0.0096596483548980778 0.007958072948113017 0.029204588446373528 -0.12615093857979187
decision_type=2 2 2 2 2 2 2 2 2 2 2 2
left_child=2 7 4 6 -1 -3 -4 8 -2 -5 -9 -6
right_child=1 5 3 9 11 -7 -8 10 -10 -11 -12 -13
leaf_value=-0.099336559329640875 -0.096201947521750916 -0.13689307504696441 -0.093045267438861101 -0.087404867971899572 -0.082178023739442718 -0.095445524129566417 -0.063422723841043138 -0.09280277522487991 -0.061376212665404599 -0.1147215006936096 -0.12142493007296928 -0.056555765122901641
leaf_weight=7.4835804104804984 10.227559894323351 11.474823296070101 27.689247518777847 9.4792018532753008 9.4792018532753008 8.9802964925765973 11.474823296070097 8.4813911318779009 7.4835804104804984 18.958403706550598 8.4813911318778974 16.214424222707748
leaf_count=30 41 46 111 38 38 36 46 34 30 76 34 65
internal_value=-0.0923903 -0.104587 -0.0854896 -0.0926397 -0.0722326 -0.121145 -0.0829548 -0.0936484 -0.0804664 -0.105311 -0.107743 -0.0639559
internal_weight=155.908 55.129 100.779 67.6017 33.1772 20.4551 39.1641 34.6739 17.7111 28.4376 16.9628 25.6936
internal_count=625 221 404 271 133 82 157 139 71 114 68 103
is_linear=0
shrinkage=1


Tree=1
num_leaves=12
num_cat=0
split_feature=28 23 7 23 7 16 34 20 38 1 1
split_gain=14.186 12.1477 10.7401 12.0269 9.87653 8.72114 8.38578 6.75079 6.70854 4.99092 3.19363
threshold=8.5000000000000018 1.0999930768122115 0.001141670096822746 0.85545098874080983 -0.0071363259604314286 5.2178086662499572 -0.021278489612409242 0.025398897832580748 0.0080311085565174904 1.0000000180025095e-35 -0.018632583460785165
decision_type=2 2 2 2 2 2 2 2 2 2 2
left_child=1 4 3 -2 10 -4 -6 -5 -3 -10 -1
right_child=2 8 5 7 6 -7 -8 -9 9 -11 -12
leaf_value=0.0092442710618268701 0.025169374767352731 0.0078447114312406654 -0.042230642517124876 -0.022009725310886373 0.025597159016450981 -0.0017531936309048075 -0.0010168192386263472 0.007772846712932522 -0.00086108510207464815 -0.034840565527498119 0.037902631120337718
leaf_weight=8.4835852831602114 9.7307992130517942 10.9807216078043 11.446291297674181 16.207193553447727 12.223651409149168 8.9795336723327619 38.160413652658463 8.7317403703927976 8.2341775894165021 7.7337546348571768 14.984185740351675
leaf_count=34 39 44 46 65 49 36 153 35 33 31 60
internal_value=0.00122637 0.00795517 -0.0106691 0 0.0142239 -0.0268483 0.00588441 -0.0112224 -0.00850167 -0.0201994 0.0296712
internal_weight=155.896 100.8 55.0956 34.6697 73.8518 20.4258 50.3841 24.9389 26.9487 15.9679 23.4678
internal_count=625 404 221 139 296 82 202 100 108 64 94
is_linear=0
shrinkage=0.03


Tree=2
num_leaves=11
num_cat=0
split_feature=28 33 37 11 35 20 36 13 14 32
split_gain=13.4431 9.72118 7.90618 8.14134 6.52391 6.46427 9.98922 4.5167 4.27635 2.70555
threshold=8.5000000000000018 0.8892291024153417 0.036285352009009959 -0.01957260284194828 0.020665126580304064 0.023701084879637551 0.0065194584846861763 2.3557087951912128 -26.196067925133431 0.001025872385892024
decision_type=2 2 2 2 2 2 2 2 2 2
left_child=1 5 3 8 -3 7 -7 -1 -2 -5
right_child=2 4 -4 9 -6 6 -8 -9 -10 -11
leaf_value=0.024370836693980918 -0.0038617059239528929 0.0060874962750111904 -0.029521658278058829 -0.0041728951699000153 -0.026575495148363579 -0.015264357095849418 0.017384964702281926 0.0044542277800092532 0.020538935150955319 -0.027458175824286685
leaf_weight=34.946336105465889 9.9732401072978956 8.4876987785100955 12.698385015130041 12.451921820640566 9.2187155187129957 15.220625981688501 14.477851107716559 18.464490249752998 11.219692915678026 8.7054830789566022
leaf_count=140 40 34 51 50 37 61 58 74 45 35
internal_value=0.00119073 0.00774077 -0.0103928 -0.00324638 -0.0111283 0.0121041 0.000271467 0.0181655 0.00906661 -0.0159456
internal_weight=155.864 100.816 55.0487 42.3503 17.7064 83.1093 29.6985 53.4108 21.1929 21.1574
internal_count=625 404 221 170 71 333 119 214 85 85
is_linear=0
shrinkage=0.03


Tree=3
num_leaves=8
num_cat=0
split_feature=17 17 26 19 38 20 19
split_gain=12.1447 8.54699 7.27244 6.93191 5.57957 4.496 4.68659
threshold=1.5496160167869049 -3.3305611624876472 0.5194913434946774 0.089409162785017024 0.0079669356663604526 0.02815747825930421 0.092236535984057802
decision_type=2 2 2 2 2 2 2
left_child=1 -1 4 -4 -3 6 -2
right_child=5 2 3 -5 -6 -7 -8
leaf_value=-0.017306880609319172 -0.0028483745063779134 0.020825712994352347 0.009201214962834289 -0.024422409742098427 0.0052519220929964604 0.0037189553038768173 -0.030485789519617289
leaf_weight=10.972661659121512 10.957577630877497 35.441165268421173 8.4784540534019488 9.2262445986270887 58.847626119852066 7.4797548353672019 14.434793397784231
leaf_count=44 44 142 34 37 236 30 58
internal_value=0.0011363 0.00557777 0.00821581 -0.00825983 0.0115725 -0.014415 -0.0201858
internal_weight=155.838 122.966 111.993 17.7047 94.2888 32.8721 25.3924
internal_count=625 493 449 71 378 132 102
is_linear=0
shrinkage=0.03


Tree=4
num_leaves=11
num_cat=0
split_feature=28 33 0 9 13 35 5 18 0 38
split_gain=12.6835 9.11123 9.6625 8.93042 6.43814 6.15724 5.40856 4.04809 3.6797 2.30882
threshold=8.5000000000000018 0.8892291024153417 -0.024326221644385134 -0.035518890853348258 2.3557087951912128 0.020665126580304064 0.057718424715152768 0.37763130523262139 0.0042194177272336661 0.0096698427417792384
decision_type=2 2 2 2 2 2 2 2 2 2
left_child=1 2 -1 8 -4 -3 7 -5 9 -2
right_child=3 5 4 6 -6 -7 -8 -9 -10 -11
leaf_value=-0.016465206468043472 0 0.0058692248775792421 0.021343107559931331 -0.0065335840757677248 0.0021796134913542541 -0.025848661391390994 0 -0.035840901341213587 -0.01139328179359581 0.020559159203840716
leaf_weight=7.7333316057920447 7.4816303551197079 8.4892900884151477 49.197340905666351 8.9624668061733299 26.201511934399605 9.1992743760347349 7.7147095501422873 14.897837832570074 7.4673027396202079 8.4792136251926404
leaf_count=31 30 34 197 36 105 37 31 60 30 34
internal_value=0.00108556 0.00744981 0.011675 -0.010169 0.0151059 -0.0108145 -0.0201731 -0.0267691 0.00325009 0.011442
internal_weight=155.824 100.821 83.1322 55.0032 75.3989 17.6886 31.575 23.8603 23.4281 15.9608
internal_count=625 404 333 221 302 71 127 96 94 64
is_linear=0
shrinkage=0.03


Tree=5
num_leaves=8
num_cat=0
split_feature=20 20 19 8 2 5 34
split_gain=13.934 9.75574 9.09806 9.66125 6.28906 5.10568 5.10128
threshold=0.033376045278494075 0.022730144842868109 0.058699344506483724 -0.00053802149199840834 -0.0054163265705648991 0.062073004344521683 0.0071651819036118178
decision_type=2 2 2 2 2 2 2
left_child=1 2 -1 -4 6 -6 -3
right_child=-2 4 3 -5 5 -7 -8
leaf_value=-0.017136865865732976 0.032731387756708613 -0.014027555243778744 0.026018175689996467 0.0022276807394857353 -0.025488836899305981 0.00072942346948109938 0.0087367490339318368
leaf_weight=11.185537308454512 9.9883881062269193 12.719419047236441 20.952815011143684 52.846248894929886 23.138410612940792 7.4763874262571326 20.203072383999825
leaf_count=45 40 51 84 212 93 30 81
internal_value=0.00158542 -0.000816624 0.0056724 0.00968838 -0.00963316 -0.0189741 0
internal_weight=158.51 148.522 84.9846 73.7991 63.5373 30.6148 32.9225
internal_count=636 596 341 296 255 123 132
is_linear=0
shrinkage=0.03


Tree=6
num_leaves=9
num_cat=0
split_feature=20 20 6 3 9 14 38 24
split_gain=13.2376 9.2188 8.05125 7.50157 7.30669 6.71765 15.1648 5.53091
threshold=0.033376045278494075 0.022730144842868109 -0.0015869075615177254 -0.038856154572117434 0.047212166974506989 6.563584320491942 0.0093106049949179589 -0.20256723257211537
decision_type=2 2 2 2 2 2 2 2
left_child=1 5 3 -3 -4 7 -7 -1
right_child=-2 2 4 -5 -6 6 -8 -9
leaf_value=0 0.031894848865307954 -0.018880885248653872 -0.031371659900941519 0.0082448361508046988 0.0013038449634106696 0.0080007207856321871 -0.028673675960664315 0.022697464306625927
leaf_weight=14.198734000325201 9.9951905310153943 11.46752046048641 17.871576905250553 26.694618135690689 7.4643124341964713 34.648408204317093 11.958785727620123 24.185077369213104
leaf_count=57 40 46 72 107 30 139 48 97
internal_value=0.00154589 -0.000794042 -0.00937067 -6.7135e-05 -0.0218052 0.00550937 -0.00189346 0.0145182
internal_weight=158.484 148.489 63.498 38.1621 25.3359 84.991 46.6072 38.3838
internal_count=636 596 255 153 102 341 187 154
is_linear=0
shrinkage=0.03


Tree=7
num_leaves=8
num_cat=0
split_feature=20 20 19 10 6 3 9
split_gain=12.5892 8.7145 8.63244 8.0424 7.61778 7.1168 6.96459
threshold=0.033376045278494075 0.022730144842868109 0.058699344506483724 0.020957880207347571 -0.0015869075615177254 -0.038856154572117434 0.047212166974506989
decision_type=2 2 2 2 2 2 2
left_child=1 2 -1 -4 5 -3 -6
right_child=-2 4 3 -5 6 -7 -8
leaf_value=-0.016875063539650636 0.031093595042249532 -0.018413340929992427 0.017625798329740452 -0.0016797231107251837 -0.030597926144895746 0.0080126626413159034 0.0012729153412258702
leaf_weight=11.174021601676939 9.9966769069433195 11.456880047917364 41.914461746811867 31.911409765481949 17.825060769915584 26.701910972595215 7.4648991227149954
leaf_count=45 40 46 168 128 72 107 30
internal_value=0.00149838 -0.000781741 0.005342 0.00925892 -0.00912722 -6.99072e-05 -0.021237
internal_weight=158.445 148.449 84.9999 73.8259 63.4488 38.1588 25.29
internal_count=636 596 341 296 255 153 102
is_linear=0
shrinkage=0.03


Tree=8
num_leaves=11
num_cat=0
split_feature=37 38 5 11 9 9 14 1 23 15
split_gain=11.331 9.53869 11.2935 10.143 9.48527 8.2774 7.00051 5.97442 7.9385 4.535
threshold=-0.0014610797180495958 0.0076540501876347514 0.018698675028339332 0.060215530757699039 0.04303857498148398 -0.016397252506917852 33.507315244567856 -0.014992593592173751 1.0259864633644342 -3.0413408196590841
decision_type=2 2 2 2 2 2 2 2 2 2
left_child=4 2 -2 5 7 -3 -4 9 -9 -1
right_child=1 3 6 -5 -6 -7 -8 8 -10 -11
leaf_value=0.016505268917269247 -0.013009466402251505 -0.0016012520712956745 0.030831583070529866 0.010671902968773369 -0.014431600674089249 -0.025070795877533886 -0.0013866761194190158 0.036007223854845033 0 -0.012080428468831938
leaf_weight=8.2288843989372236 12.211706787347792 24.623992964625359 15.483113721013071 14.445781841874121 7.4559533298015586 33.550533756613731 7.7309512197971335 19.467806562781337 7.711212918162345 7.4735238254070273
leaf_count=33 49 99 62 58 30 135 31 78 31 30
internal_value=0.00144739 -0.00393247 0.00830047 -0.0101635 0.0129905 -0.0157693 0.0202482 0.0185233 0.0266276 0.00222491
internal_weight=158.383 108.046 35.4258 72.6203 50.3374 58.1745 23.2141 42.8814 27.179 15.7024
internal_count=636 434 142 292 202 234 93 172 109 63
is_linear=0
shrinkage=0.03


Tree=9
num_leaves=6
num_cat=0
split_feature=20 21 19 19 21
split_gain=11.6441 8.50664 7.79169 7.08663 3.27441
threshold=0.033376045278494075 0.020720149564429028 0.057007415340446767 0.08436759570586326 0.025563661568344994
decision_type=2 2 2 2 2
left_child=1 2 -1 -4 -3
right_child=-2 4 3 -5 -6
leaf_value=-0.01864626253971791 0.029884300105517354 -0.024499385634912423 0.01606691900349097 0 -0.00085802287065454732
leaf_weight=11.903590783476828 9.9863865077495557 14.614853605628015 33.910628452897072 77.949534460902214 9.9534554034471494
leaf_count=48 40 59 136 313 40
internal_value=0.00140657 -0.000782975 0.00238227 0.00503999 -0.0162716
internal_weight=158.318 148.332 123.764 111.86 24.5683
internal_count=636 596 497 449 99
is_linear=0
shrinkage=0.03


Tree=10
num_leaves=10
num_cat=0
split_feature=28 11 4 3 35 9 15 19 12
split_gain=9.20762 5.06373 8.66138 12.6986 7.96505 4.8725 9.08728 4.83454 2.24327
threshold=8.5000000000000018 -0.034754577097248489 0.040973868892247974 0.024843586658865439 0.010025867013824021 -0.023036301286199715 18.108253619946026 0.14133539011696819 42.323607581174748
decision_type=2 2 2 2 2 2 2 2 2
left_child=1 -1 3 -3 -4 7 -7 8 -2
right_child=5 2 4 -5 -6 6 -8 -9 -10
leaf_value=0.022302316803176951 -0.00063824196473524016 0.0018018226926561666 0.0073415336957918329 0.037919959991752857 -0.024766697277446136 -0.029745038820407424 0.0054893531666892724 -0.01874929111505487 0.017487566517448584
leaf_weight=11.228342995047567 12.44716408848763 55.124468863010406 9.4895364493131655 8.7262669056653959 15.177601084113119 18.538697481155399 7.9365688115358344 7.6985728144645682 7.7112808078527442
leaf_count=45 50 221 38 35 61 75 32 31 31
internal_value=-0.000442121 0.00485137 0.00202818 0.00796753 -0.0122278 -0.0102537 -0.0190123 -0.000711239 0.00657112
internal_weight=154.079 99.7462 88.5179 63.8507 24.6671 54.3323 26.4753 27.857 20.1584
internal_count=619 400 355 256 99 219 107 112 81
is_linear=0
shrinkage=0.03


Tree=11
num_leaves=12
num_cat=0
split_feature=28 36 26 23 7 7 23 1 3 1 12
split_gain=8.74536 8.93201 8.879 7.28644 5.4732 4.98093 5.75919 4.92511 10.5858 5.06159 0.349182
threshold=8.5000000000000018 0.006067605486716904 0.13525692762980901 1.1650003432115017 -0.013184043060000761 0.001448848001264402 0.89983784151813295 0.0035195599666183468 0.027094536109166682 -0.018632583460785165 48.770276958043887
decision_type=2 2 2 2 2 2 2 2 2 2 2
left_child=1 2 -1 5 -4 6 -2 9 -9 -3 -7
right_child=3 7 4 -5 -6 10 -8 8 -10 -11 -12
leaf_value=0.01761213146636165 0.0070537272533216424 0 0.0065449523624073911 0.010049177495408994 -0.018317827290126879 -0.035400390281611703 -0.018238714665251281 -0.010026917035534101 0.024248648504876392 0.030699438289780983 -0.012854018316050079
leaf_weight=9.9713078439235669 12.946053251624109 7.4893160909414318 8.7325000166892988 10.692115038633345 27.154824808239937 8.332042530179022 14.897430747747419 17.943403929471973 11.467024013400076 16.970485806465149 7.406360760331153
leaf_count=40 52 30 35 43 109 34 60 72 46 68 30
internal_value=-0.000413588 0.00474166 -0.00465891 -0.0099848 -0.0118459 -0.0154542 -0.00629156 0.012893 0.00355252 0.0224396 -0.0282815
internal_weight=154.003 99.7289 45.8586 54.274 35.8873 43.5819 27.8435 53.8702 29.4104 24.4598 15.7384
internal_count=619 400 184 219 144 176 112 216 118 98 64
is_linear=0
shrinkage=0.03


Tree=12
num_leaves=11
num_cat=0
split_feature=37 38 12 23 16 18 4 23 28 14
split_gain=8.69011 12.241 12.8086 9.78336 8.69803 7.06537 5.91429 5.7702 4.92148 3.51983
threshold=1.0000000180025095e-35 0.0083726253616534987 53.199133938061628 1.1084803908485361 6.4458836600486178 0.71793056237025921 -0.011727670416983969 0.97708995770665463 8.5000000000000018 3.8772503045458966
decision_type=2 2 2 2 2 2 2 2 2 2
left_child=3 2 6 8 5 -3 -2 -4 9 -1
right_child=1 4 7 -5 -6 -7 -8 -9 -10 -11
leaf_value=0.031195831223233557 0.0045945692421811733 -0.013211440649053309 -6.747399802091596e-05 -0.014232713482138866 -0.036533137784568494 0.014488424355026988 -0.025598761813132354 0.027121675152837563 1.5257928119971722e-05 0.0051725600952492222
leaf_weight=16.95229804515839 8.7139308601617831 38.208391264081001 8.974965915083887 9.9533077627420408 11.149559602141379 8.207571789622305 10.439913019537924 18.709375739097595 13.128177791833876 9.4771009981632215
leaf_count=68 35 154 36 40 45 33 42 75 53 38
internal_value=-0.000393166 -0.00537577 0.00566589 0.00962324 -0.0145002 -0.00760739 -0.0120177 0.0183913 0.0163828 0.0234123
internal_weight=153.915 104.404 46.8382 49.5109 57.5655 46.416 19.1538 27.6843 39.5576 26.4294
internal_count=619 420 188 199 232 187 77 111 159 106
is_linear=0
shrinkage=0.03


Tree=13
num_leaves=13
num_cat=0
split_feature=28 36 23 38 10 17 7 1 7 1 6 9
split_gain=7.95851 8.23984 6.83966 6.58651 12.1295 9.19239 4.78257 4.71234 10.0242 4.68655 4.54248 2.74388
threshold=8.5000000000000018 0.006067605486716904 1.1650003432115017 0.0090826978939952448 0.00047668661390543049 -0.46152145289879248 -0.011425357584533327 0.0035195599666183468 0.025917906030694614 -0.018632583460785165 -0.014778067852532021 -0.026988018010720982
decision_type=2 2 2 2 2 2 2 2 2 2 2 2
left_child=1 3 6 5 -5 -1 10 9 -9 -3 -2 -8
right_child=2 7 -4 4 -6 -7 11 8 -10 -11 -12 -13
leaf_value=0.022887781614623442 -0.01458245822603502 0 0.0098476558041599559 0.0094798418477413399 -0.033150399491684128 -0.01073853454126558 -0.0053550377636521146 -0.0099521516520076226 0.023409515399591643 0.029656042013796749 0.013692189488053935 -0.028920206219363701
leaf_weight=11.981638446450235 8.941155746579172 7.487410411238673 10.695781037211416 8.2249243110418337 12.663433894515036 12.949382379651068 9.3926629722118395 17.932409748435024 11.462604478001593 16.955373167991638 7.4616738110780707 17.673495441675186
leaf_count=48 36 30 43 33 51 52 38 72 46 68 30 72
internal_value=-0.000378737 0.00453414 -0.00952455 -0.00448968 -0.0163475 0.0053646 -0.0148446 0.0123684 0.003242 0.0217012 -0.000814979 -0.0221897
internal_weight=153.822 99.6572 54.1648 45.8194 20.8884 24.931 43.469 53.8378 29.395 24.4428 16.4028 27.0662
internal_count=619 400 219 184 84 100 176 216 118 98 66 110
is_linear=0
shrinkage=0.03


Tree=14
num_leaves=13
num_cat=0
split_feature=7 7 21 38 16 23 25 23 38 21 25 22
split_gain=7.35004 10.4556 9.79897 6.97604 8.33426 5.62453 5.57357 5.29828 2.61808 2.16418 1.80923 0.804874
threshold=-0.011425357584533327 0.025917906030694614 0.015304574539856888 0.0076160196561081746 7.916049713846685 0.97952873961008147 0.098076262452765392 1.0241496305100906 0.0083726253616534987 0.013836742521458495 0.18257603740618664 -1.0000000180025095e-35
decision_type=2 2 2 2 2 2 2 2 2 2 2 2
left_child=2 6 9 -3 -5 11 8 -8 -2 -1 -7 -4
right_child=1 3 5 4 -6 10 7 -9 -10 -11 -12 -13
leaf_value=0.0089278909526358374 0.014847727595489852 0.029904658406445975 0.017935032158922115 0.019235859788737809 -0.016617005575851641 0 -0.0077498475462628291 -0.027844641769602531 -0.0056406515936984359 0.037621266975247723 -0.020135659903498353 0.0016509702476544207
leaf_weight=7.4621340185403806 7.954670354723933 8.4871053546667117 7.4740666896104813 8.6705275923013705 10.86570183932781 7.9698944538831737 42.196694120764732 18.297222554683685 9.9046500623226148 7.9844552576541901 8.7125475257635099 7.7130918055772799
leaf_count=30 32 34 30 35 44 32 170 74 40 32 35 31
internal_value=-0.000360404 -0.00481609 0.00914181 0.0101615 0 -0.000273559 -0.0104791 -0.0147644 0.00330597 0.027232 -0.0120551 0.0116921
internal_weight=153.693 106.377 47.3162 28.0233 19.5362 31.8696 78.3532 60.4939 17.8593 15.4466 16.6824 15.1872
internal_count=619 429 190 113 79 128 316 244 72 62 67 61
is_linear=0
shrinkage=0.03


Tree=15
num_leaves=11
num_cat=0
split_feature=36 28 22 13 20 36 11 18 37 5
split_gain=12.5543 5.81434 5.41387 4.76401 4.53671 4.10123 9.49788 8.61836 3.45649 1.15833
threshold=0.0071220746004734565 8.5000000000000018 -0.29739819526839822 4.0147442189008524 0.023054189601509654 0.0046061955180631406 0.017713133936952844 0.28767440731771232 -0.00076089866575368415 0.029754339353518126
decision_type=2 2 2 2 2 2 2 2 2 2
left_child=2 3 9 4 -2 7 -7 -4 -3 -1
right_child=1 8 5 -5 -6 6 -8 -9 -10 -11
leaf_value=-0.027411185892640234 0.035453914752487631 0.010857551472749097 0.012253040139076179 0 0.007347376111930053 -0.0080487697922225938 0.01561206921405448 -0.021789314506244557 -0.013247150823726595 -0.0063824468693995315
leaf_weight=9.8609263449907321 13.957616642117502 7.4535457640886333 7.4705585241317776 10.438243284821509 11.948489889502524 34.248530328273773 24.132821872830391 20.065896153450012 9.8264203369617444 7.6913225799798957
leaf_count=40 56 30 30 42 48 138 97 81 40 31
internal_value=0 0.0114456 -0.00616765 0.0180124 0.0244837 -0.00265619 0.00167653 -0.0118416 -0.00202407 -0.0205591
internal_weight=157.094 53.6243 103.47 36.3443 25.9061 85.9178 58.3814 27.5365 17.28 17.5522
internal_count=633 216 417 146 104 346 235 111 70 71
is_linear=0
shrinkage=0.03


Tree=16
num_leaves=13
num_cat=0
split_feature=36 7 12 38 35 28 35 16 16 37 0 37
split_gain=11.9302 7.00371 10.467 7.9103 6.02219 5.52103 4.41038 7.359 3.69452 3.29382 2.81492 1.32295
threshold=0.0071220746004734565 -0.011425357584533327 48.340308603063569 0.0088339553591261707 0.041078361526139202 8.5000000000000018 -0.057609767237490721 -1.0933914260044706 -4.632988192881804 -0.00076089866575368415 -0.013643728060611758 1.0000000180025095e-35
decision_type=2 2 2 2 2 2 2 2 2 2 2 2
left_child=1 4 11 -4 10 6 -2 -8 -6 -7 -1 -3
right_child=5 2 3 -5 8 9 7 -9 -10 -11 -12 -13
leaf_value=-0.018222735259502788 0.034655262604707235 -0.010450250446511948 0.0070295448521909875 -0.015829019111636287 0.00016562794775578364 0.010595355978909305 0.024969068946239133 -0.0039463406407356455 0.030591173051060423 -0.012933714273406833 0.0031091517652092828 -0.034870031186366453
leaf_weight=7.4610624611377707 8.9473722428083402 7.3908758908510235 27.643664509057999 22.714263692498207 7.4622061550617218 7.4582720994949367 12.4441819190979 14.936688765883446 7.4844223111867887 9.8113161325454694 10.197511717677118 13.05233722925186
leaf_count=30 36 30 111 92 30 30 50 60 30 40 41 53
internal_value=0 -0.00601111 -0.011275 -0.00320527 0.00497683 0.0111633 0.0175642 0.00948984 0.0180984 -0.00194869 -0.00607788 -0.0284279
internal_weight=157.004 103.406 70.8011 50.3579 32.6052 53.5978 36.3282 27.3809 14.9466 17.2696 17.6586 20.4432
internal_count=633 417 286 203 131 216 146 110 60 70 71 83
is_linear=0
shrinkage=0.03


Tree=17
num_leaves=10
num_cat=0
split_feature=36 24 28 13 18 34 17 38 40
split_gain=11.3354 5.54975 5.24682 4.49824 4.42404 9.98865 4.03621 3.58675 2.53466
threshold=0.0071220746004734565 0.70008547981281344 8.5000000000000018 4.0147442189008524 0.21937360112525459 0.013065909420544643 -1.3106074175498266 0.011541026147528622 -0.0022464203112713128
decision_type=2 2 2 2 2 2 2 2 2
left_child=1 4 3 7 6 -6 -1 -2 -4
right_child=2 -3 8 -5 5 -7 -8 -9 -10
leaf_value=-0.006323402674226564 0.030411443281937317 0.012999323727285647 0.0087567031418944938 0 -0.022775124408835237 -0.00047014303701021701 0.01848866289558836 0.0032408583694979931 -0.011786368438075165
leaf_weight=12.192802146077158 17.915991678833965 10.154091596603392 7.7083689570426968 10.430296078324316 35.123801127076149 38.132003605365753 7.7153000384569159 7.9562757760286322 9.5498836487531644
leaf_count=49 72 41 31 42 142 154 31 32 39
internal_value=0 -0.00585366 0.0108933 0.0171362 -0.00829612 -0.011685 0.00341774 0.0234262 -0.00187545
internal_weight=156.879 103.318 53.5608 36.3026 93.1639 73.2558 19.9081 25.8723 17.2583
internal_count=633 417 216 146 376 296 80 104 70
is_linear=0
shrinkage=0.03


Tree=18
num_leaves=11
num_cat=0
split_feature=36 23 15 9 35 9 28 35 16 40
split_gain=10.7273 6.83035 8.46144 6.9035 6.49072 6.07739 4.97803 4.32517 6.99576 2.41574
threshold=0.0071220746004734565 0.8174397480697867 15.065224568132928 0.067707635488861426 0.053387747164957096 0.026153644627471041 8.5000000000000018 -0.057609767237490721 -1.0933914260044706 -0.0022464203112713128
decision_type=2 2 2 2 2 2 2 2 2 2
left_child=1 5 4 -4 -3 -1 7 -2 -9 -8
right_child=6 2 3 -5 -6 -7 9 8 -10 -11
leaf_value=0.027026171018776714 0.033568984914945955 -0.021849068558355774 0.022519271287624886 -0.0060097945345057076 0.00026885940196455011 -0.0049246579512189897 0.0085450229098982654 0.023912233208246092 -0.0042709966781912306 -0.011508566644089386
leaf_weight=7.9479912221431759 8.9218225330114347 41.222603589296341 9.1939310878515261 21.113753318786621 14.604991778731344 9.1735506206750852 7.7118342816829708 12.424842476844788 14.931380644440651 9.5354903787374479
leaf_count=32 36 167 37 85 59 37 31 50 60 39
internal_value=0 -0.00568048 -0.00921015 0.0030386 -0.0159943 0.0103982 0.0106164 0.0167002 0.00877553 -0.00180644
internal_weight=156.782 103.257 86.1353 30.3077 55.8276 17.1215 53.5254 36.278 27.3562 17.2473
internal_count=633 417 348 122 226 69 216 146 110 70
is_linear=0
shrinkage=0.03


Tree=19
num_leaves=12
num_cat=0
split_feature=36 7 12 11 1 37 23 26 11 34 37
split_gain=10.1536 6.56184 9.92192 8.0585 5.19463 4.9564 6.95448 5.01788 3.42356 1.76135 1.26379
threshold=0.0071220746004734565 -0.011425357584533327 48.340308603063569 -0.027645836154882582 -0.030711630200026981 0.052503169904171483 1.0153068971329449 0.26546616472209378 -0.0013640357705264059 -0.0083372371273247019 1.0000000180025095e-35
decision_type=2 2 2 2 2 2 2 2 2 2 2
left_child=1 4 10 -4 -1 6 9 -8 -6 -2 -3
right_child=5 2 3 -5 8 -7 7 -9 -10 -11 -12
leaf_value=-0.010331374301548015 0.013897800861407374 -0.0098650140583482222 0.020330945273875859 -0.0086297363870841016 -0.00034471051998764964 -0.0082649906571949198 0.011617917979740634 -0.015819062052891329 0.021630948304604429 0.036922842884020958 -0.033627121391287262
leaf_weight=10.428294777870176 15.045146003365515 7.3674182444810894 8.6576445847749692 41.609775111079216 8.4618261903524399 8.4109901040792447 14.149888113141062 7.429255098104476 13.679515406489372 8.4411204010248202 12.976367712020872
leaf_count=42 61 30 35 168 34 34 57 30 55 34 53
internal_value=0 -0.00550031 -0.0106138 -0.00276771 0.00512459 0.0103616 0.0143603 0.000995206 0.0132783 0.0250098 -0.0273464
internal_weight=156.657 103.181 70.6112 50.2674 32.5696 53.4764 45.0654 21.5791 22.1413 23.4863 20.3438
internal_count=633 417 286 203 131 216 182 87 89 95 83
is_linear=0
shrinkage=0.03


Tree=20
num_leaves=11
num_cat=0
split_feature=7 37 20 12 23 11 17 23 1 13
split_gain=10.6743 11.1231 14.031 10.1436 7.65051 7.52198 6.49276 2.61705 3.87242 0.307807
threshold=-0.011425357584533327 -0.0046578334528463708 0.019466325990445441 49.561105062602074 0.97349064278393083 0.061565519422376987 -2.8173974440503224 1.1787487892342676 -0.013449801647848645 0.1420973331896889
decision_type=2 2 2 2 2 2 2 2 2 2
left_child=6 4 3 -3 9 -4 -1 8 -8 -2
right_child=1 2 5 -5 -6 -7 7 -9 -10 -11
leaf_value=-0.0047858794780404777 0.011325655393885655 -0.020452850268742571 -0.023891515341055283 0.014697748745158903 -0.0083223902692816411 0.0019147367074730639 0.0061939890262002664 0.0013272445844029577 0.031845519909871424 0.032406664023068937
leaf_weight=12.420126900076864 7.42312900722027 7.8392383009195319 42.808418959379196 26.339977815747261 7.4054490476846686 11.434051454067228 11.437711551785467 8.2175325453281385 16.378309041261677 7.4265501648187637
leaf_count=50 30 32 174 106 30 46 46 33 66 30
internal_value=0.000915118 -0.00413212 -0.00900807 0.00553615 0.0137674 -0.0183103 0.012448 0.0187219 0.0229239 0.025354
internal_weight=159.13 110.677 88.4217 34.1792 22.2551 54.2425 48.4537 36.0336 27.816 14.8497
internal_count=643 448 358 138 90 220 195 145 112 60
is_linear=0
shrinkage=0.03


Tree=21
num_leaves=9
num_cat=0
split_feature=37 19 36 19 4 20 2 14
split_gain=9.87467 8.51905 7.90782 5.44613 4.75079 5.47024 4.29553 3.33572
threshold=0.053073017408123764 0.11478565661208888 0.0071638962918784792 0.068054612569386705 -0.011407340768304795 0.019977135142009699 0.0048115894848214111 -5.1463988053957328
decision_type=2 2 2 2 2 2 2 2
left_child=2 -2 4 -4 7 -6 -5 -1
right_child=1 -3 3 6 5 -7 -8 -9
leaf_value=-0.00044969068737531762 -0.037306235112947311 0 -0.0062260399049633404 0.02785958561046491 0.0043481476801073794 -0.013969261719828841 0.0059559759986700846 0.016690297475764712
leaf_weight=20.275943741202354 8.372082859277727 13.150052949786184 7.8894443064928046 19.829155132174492 22.073962315917015 33.484988078474998 18.293760299682617 15.616882652044294
leaf_count=82 34 53 32 80 89 136 74 63
internal_value=0.000909621 -0.0169629 0.00401852 0.0139016 -0.000984553 -0.00653281 0.0185435 0.00709933
internal_weight=158.986 21.5221 137.464 46.0124 91.4518 55.559 38.1229 35.8928
internal_count=643 87 556 186 370 225 154 145
is_linear=0
shrinkage=0.03


Tree=22
num_leaves=8
num_cat=0
split_feature=34 38 37 19 16 19 38
split_gain=9.69739 10.4959 10.3105 7.51899 5.48912 3.86183 0.421703
threshold=-0.037518279428509486 0.0066785424997837335 0.053073017408123764 0.089409162785017024 4.2739052938862514 0.11478565661208888 0.0097999844150179396
decision_type=2 2 2 2 2 2 2
left_child=6 4 3 -3 -2 -4 -1
right_child=1 2 5 -5 -6 -7 -8
leaf_value=0.0093268520590000428 0 0.0086218248016360442 -0.03862853690664541 -0.0071871521151776994 0.033775007307570583 -0.0078383846374784662 0.029309789446552284
leaf_weight=7.3995455354452115 8.430932432413103 42.540317416191101 7.8563671708107021 66.404826059937477 8.4602286368608457 10.406840056180952 7.4001277238130569
leaf_count=30 34 172 32 269 34 42 30
internal_value=0.000876487 -0.00152059 -0.00464834 -0.000834801 0.0192389 -0.0243292 0.0225114
internal_weight=158.899 144.1 127.208 108.945 16.8912 18.2632 14.7997
internal_count=643 583 515 441 68 74 60
is_linear=0
shrinkage=0.03


Tree=23
num_leaves=12
num_cat=0
split_feature=7 28 36 40 17 23 28 21 21 8 15
split_gain=9.84777 7.45537 11.5532 8.47236 6.05315 5.94103 8.4384 5.41784 3.42924 2.68794 3.4083
threshold=-0.011425357584533327 5.5000000000000009 0.0066063857072216113 0.040036700403983001 -2.8173974440503224 1.0259864633644342 8.5000000000000018 0.019553012268660696 0.014388461540646387 -0.01922272021660772 -8.6485533634811755
decision_type=2 2 2 2 2 2 2 2 2 2 2
left_child=4 2 3 -2 -1 6 -3 -7 -4 10 -6
right_child=1 5 8 -5 9 7 -8 -9 -10 -11 -12
leaf_value=-0.0046643205310094521 -0.024529926981269819 0.0097314768461771797 0.031216572547144588 0.0082637339694055113 0.020189354089709052 -0.031646222899163898 -0.01631671085767801 -0.00013133925194594171 0.0056085532181074163 0.031598977362497151 0
leaf_weight=12.410211414098738 12.614364936947824 20.601170673966408 10.395052105188372 11.396079361438749 13.654529869556425 15.231677725911142 19.768078446388245 8.2474146932363492 12.149883583188055 9.4511501044034976 12.882658094167708
leaf_count=50 51 83 42 46 55 62 81 34 49 38 52
internal_value=0.00086275 -0.00398919 0.00480902 -0.00894978 0.0119474 -0.0105835 -0.00283792 -0.0220441 0.0196086 0.0180146 0.0107755
internal_weight=158.802 110.404 46.5554 24.0104 48.3985 63.8483 40.3692 23.4791 22.5449 35.9883 26.5372
internal_count=643 448 188 97 195 260 164 96 91 145 107
is_linear=0
shrinkage=0.03


Tree=24
num_leaves=11
num_cat=0
split_feature=7 37 20 11 11 23 17 8 15 0
split_gain=9.34012 10.3205 12.414 7.57329 7.20059 7.09341 5.76296 2.55756 3.23934 0.255384
threshold=-0.011425357584533327 -0.0046578334528463708 0.019466325990445441 0.042723795292785589 0.061565519422376987 0.97349064278393083 -2.8173974440503224 -0.01922272021660772 -8.6485533634811755 0.0018042441172532178
decision_type=2 2 2 2 2 2 2 2 2 2
left_child=6 5 3 -3 -4 9 -1 8 -8 -2
right_child=1 2 4 -5 -6 -7 7 -9 -10 -11
leaf_value=-0.0045447609068863934 0.010962666738812315 0.012936577500684021 -0.022865391448294484 -0.017604194297525428 0.002350689625526666 -0.007887040180073638 0.019668622975623062 0.030841420500835506 0 0.031344014625078104
leaf_weight=12.407248347997664 7.4161460399627703 26.44980263710022 42.565509021282196 7.637299269437789 11.414615213871 7.3858785927295676 13.648590132594107 9.4420533478260058 12.882658094167708 7.3889957666397095
leaf_count=50 30 107 174 31 46 30 55 38 52 30
internal_value=0.000846899 -0.00388034 -0.00859456 0.00508177 -0.0173718 0.0133722 0.0116443 0.0175682 0.0104879 0.0245469
internal_weight=158.639 110.258 88.0672 34.0871 53.9801 22.191 48.3805 35.9733 26.5312 14.8051
internal_count=643 448 358 138 220 90 195 145 107 60
is_linear=0
shrinkage=0.03


Tree=25
num_leaves=9
num_cat=0
split_feature=38 23 21 21 14 34 38 0
split_gain=9.80283 8.93096 9.41144 10.6919 7.53549 6.50212 4.33729 3.14664
threshold=0.006443758591191711 0.98754106856284463 0.015447704882780794 0.021564629547081677 7.1585394854206479 0.0012352704006407535 0.0083726253616534987 0.0049734403836574357
decision_type=2 2 2 2 2 2 2 2
left_child=-1 2 4 -4 -2 7 -7 -3
right_child=1 5 3 -5 -6 6 -8 -9
leaf_value=0.024155873144764761 0.0040761545333223674 0.008726358130937608 0.021806359801114103 -0.0066249282604487958 -0.024007813476764062 -0.00055212467104393339 -0.023739846841693946 -0.011209767034738478
leaf_weight=11.628057673573492 17.273347109556202 16.596378877758983 32.71948815882206 15.921697556972502 13.071380764245985 11.423368036746977 28.552343592047691 9.3783147335052472
leaf_count=47 70 67 132 65 53 46 117 38
internal_value=-8.63079e-05 -0.00243563 0.00419957 0.0123097 -0.00829408 -0.0104928 -0.0178131 0.000705295
internal_weight=156.564 144.936 78.9859 48.6412 30.3447 65.9504 39.9757 25.9747
internal_count=635 588 320 197 123 268 163 105
is_linear=0
shrinkage=0.03


Tree=26
num_leaves=8
num_cat=0
split_feature=38 23 21 21 2 9 24
split_gain=9.321 8.4408 8.88737 10.1096 6.37531 3.91539 3.2276
threshold=0.006443758591191711 0.98754106856284463 0.015447704882780794 0.021564629547081677 -0.02992667983123409 0.041746348649086738 0.59878048780487814
decision_type=2 2 2 2 2 2 2
left_child=-1 2 5 -4 -3 -2 -6
right_child=1 4 3 -5 6 -7 -8
leaf_value=0.023561794476825815 0 0.0071204763346491501 0.021180839031994837 -0.0064496278046826524 -0.018416267851933944 -0.021789676858750349 0
leaf_weight=11.614237397909163 20.459948584437374 12.888895481824873 32.734020665287971 15.918227195739744 42.163606151938438 9.8602985292673093 10.810600280761717
leaf_count=47 83 52 132 65 172 40 44
internal_value=-8.68175e-05 -0.00238043 0.004065 0.0119468 -0.0102218 -0.0080747 -0.0148197
internal_weight=156.45 144.836 78.9725 48.6522 65.8631 30.3202 52.9742
internal_count=635 588 320 197 268 123 216
is_linear=0
shrinkage=0.03


Tree=27
num_leaves=7
num_cat=0
split_feature=38 37 14 22 38 7
split_gain=8.85916 7.51455 8.07295 7.78487 7.23531 7.08034
threshold=0.006443758591191711 0.053073017408123764 20.160875894284235 -0.24487774497645579 0.011028996609989928 -0.0051234140095755571
decision_type=2 2 2 2 2 2
left_child=-1 3 -3 4 -2 -5
right_child=1 2 -4 5 -6 -7
leaf_value=0.022987284099158761 -0.022826455144902738 -0.038033588315844614 0 0.012714075931279128 0.0081928143555944112 -0.0028719885194096583
leaf_weight=11.597604289650915 19.172164246439937 8.2387582957744616 9.4239580631256086 45.893193766474724 7.8394154906272879 54.184976398944855
leaf_count=47 78 34 38 185 32 221
internal_value=-8.03384e-05 -0.00231883 -0.0195891 0.000231483 -0.0133627 0.00423749
internal_weight=156.35 144.752 17.6627 127.09 27.0116 100.078
internal_count=635 588 72 516 110 406
is_linear=0
shrinkage=0.03


Tree=28
num_leaves=7
num_cat=0
split_feature=38 37 14 22 38 21
split_gain=8.42803 7.16915 7.74808 7.34669 6.88625 5.92205
threshold=0.006443758591191711 0.053073017408123764 20.160875894284235 -0.24487774497645579 0.011028996609989928 0.014979000211250908
decision_type=2 2 2 2 2 2
left_child=-1 3 -3 4 -2 -5
right_child=1 2 -4 5 -6 -7
leaf_value=0.022431263775444962 -0.022248680793097157 -0.037294423824654928 0 -0.0063941218365282 0.0079965451369845373 0.0089401763838117716
leaf_weight=11.578393265604971 19.1324796974659 8.1903527975082415 9.4239580631256086 30.323902547359467 7.8399524986743918 69.743703454732895
leaf_count=47 78 34 38 123 32 283
internal_value=-8.20792e-05 -0.0022677 -0.0191596 0.000218802 -0.0129946 0.00411216
internal_weight=156.233 144.654 17.6143 127.04 26.9724 100.068
internal_count=635 588 72 516 110 406
is_linear=0
shrinkage=0.03


Tree=29
num_leaves=7
num_cat=0
split_feature=38 37 15 22 7 38
split_gain=8.02125 6.83953 8.13018 6.92947 6.66947 6.55552
threshold=0.006443758591191711 0.053073017408123764 18.400573352117643 -0.24487774497645579 -0.0051234140095755571 0.011028996609989928
decision_type=2 2 2 2 2 2
left_child=-1 3 -3 5 -5 -2
right_child=1 2 -4 4 -6 -7
leaf_value=0.021892742620904206 -0.021689413231001601 -0.035672032701124651 0.0014843906965901551 0.012217709329327659 -0.0029065995139492397 0.0078051780156766053
leaf_weight=11.556825339794157 19.089265689253811 9.1333017498254794 8.4284063130617124 45.893208965659142 54.189132899045944 7.8402377665042868
leaf_count=47 78 38 34 185 221 32
internal_value=-8.63501e-05 -0.00222039 -0.0187442 0.000203214 0.00398527 -0.0126379
internal_weight=156.13 144.574 17.5617 127.012 100.082 26.9295
internal_count=635 588 72 516 406 110
is_linear=0
shrinkage=0.03


Tree=30
num_leaves=7
num_cat=0
split_feature=20 15 37 23 36 10
split_gain=7.36173 7.07823 11.2964 10.2593 6.40206 4.96304
threshold=0.033376045278494075 16.683565297073791 0.050501197974257568 0.82952383712086752 0.0069045371770665182 0.041258434728121081
decision_type=2 2 2 2 2 2
left_child=1 2 3 -1 5 -3
right_child=-2 4 -4 -5 -6 -7
leaf_value=0.020049681315045805 0.025138928218331476 0.0091900670534156778 -0.031107772791483523 -0.0058117497291079916 0.027540019074520087 -0.015977056754700555
leaf_weight=14.54812331497669 8.3261791467666608 20.743287131190304 11.300847455859182 79.301310464739799 10.373673111200331 8.107782840728758
leaf_count=59 34 84 47 323 42 33
internal_value=0.000603757 -0.00103288 -0.00517477 -0.00131162 0.00941888 0.00105409
internal_weight=152.701 144.375 105.15 93.8494 39.2247 28.8511
internal_count=622 588 429 382 159 117
is_linear=0
shrinkage=0.03


Tree=31
num_leaves=9
num_cat=0
split_feature=28 14 15 14 23 23 0 38
split_gain=9.14287 7.48327 7.48663 8.5928 7.12479 5.1721 3.77665 4.06375
threshold=8.5000000000000018 41.797784756139215 16.08452598891316 8.2776139981100432 0.81883041051789751 0.93677577245717558 0.016077628939404679 0.011028996609989928
decision_type=2 2 2 2 2 2 2 2
left_child=1 2 3 -1 -2 -4 7 -6
right_child=4 -3 5 -5 6 -7 -8 -9
leaf_value=0.0094751861840816545 0.013078002113002026 -0.015649215755898421 0.0021574245017377141 -0.014934324464776511 -0.024191070803941193 0.033967809220937326 0.0018024884909910632 -0.00074551917570516422
leaf_weight=51.456363677978516 8.5882345438003522 10.318317815661429 8.4497128576040286 14.904245465993879 25.641019716858864 13.556695014238356 8.9555170834064466 10.717103391885756
leaf_count=209 35 42 34 61 105 55 37 44
internal_value=0.000597257 0.00608087 0.0090744 0.00349698 -0.00903237 0.0235758 -0.0139156 -0.0180704
internal_weight=152.587 98.6853 88.367 66.3606 53.9019 22.0064 45.3136 36.3581
internal_count=622 401 359 270 221 89 186 149
is_linear=0
shrinkage=0.03


Tree=32
num_leaves=10
num_cat=0
split_feature=28 36 25 2 23 20 13 20 22
split_gain=8.62557 7.15415 7.75882 8.84357 6.7725 5.94932 5.88445 4.65256 0.568503
threshold=8.5000000000000018 0.0072988205354130925 0.095565706316505641 0.00063848680596279028 0.81883041051789751 0.029048815001864816 2.3557087951912128 0.017463244830418626 0.076858639833872214
decision_type=2 2 2 2 2 2 2 2 2
left_child=1 2 -1 -4 -2 7 8 -6 -3
right_child=4 6 3 -5 5 -7 -8 -9 -10
leaf_value=0.017921457831477052 0.01275561295753321 0.029833720325833337 0.0068548819464299806 -0.01752800389262163 0 0.0068992340366296461 0 -0.02395879769888562 0.010457621710819931
leaf_weight=14.074424579739569 8.5916319787502271 14.473822489380838 22.986367285251617 26.009341835975647 8.0756324380636197 8.2956870943307859 13.018791809678076 28.874637499451637 8.0569482743740064
leaf_count=57 35 59 93 106 33 34 53 119 33
internal_value=0.000581641 0.00591133 -2.44679e-05 -0.00597441 -0.00877469 -0.0135474 0.0162822 -0.0186415 0.0249339
internal_weight=152.457 98.6197 63.0701 48.9957 53.8376 45.246 35.5496 36.9503 22.5308
internal_count=622 401 256 199 221 186 145 152 92
is_linear=0
shrinkage=0.03


Tree=33
num_leaves=10
num_cat=0
split_feature=28 36 25 2 13 35 35 20 20
split_gain=8.14807 6.79521 7.34445 8.37501 5.60915 4.97215 3.4989 3.55302 0.610545
threshold=8.5000000000000018 0.0072988205354130925 0.095565706316505641 0.00063848680596279028 2.3557087951912128 0.068911875297431271 -0.04314303061066576 0.017717800271466293 0.023054189601509654
decision_type=2 2 2 2 2 2 2 2 2
left_child=1 2 -1 -4 8 6 -2 -8 -3
right_child=5 4 3 -5 -6 -7 7 -9 -10
leaf_value=0.017446410862632419 0.0035781519069000623 0.031681190223191769 0.0066651353349361335 -0.017062400408237557 0 0.010084229110907157 0.00053633268677840708 -0.020586550861399794 0.012975151208330133
leaf_weight=14.078318387269972 7.7687212377786627 10.700199261307718 22.988436624407768 25.972651466727257 13.018791809678076 8.395623639225958 7.3397414386272422 30.255770578980446 11.782245650887488
leaf_count=57 32 44 93 106 53 34 30 125 48
internal_value=0.000592772 0.00577582 -3.38747e-06 -0.00580304 0.0158908 -0.00850504 -0.0125426 -0.0162651 0.0243515
internal_weight=152.301 98.5406 63.0394 48.9611 35.5012 53.7599 45.3642 37.5955 22.4824
internal_count=622 401 256 199 145 221 187 155 92
is_linear=0
shrinkage=0.03


Tree=34
num_leaves=9
num_cat=0
split_feature=28 14 15 14 23 23 35 23
split_gain=7.70213 6.87705 7.16077 7.97766 6.40622 4.82247 4.28768 2.58824
threshold=8.5000000000000018 41.797784756139215 16.08452598891316 8.2776139981100432 0.81883041051789751 0.93677577245717558 0.063860315301012341 1.0944789293329618
decision_type=2 2 2 2 2 2 2 2
left_child=1 2 3 -1 -2 -4 7 -6
right_child=4 -3 5 -5 6 -7 -8 -9
leaf_value=0.0088632130890074923 0.012657605662853743 -0.015185844755388216 0.0020017717487501052 -0.014681265007596872 -0.023765823373193856 0.032792743224462462 0.0035788699785993697 -0.0049591992800240865
leaf_weight=51.351774156093597 8.5924873203039152 10.291729032993315 8.4436797350645083 14.870746016502379 21.907831534743309 13.487056881189345 9.1121788620948774 14.076440334320067
leaf_count=209 35 42 34 61 91 55 37 58
internal_value=0.000604811 0.0056478 0.0085294 0.00308086 -0.00824349 0.0227226 -0.0129128 -0.0174524
internal_weight=152.134 98.445 88.1533 66.2225 53.6889 21.9307 45.0965 35.9843
internal_count=622 401 359 270 221 89 186 149
is_linear=0
shrinkage=0.03


Tree=35
num_leaves=6
num_cat=0
split_feature=18 31 34 21 38
split_gain=8.94199 10.712 11.6894 6.17806 3.81926
threshold=0.90881964555820083 2.5000000000000004 -0.037518279428509486 0.019007752638933995 0.0076160196561081746
decision_type=2 2 2 2 2
left_child=1 2 -1 -4 -2
right_child=4 -3 3 -5 -6
leaf_value=0.025012313320539735 0.031197371162954065 -0.027178800451639819 0.0017888191361387109 -0.01297534947960995 0.0020664474700210068
leaf_weight=13.42315351963043 9.0490598529577273 11.975832536816595 77.838973298668861 34.805505231022835 8.7656962722539884
leaf_count=55 37 50 317 143 36
internal_value=0.000336529 -0.00224091 0.000398398 -0.00278903 0.019276
internal_weight=155.858 138.043 126.068 112.644 17.8148
internal_count=638 565 515 460 73
is_linear=0
shrinkage=0.03


Tree=36
num_leaves=10
num_cat=0
split_feature=34 12 20 7 28 21 0 9 24
split_gain=6.99763 8.44798 8.5134 8.34638 7.75255 7.66113 4.69802 3.65072 3.54254
threshold=-0.037518279428509486 52.033350672638157 0.018605341156525717 -0.0051234140095755571 6.5000000000000009 0.019007752638933995 0.0038633468134361419 0.039647926545005277 0.3201092258826464
decision_type=2 2 2 2 2 2 2 2 2
left_child=6 3 7 5 -4 -2 -1 -3 -5
right_child=1 2 4 8 -6 -7 -8 -9 -10
leaf_value=0.030554241450435518 0.0096439930645206146 0.036636891538439756 0.01004226788075557 -0.0279399125019681 -0.01325228789413924 -0.014675616980461444 0 0.0068789983168977727 -0.0041757526485985625
leaf_weight=8.7946660816669482 26.615660101175308 7.3841662406921413 24.897542610764503 18.830517366528515 22.459282532334328 17.656871601939201 7.2894423007965079 10.701445788145064 11.100475832819937
leaf_count=36 108 30 101 78 93 72 30 44 46
internal_value=0.000337111 -0.00181483 0.0058146 -0.00871632 -0.000790754 0 0.0179847 0.0222139 -0.0204099
internal_weight=155.73 139.646 65.4424 74.2035 47.3568 44.2725 16.0841 18.0856 29.931
internal_count=638 572 268 304 194 180 66 74 124
is_linear=0
shrinkage=0.03


Tree=37
num_leaves=7
num_cat=0
split_feature=26 18 31 34 38 3
split_gain=8.73159 6.4184 8.44201 8.88937 3.58997 3.48684
threshold=0.5194913434946774 0.88825822839207258 2.5000000000000004 -0.037518279428509486 0.0092596370726621951 0.048447440708506047
decision_type=2 2 2 2 2 2
left_child=1 2 3 -1 -2 -3
right_child=4 5 -4 -5 -6 -7
leaf_value=0.024705021674468673 -0.00097132249665010835 0.029823774234434094 -0.023071363521157313 -5.854776916946163e-05 -0.028682880262906857 0.0012538980702772357
leaf_weight=12.872630923986433 8.5776320099830645 9.5026376992464083 10.285904631018637 96.678679123520851 9.8470900654792768 7.7906184494495383
leaf_count=53 35 39 43 395 41 32
internal_value=0.00033921 0.00311598 0.000395599 0.00310755 -0.0178746 0.0191947
internal_weight=155.555 137.13 119.837 109.551 18.4247 17.2933
internal_count=638 562 491 448 76 71
is_linear=0
shrinkage=0.03


Tree=38
num_leaves=9
num_cat=0
split_feature=26 12 4 36 36 38 38 38
split_gain=8.32957 5.58139 7.35184 6.71477 5.18942 4.95027 4.03139 3.41861
threshold=0.5194913434946774 48.500737901715901 -0.047822451749723376 0.0066311649103793432 0.0043951021736457737 0.0088339553591261707 0.0096552481954754448 0.0092596370726621951
decision_type=2 2 2 2 2 2 2 2
left_child=1 2 3 -1 -3 -6 -4 -2
right_child=7 4 6 -5 5 -7 -8 -9
leaf_value=-0.0066468200221135301 -0.00094772132389292453 -0.011966729808074835 -0.017552850273729693 0.024652576776709199 0.019325914049988412 0.0020473347000248125 0 -0.028057433585799235
leaf_weight=9.0472536981105822 8.5773147195577639 7.2987009137868872 24.712929427623749 11.496563360095022 33.698593154549599 30.240650072693825 20.564540952444077 9.8097470700740796
leaf_count=37 35 30 101 47 137 125 85 41
internal_value=0.000324632 0.00303818 -0.00305439 0.0108365 0.008802 0.0116913 -0.00986619 -0.0174805
internal_weight=155.446 137.059 65.8213 20.5438 71.2379 63.9392 45.2775 18.3871
internal_count=638 562 270 84 292 262 186 76
is_linear=0
shrinkage=0.03


Tree=39
num_leaves=10
num_cat=0
split_feature=26 23 33 14 19 21 19 14 40
split_gain=7.9378 5.36043 8.63245 8.00262 4.52353 6.64068 3.87449 3.82449 3.71924
threshold=0.5194913434946774 0.98754106856284463 0.82390678768677517 -21.676082783644912 0.090128122018087384 0.015424730591213342 0.1330259315434926 24.687980951166654 0.021619436998289724
decision_type=2 2 2 2 2 2 2 2 2
left_child=1 4 3 -3 5 -1 -6 -4 -2
right_child=8 2 7 -5 6 -7 -8 -9 -10
leaf_value=0.0029885633841566397 -0.028448310429441168 0.0092428230385370198 -0.0007148903276720538 -0.017257266079386852 -0.0049690000046719368 0.033596217837228541 0.011427957942186831 0.025319616112197563 -0.00057655237440186436
leaf_weight=15.467066764831545 9.4814093858003634 11.995230376720427 7.255101993680003 34.457015216350555 26.300469860434532 11.27535620331764 21.207464471459389 9.0053854882717115 8.8653883486986143
leaf_count=63 39 49 30 142 108 46 87 37 37
internal_value=0.000299687 0.00295067 -0.00328772 -0.0100056 0.00836445 0.0178553 0.00221356 0.0140761 -0.0170981
internal_weight=155.31 136.963 62.7127 46.4522 74.2504 26.7424 47.5079 16.2605 18.3468
internal_count=638 562 258 191 304 109 195 67 76
is_linear=0
shrinkage=0.03


Tree=40
num_leaves=8
num_cat=0
split_feature=35 15 37 13 40 4 35
split_gain=6.94101 7.72825 7.21075 5.80925 5.17956 10.4257 0.983648
threshold=-0.074993290334517557 17.767617373551975 0.050128477521635968 -3.3453741718227579 0.046241342591128894 -0.012720810885375354 0.023381480070996056
decision_type=2 2 2 2 2 2 2
left_child=-1 2 3 -2 5 -3 -6
right_child=1 4 -4 -5 6 -7 -8
leaf_value=0.019707505369135077 0.0069973639015441323 0.023617795276928154 -0.027634352494720002 -0.0088589163333111422 0.028531519097214245 -0.015535035136677488 0.0069099519990975496
leaf_weight=10.815030083060263 26.942163437604904 7.6208913922309884 12.141134873032568 67.534214034676552 7.3706106841564161 14.693011850118637 7.4051722437143326
leaf_count=45 110 31 51 278 30 60 30
internal_value=-0.00131907 -0.0032532 -0.00740452 -0.00413033 0.00806465 -0.000703395 0.0207053
internal_weight=154.522 143.707 106.618 94.4764 37.0897 22.3139 14.7758
internal_count=635 590 439 388 151 91 60
is_linear=0
shrinkage=0.03


Tree=41
num_leaves=12
num_cat=0
split_feature=13 11 15 4 24 4 25 25 25 24 21
split_gain=6.21358 4.90448 6.78524 5.78496 4.54937 4.26048 3.52139 2.96946 2.78452 2.34928 2.26753
threshold=-1.5284467714022509 0.017051193530913337 -0.72425503227612364 0.044275984630105743 0.21498599439775914 -0.027489415005353787 0.1498029207251618 0.20864427860696519 0.43534002229654406 0.61024305555555569 0.015284714694446493
decision_type=2 2 2 2 2 2 2 2 2 2 2
left_child=4 2 3 -2 5 7 -7 -1 9 -3 -4
right_child=1 8 10 -5 -6 6 -8 -9 -10 -11 -12
leaf_value=0.021565824186876387 -0.0094205955008388412 0.014777446212666325 -0.0079255969200732763 0.016596416543405122 0.020219455893249357 -0.016161104022664553 0.002622260171456987 -0.00033019944856271035 -0.010375733492769662 -0.0025761271450544911 -0.035713358879660997
leaf_weight=10.124032989144327 35.425139218568802 15.18531751632691 7.4644829034805324 7.4736014753580085 13.190203145146368 13.120904207229616 18.439805537462234 7.8129481971263877 7.8208863735198966 8.8467590212821943 9.4877928048372251
leaf_count=41 147 62 31 31 54 54 76 32 32 36 39
internal_value=-0.00125911 -0.00625913 -0.0112467 -0.00401658 0.00579073 0.00101854 -0.00523743 0.0121997 0.00278007 0.00810586 -0.0263968
internal_weight=154.392 91.704 59.851 42.8987 62.6879 49.4977 31.5607 17.937 31.853 24.0321 16.9523
internal_count=635 378 248 178 257 203 130 73 130 98 70
is_linear=0
shrinkage=0.03


Tree=42
num_leaves=9
num_cat=0
split_feature=13 40 11 20 24 9 23 20
split_gain=5.90945 5.70102 7.05844 4.52255 4.33597 4.6133 4.83751 3.84879
threshold=-1.5284467714022509 -0.039438904463816864 0.017051193530913337 0.023541972260850221 0.40767045454545464 -0.057361540605512358 0.98619978450086598 0.019302494156434646
decision_type=2 2 2 2 2 2 2 2
left_child=4 -2 7 -4 5 -1 -7 -3
right_child=1 2 3 -5 -6 6 -8 -9
leaf_value=0.02018569050248175 0.01252822315333511 0 0.0092945934878182687 -0.014453447882682345 0.024148649520982328 0.0064014156086221654 -0.012177989891300599 -0.020063550587977624
leaf_weight=8.3900125622749311 10.526368737220762 12.13796630501747 22.295013174414638 8.0678983181714994 7.844743847846984 25.809043750166893 20.619408890604973 38.599363327026367
leaf_count=34 43 50 91 33 32 106 85 161
internal_value=-0.00122778 -0.00610847 -0.00895122 0.00201763 0.00564502 0.00197626 -0.00170234 -0.0156274
internal_weight=154.29 91.6266 81.1002 30.3629 62.6632 54.8185 46.4285 50.7373
internal_count=635 378 335 124 257 225 191 211
is_linear=0
shrinkage=0.03


Tree=43
num_leaves=8
num_cat=0
split_feature=35 15 23 13 20 36 1
split_gain=6.44029 7.06063 7.97088 5.21708 4.84294 6.37681 2.58672
threshold=-0.074993290334517557 17.767617373551975 0.81883041051789751 -3.3453741718227579 0.023054189601509654 0.0045450106682876487 0.004433440435539838
decision_type=2 2 2 2 2 2 2
left_child=-1 2 6 -4 5 -3 -2
right_child=1 4 3 -5 -6 -7 -8
leaf_value=0.019112091277199691 0.020752820619822015 -0.0050771259622645216 0.00013162522565731956 -0.015074689010870843 -0.0069569625045031516 0.024226384670283884 -0.00051391399689885606
leaf_weight=10.769800141453741 8.5681421607732755 8.0839850604534167 26.495169147849083 63.953821867704391 11.270371884107588 17.683700054883957 7.317805051803588
leaf_count=45 35 33 109 265 46 72 30
internal_value=-0.00117552 -0.00304463 -0.00702407 -0.0105516 0.00777051 0.0147894 0.0111557
internal_weight=154.143 143.373 106.335 90.449 37.0381 25.7677 15.8859
internal_count=635 590 439 374 151 105 65
is_linear=0
shrinkage=0.03


Tree=44
num_leaves=7
num_cat=0
split_feature=35 15 37 13 9 13
split_gain=6.11493 6.64185 6.85873 4.77434 4.24013 3.55022
threshold=-0.074993290334517557 17.767617373551975 0.050128477521635968 -3.3453741718227579 0.11681944761644525 -3.172465398002529
decision_type=2 2 2 2 2 2
left_child=-1 2 3 -2 5 -3
right_child=1 4 -4 -5 -6 -7
leaf_value=0.018654711394534004 0.006433283580438297 0 -0.026582381089107113 -0.007938404411028532 -0.0058066812189658699 0.022302105419703674
leaf_weight=10.752143830060957 26.92036771774292 9.5901603698730451 12.055333301424978 67.258654728531837 11.800711899995802 15.618256390094759
leaf_count=45 110 39 51 278 48 64
internal_value=-0.00112441 -0.00294878 -0.00681276 -0.00362605 0.00753884 0.0143051
internal_weight=153.996 143.243 106.234 94.179 37.0091 25.2084
internal_count=635 590 439 388 151 103
is_linear=0
shrinkage=0.03


Tree=45
num_leaves=9
num_cat=0
split_feature=37 15 19 19 2 25 35 16
split_gain=7.05611 8.5057 7.22049 9.90763 8.12458 6.90838 4.62142 4.50478
threshold=0.052503169904171483 17.431550183724919 0.089409162785017024 0.077828794483537786 -0.010702018031303549 0.27877594749252627 -0.017466213472270949 2.4067055735608487
decision_type=2 2 2 2 2 2 2 2
left_child=2 -2 3 7 6 -6 -4 -1
right_child=1 -3 4 -5 5 -7 -8 -9
leaf_value=-0.0032727174607672504 -0.027750155086905055 0.0061038232547151018 -0.0064390105419974905 0.031291662673271409 -0.017833009280091908 0.0033677875894179161 0.017607238647658799 0.018200710355451729
leaf_weight=24.804306700825691 12.33385029435158 10.305772781372069 7.8184540569782284 16.573766842484474 27.289490163326263 23.332358077168465 22.860407814383507 10.699555873870848
leaf_count=101 53 42 32 68 113 97 93 44
internal_value=0.00214826 -0.0124862 0.00489087 0.0133997 -0.000570268 -0.00801959 0.0110011 0.00342413
internal_weight=156.018 22.6396 133.378 52.0776 81.3007 50.6218 30.6789 35.5039
internal_count=643 95 548 213 335 210 125 145
is_linear=0
shrinkage=0.03


Tree=46
num_leaves=7
num_cat=0
split_feature=40 28 4 12 0 12
split_gain=7.67123 5.7172 8.21639 5.37849 2.85927 3.3637
threshold=0.089496387461070817 10.500000000000002 0.085023340291128138 52.919649604609532 0.0035603362683214184 42.323607581174748
decision_type=2 2 2 2 2 2
left_child=1 2 3 -1 5 -3
right_child=-2 4 -4 -5 -6 -7
leaf_value=0.0029436415487958767 -0.022642744645109278 -0.010062039358872661 -0.017304591036299107 0.016713586556243706 -0.017487422603092009 0.013917817998553407
leaf_weight=60.804945647716522 8.4082484394311887 9.7523122876882606 9.2903203070163709 48.133941039443016 12.009732827544211 7.4858877211809149
leaf_count=249 36 40 39 197 51 31
internal_value=0.00209344 0.00388819 0.00688201 0.00935464 -0.00739964 0
internal_weight=155.885 147.477 118.229 108.939 29.2479 17.2382
internal_count=643 607 485 446 122 71
is_linear=0
shrinkage=0.03


Tree=47
num_leaves=6
num_cat=0
split_feature=40 21 28 11 23
split_gain=7.30958 5.68427 5.5524 5.85029 4.41101
threshold=0.089496387461070817 0.029102923663825216 10.500000000000002 0.032456379250642715 0.85545098874080983
decision_type=2 2 2 2 2
left_child=1 2 3 -1 -4
right_child=-2 -3 4 -5 -6
leaf_value=0.0097695728480592277 -0.022175397491784866 0.021828192549793242 0.0074642599519872139 -0.00475052806259001 -0.016517922381079346
leaf_weight=72.330910637974739 8.3706109225749952 12.340215936303137 7.5538808405399349 34.548286467790604 20.658544689416885
leaf_count=297 36 51 31 141 87
internal_value=0.00201294 0.00376506 0.00171125 0.00493719 -0.00953116
internal_weight=155.802 147.432 135.092 106.879 28.2124
internal_count=643 607 556 438 118
is_linear=0
shrinkage=0.03


Tree=48
num_leaves=10
num_cat=0
split_feature=37 7 12 14 10 33 26 33 37
split_gain=6.39426 6.94742 9.06855 7.97887 6.87192 6.34321 4.67962 4.27215 2.08852
threshold=0.052503169904171483 0.0028538601291606537 52.919649604609532 4.7067854491548369 0.031749990484255093 0.18340531523502665 0.44126921560898708 0.063271763926705429 -0.00076089866575368415
decision_type=2 2 2 2 2 2 2 2 2
left_child=1 5 8 -4 -2 7 -7 -1 -3
right_child=4 2 3 -5 -6 6 -8 -9 -10
leaf_value=0.014430508814308391 -0.025731255603763114 -0.0045168485954199637 0.025550555430556118 -0.0034265538072614488 0.0047274648703369932 0.021944004559622581 0 -0.0080558151301039077 -0.026284801639782817
leaf_weight=9.4175205975770968 12.273686841130258 9.8687255829572695 10.45193015038967 24.043821513652802 10.227902859449385 36.155568301677704 11.367302447557448 20.613600313663483 11.258235812187193
leaf_count=38 53 41 43 99 42 148 47 84 48
internal_value=0.00194945 0.00456335 -0.00326583 0.00586132 -0.0120185 0.010308 0.0169105 -7.52503e-05 -0.0180352
internal_weight=155.678 133.177 55.6227 34.4958 22.5016 77.554 47.5229 30.0311 21.127
internal_count=643 548 231 142 95 317 195 122 89
is_linear=0
shrinkage=0.03


Tree=49
num_leaves=9
num_cat=0
split_feature=37 15 9 28 12 37 26 26
split_gain=6.05644 8.0294 4.82489 8.50807 5.49917 3.66745 3.77752 3.64395
threshold=0.052503169904171483 17.431550183724919 0.044557445992352916 10.500000000000002 52.919649604609532 0.025336515896771109 0.24924013541009496 0.093933823529411778
decision_type=2 2 2 2 2 2 2 2
left_child=2 -2 3 4 -1 6 -4 -5
right_child=1 -3 5 7 -6 -7 -8 -9
leaf_value=0.0063918102365703141 -0.026720751802173374 0.0062469545505160831 0 0.0091423475229898306 0.024422536036179575 0.0052078979529593551 -0.026208610011941871 -0.013063588005107877
leaf_weight=50.924877837300301 12.153713867068292 10.281692579388617 9.5002170801162773 7.2249094843864468 23.818205818533897 13.929193183779715 8.4784930944442731 19.207858264446259
leaf_count=209 53 42 39 30 98 57 35 80
internal_value=0.00188641 -0.0117238 0.00443148 0.00766767 0.0128198 -0.00523469 -0.0137874 -0.0062503
internal_weight=155.519 22.4354 133.084 101.176 74.7431 31.9079 17.9787 26.4328
internal_count=643 95 548 417 307 131 74 110
is_linear=0
shrinkage=0.03


end of trees

feature_importances:
vol_ratio=29
macro_topix_vol_20=28
macro_topix_ret_20=24
atr_pct=23
month=22
div_ma_10=19
macd_signal=17
macro_usdjpy_ret_60=17
macro_usdjpy_vol_20=17
volatility=16
macd=15
bb_bandwidth=15
div_ma_60=14
rsi_change=13
ma_20_60_cross=12
rsi=12
return_2d=11
macro_usdjpy_ret_20=11
macd_hist=9
lower_shadow_pct=9
return_1d=8
return_10d=8
upper_shadow_pct=8
macro_nikkei_ret_20=8
macd_hist_change=7
candle_body_pct=7
return_3d=6
bb_pct_b=6
vol_change=6
return_5d=5
price_position_20d=5
return_20d=4
ma_5_20_cross=4
div_ma_5=3
div_ma_20=3
streak=2
gap=1

parameters:
[boosting: gbdt]
[objective: binary]
[metric: binary_logloss]
[tree_learner: serial]
[device_type: cpu]
[data_sample_strategy: bagging]
[data: ]
[valid: ]
[num_iterations: 50]
[learning_rate: 0.03]
[num_leaves: 15]
[num_threads: 0]
[seed: 42]
[deterministic: 0]
[force_col_wise: 0]
[force_row_wise: 0]
[histogram_pool_size: -1]
[max_depth: 4]
[min_data_in_leaf: 30]
[min_sum_hessian_in_leaf: 0.001]
[bagging_fraction: 0.7]
[pos_bagging_fraction: 1]
[neg_bagging_fraction: 1]
[bagging_freq: 5]
[bagging_seed: 400]
[bagging_by_query: 0]
[feature_fraction: 0.6]
[feature_fraction_bynode: 1]
[feature_fraction_seed: 30056]
[extra_trees: 0]
[extra_seed: 12879]
[early_stopping_round: 0]
[early_stopping_min_delta: 0]
[first_metric_only: 0]
[max_delta_step: 0]
[lambda_l1: 0.5]
[lambda_l2: 2]
[linear_lambda: 0]
[min_gain_to_split: 0]
[drop_rate: 0.1]
[max_drop: 50]
[skip_drop: 0.5]
[xgboost_dart_mode: 0]
[uniform_drop: 0]
[drop_seed: 17869]
[top_rate: 0.2]
[other_rate: 0.1]
[min_data_per_group: 100]
[max_cat_threshold: 32]
[cat_l2: 10]
[cat_smooth: 10]
[max_cat_to_onehot: 4]
[top_k: 20]
[monotone_constraints: ]
[monotone_constraints_method: basic]
[monotone_penalty: 0]
[feature_contri: ]
[forcedsplits_filename: ]
[refit_decay_rate: 0.9]
[cegb_tradeoff: 1]
[cegb_penalty_split: 0]
[cegb_penalty_feature_lazy: ]
[cegb_penalty_feature_coupled: ]
[path_smooth: 0]
[interaction_constraints: ]
[verbosity: -1]
[saved_feature_importance_type: 0]
[use_quantized_grad: 0]
[num_grad_quant_bins: 4]
[quant_train_renew_leaf: 0]
[stochastic_rounding: 1]
[linear_tree: 0]
[max_bin: 255]
[max_bin_by_feature: ]
[min_data_in_bin: 5]
[bin_construct_sample_cnt: 200000]
[data_random_seed: 175]
[is_enable_sparse: 1]
[enable_bundle: 1]
[use_missing: 1]
[zero_as_missing: 0]
[feature_pre_filter: 1]
[pre_partition: 0]
[two_round: 0]
[header: 0]
[label_column: ]
[weight_column: ]
[group_column: ]
[ignore_column: ]
[categorical_feature: ]
[forcedbins_filename: ]
[precise_float_parser: 0]
[parser_config_file: ]
[objective_seed: 16083]
[num_class: 1]
[is_unbalance: 0]
[scale_pos_weight: 1]
[sigmoid: 1]
[boost_from_average: 1]
[reg_sqrt: 0]
[alpha: 0.9]
[fair_c: 1]
[poisson_max_delta_step: 0.7]
[tweedie_variance_power: 1.5]
[lambdarank_truncation_level: 30]
[lambdarank_norm: 1]
[label_gain: ]
[lambdarank_position_bias_regularization: 0]
[eval_at: ]
[multi_error_top_k: 1]
[auc_mu_weights: ]
[num_machines: 1]
[local_listen_port: 12400]
[time_out: 120]
[machine_list_filename: ]
[machines: ]
[gpu_platform_id: -1]
[gpu_device_id: -1]
[gpu_use_dp: 0]
[num_gpu: 1]

end of parameters

pandas_categorical:[]
