tree
version=v4
num_class=1
num_tree_per_iteration=1
label_index=0
max_feature_idx=44
objective=binary sigmoid:1
feature_names=return_1d return_2d return_3d return_5d return_10d return_20d div_ma_5 div_ma_10 div_ma_20 div_ma_60 ma_5_20_cross ma_20_60_cross rsi rsi_change macd macd_signal macd_hist macd_hist_change bb_pct_b bb_bandwidth atr_pct volatility vol_change vol_ratio candle_body_pct upper_shadow_pct lower_shadow_pct day_of_week month is_month_end is_month_start streak gap price_position_20d macro_usdjpy_ret_20 macro_usdjpy_ret_60 macro_usdjpy_vol_20 macro_topix_ret_20 macro_topix_vol_20 macro_topix_above_200dma macro_nikkei_ret_20 macro_nikkei_above_200dma macro_nikkei_vi macro_jgb10y macro_bias_score
feature_infos=[-0.19711853307138183:0.13504273504273501] [-0.28450539830755761:0.14946982055464919] [-0.28886310904872392:0.17230769230769227] [-0.27795606023204145:0.16823001631321377] [-0.33249657690552259:0.26060358890701463] [-0.30142450142450139:0.27936378466557921] [-0.21716365493902046:0.066209787041232496] [-0.25636853612650634:0.10715795406509786] [-0.28241109870833997:0.14352976533346684] [-0.29204182399070583:0.29442443809760338] [-0.18656547063718198:0.11488144922026722] [-0.14527657521550907:0.14255958037173588] [17.237903225806463:96.028037383177576] [-25.000938332770346:27.728982072944575] [-263.58885642980886:408.19007934855017] [-218.12307519609428:343.30395389030264] [-148.17114725430511:93.517612130795641] [-49.139421189342215:27.969309762487512] [-0.44979986384889986:1.3735004984632544] [0.024154389231556928:0.55295253894360785] [0.008909034073147859:0.085348151999653371] [0.0059784954589238463:0.062472626747607757] [-0.8140130501280578:3.3778891538124665] [0.4226264082472177:2.078603599909461] [-0.9887640449438202:1] [0:0.86206896551724133] [0:0.94214876033057848] [0:4] [1:12] none [0:1] [-7:8] [-0.17699115044247793:0.15130544196288143] [0:1] [-0.10288784967882303:0.08505611680078462] [-0.13986255140503889:0.1344631365590534] [0.0024251968629527628:0.011841457708833433] [-0.22586490939044479:0.19897850606512013] [0.0040695656522785678:0.036437277456277402] [0:1] [-0.22859537662338159:0.23022297972565586] [0:1] none none none
tree_sizes=1262 1197 1367 1202 1196 1099 1502 1181 1498 1416 1073 1183 1090 1086 1078 1384 1305 1093 1395 1200 1192 991 1385 1405 1407 1192 892 951 1294 1398 1314 888 1103 1489 890 1211 1071 1073 1514 865 1500 1204 1202 1504 1372 1432 1207 1317 1103 1399

Tree=0
num_leaves=11
num_cat=0
split_feature=7 36 37 37 28 15 37 36 35 7
split_gain=12.575 8.70463 6.81751 6.58675 11.3005 6.56972 5.91365 5.89875 4.8687 3.28257
threshold=0.013703809765526345 0.0081443842700233398 0.0092836215672649231 0.048133305130948496 8.5000000000000018 28.665987776940089 0.015327737884472838 0.0051511106356933551 0.011270950048906882 0.029010036108973392
decision_type=2 2 2 2 2 2 2 2 2 2
left_child=1 2 8 4 5 -2 -6 -4 -1 -5
right_child=3 -3 7 9 6 -7 -8 -9 -10 -11
leaf_value=0.24707343299044932 0.24533688879832596 0.27629716321259767 0.25749910365140372 0.26621981536223077 0.26956976407407912 0.2103477446537928 0.23723254368599039 0.23585316196672679 0.26832622012887936 0.24257386715087684
leaf_weight=12.550347313284872 9.1051539331674594 13.780773520469664 15.74945545196533 8.1208129674196261 7.3825572431087521 16.733796417713165 9.1051539331674558 27.561547040939331 25.100694626569748 8.6129834502935392
leaf_count=51 37 56 64 33 30 68 37 112 102 35
internal_value=0.24926 0.255905 0.251741 0.238563 0.232463 0.220803 0.251591 0.243969 0.260993 0.253585
internal_weight=153.803 94.7428 80.962 59.0605 42.3267 25.839 16.4877 43.311 37.651 16.7338
internal_count=625 385 329 240 172 105 67 176 153 68
is_linear=0
shrinkage=1


Tree=1
num_leaves=10
num_cat=0
split_feature=7 36 23 3 40 28 40 12 17
split_gain=11.9069 8.28228 8.033 6.19717 5.08654 8.04872 5.31022 3.53099 2.6683
threshold=0.013703809765526345 0.0081443842700233398 0.78632919328823025 -0.034335979675226717 0.052599684167536027 8.5000000000000018 0.0027888434357620233 68.085154532522964 2.8097237488026257
decision_type=2 2 2 2 2 2 2 2 2
left_child=1 2 -1 -4 5 8 -7 -6 -2
right_child=4 -3 3 -5 7 6 -8 -9 -10
leaf_value=-0.021065588336313831 -0.03719607792309651 0.024128345176368759 -0.014858743178735635 0.0082511094697630162 0.012612073798414076 0.014378692329491813 -0.016496986085997506 -0.011812319873662628 -0.012303205389246185
leaf_weight=11.322266370058058 13.824891582131388 13.736173033714293 10.337390020489691 59.296059265732765 9.1023765951395053 8.1089373528957349 7.8827998191118231 8.1296224892139417 12.091413989663122
leaf_count=46 56 56 42 241 37 33 32 33 49
internal_value=-0.00226409 0.00420396 0.000142257 0.00429188 -0.0126645 -0.0180987 -0.00014913 0.000279204 -0.027833
internal_weight=153.832 94.6919 80.9557 69.6334 59.14 41.908 15.9917 17.232 25.9163
internal_count=625 385 329 283 240 170 65 70 105
is_linear=0
shrinkage=0.03


Tree=2
num_leaves=12
num_cat=0
split_feature=15 2 28 37 33 28 6 3 11 11 20
split_gain=11.314 12.1116 10.5291 7.17214 5.56076 8.92653 8.69906 5.921 4.43736 4.06786 1.54008
threshold=28.665987776940089 -0.0080969883504093936 10.500000000000002 0.052223056307329714 0.57108302868477645 6.5000000000000009 -0.014050682898683506 0.018222770395402547 0.0650714626963277 0.0082877355782470258 0.023476311801568211
decision_type=2 2 2 2 2 2 2 2 2 2 2
left_child=4 8 3 -3 6 7 -1 -6 -2 -7 -8
right_child=1 2 -4 -5 5 9 10 -9 -10 -11 -12
leaf_value=-0.0063912760767525058 -0.0028575725168207234 -0.028882309920989495 0.005755506681510883 0 0.026278451158765821 -0.026388816869842156 0.033267254377127187 -0.0033780721139246711 0.020876570097930321 0 0.010767078952512114
leaf_weight=9.5920357108116168 14.02791863679886 37.507771223783493 12.546121209859846 8.6218756437301618 10.32454699277878 10.079680070281031 11.783131852746012 9.6121923476457578 10.08491602540016 9.5789214223623258 10.075134232640265
leaf_count=39 57 152 51 35 42 41 48 39 41 39 41
internal_value=-0.00221942 -0.00972045 -0.0169866 -0.0234657 0.0063429 -0.000868658 0.0153796 0.0122919 0.0073332 -0.0148105 0.0252969
internal_weight=153.834 82.7886 58.6758 46.1296 71.0456 39.5953 31.4503 19.9367 24.1128 19.6586 21.8583
internal_count=625 336 238 187 289 161 128 81 98 80 89
is_linear=0
shrinkage=0.03


Tree=3
num_leaves=10
num_cat=0
split_feature=23 18 40 38 38 4 14 38 36
split_gain=10.9594 12.6979 7.42705 7.30662 11.0983 6.4825 5.45438 5.12648 4.54129
threshold=0.77662779333380938 0.75431318769116229 -0.00091713069127991032 0.0080925376007762746 0.0094800925429017018 -0.00054278056404316588 4.1446354034453643 0.0066337153159080455 0.0071638962918784792
decision_type=2 2 2 2 2 2 2 2 2
left_child=2 5 -1 7 -5 6 -2 -3 -7
right_child=1 3 -4 4 -6 8 -8 -9 -10
leaf_value=0.0017305341740026234 0.010457594460758463 -0.014108177373812706 -0.032327735781182872 -0.03902781870609217 -0.0032489064382856593 0.008333200796767486 -0.011511751517476656 0.012161397016433925 0.03182824258177272
leaf_weight=7.3695183992385891 19.888014674186707 8.1497027724981326 14.329562991857527 11.860558018088339 21.197819426655769 24.820499047636986 16.979999169707298 16.769692286849022 12.488314896821974
leaf_count=30 81 33 58 48 86 101 69 68 51
internal_value=-0.00213588 0.00110915 -0.0209579 -0.00910742 -0.0180075 0.00932096 0 0.00260303 0.0177985
internal_weight=153.854 132.155 21.6991 57.9778 33.0584 74.1768 36.868 24.9194 37.3088
internal_count=625 537 88 235 134 302 150 101 152
is_linear=0
shrinkage=0.03


Tree=4
num_leaves=10
num_cat=0
split_feature=9 28 36 36 0 20 36 28 0
split_gain=10.498 6.56849 6.51392 6.49726 5.49608 5.41039 12.725 5.82595 5.33194
threshold=0.044874654676241958 11.500000000000002 0.0060529411658788801 0.0052492901957877603 0.012232547555540376 0.019198641431304283 0.0054824966107122827 2.5000000000000004 -0.0094009919262427171
decision_type=2 2 2 2 2 2 2 2 2
left_child=2 5 3 -1 8 6 -2 -7 -4
right_child=1 -3 4 -5 -6 7 -8 -9 -10
leaf_value=0.0057011878593510226 0.019617973391833275 0.011681665486264679 0.0013145175427042167 -0.024780189059670919 -0.0022164067619940553 -0.0028769964898340576 -0.021057424614759616 -0.025148374657174136 0.027120529170530351
leaf_weight=13.256730809807779 12.084274485707285 9.5877667367458326 12.522261828184126 8.3717322498559934 14.255041837692259 18.523952797055244 11.603508055210112 32.092359349131584 21.549518451094627
leaf_count=54 49 39 51 34 58 75 47 130 88
internal_value=-0.00208214 -0.00921159 0.00627758 -0.00656124 0.012354 -0.0123396 0 -0.017702 0.0186507
internal_weight=153.847 83.8919 69.9553 21.6285 48.3268 74.3041 23.6878 50.6163 34.0718
internal_count=625 340 285 88 197 301 96 205 139
is_linear=0
shrinkage=0.03


Tree=5
num_leaves=9
num_cat=0
split_feature=33 21 10 8 19 4 36 20
split_gain=16.9947 15.0122 9.91596 10.9294 5.63428 9.78238 5.37853 0.207447
threshold=0.68359615440982513 0.013425265899584054 -0.025119614715279678 0.013636264290625982 0.18206753546269658 0.080264216081002551 0.0050164524044988478 0.015386960818820059
decision_type=2 2 2 2 2 2 2 2
left_child=1 7 -3 -4 5 6 -2 -1
right_child=4 2 3 -5 -6 -7 -8 -9
leaf_value=0.015801321296804331 0.0017212799964845731 0.022046163774323967 -0.014874140533133767 0.020476991863865875 -0.028617427881132022 0.018401345730633869 -0.016440231862541382 0.037699888137453841
leaf_weight=8.7747711837291735 18.740914776921272 12.527921393513678 31.769368007779121 8.112410366535185 11.379990443587301 9.870856046676634 45.173453852534294 10.268654286861418
leaf_count=36 76 51 129 33 46 40 183 42
internal_value=-0.00117549 0.00936446 0.000460696 -0.0066907 -0.0102025 -0.00648414 -0.0109967 0.0307831
internal_weight=156.618 71.4531 52.4097 39.8818 85.1652 73.7852 63.9144 19.0434
internal_count=636 291 213 162 345 299 259 78
is_linear=0
shrinkage=0.03


Tree=6
num_leaves=13
num_cat=0
split_feature=37 20 38 14 14 37 20 24 35 34 35 11
split_gain=12.5007 9.35372 6.66666 10.1481 9.45442 7.11198 5.06625 7.25202 3.77964 3.64253 3.2087 2.2132
threshold=0.015327737884472838 0.027408899188466642 0.010387935188656874 48.830426652404419 1.2813039594152544 -0.01802581366685457 0.022022612648781071 0.080914368650217713 -0.015640751806109018 -0.0087605637366039418 0.02641543739392305 0.014466221234855416
decision_type=2 2 2 2 2 2 2 2 2 2 2 2
left_child=2 6 3 11 8 -6 7 -2 -4 -5 -8 -1
right_child=1 -3 4 9 5 -7 10 -9 -10 -11 -12 -13
leaf_value=0.0078225261104479284 0.0054435381028582024 0.01157179775045873 0 -0.016033567644555106 -0.03475411506324582 0.0014667888914828276 -0.0094764562431221278 -0.016854080739059897 0.026333223899565116 0.0099418663396543833 -0.036156172740989326 0.033693175007176494
leaf_weight=7.3520959615707424 21.143006131052971 14.308616653084753 9.5597589910030347 7.4138585478067398 7.8776731342077255 7.863492399454115 11.623470023274423 27.158448562026024 7.3140738159418133 7.6377758979797346 10.896632194519041 16.464713290333748
leaf_count=30 86 58 39 30 32 32 47 110 30 31 44 67
internal_value=-0.00110696 -0.00886184 0.00791409 0.0160312 -0.0016934 -0.0176889 -0.0134006 -0.00696717 0.0127269 -0.00235287 -0.0248937 0.0275128
internal_weight=156.614 85.1302 71.4834 38.8684 32.615 15.7412 70.8216 48.3015 16.8738 15.0516 22.5201 23.8168
internal_count=636 345 291 158 133 64 287 196 69 61 91 97
is_linear=0
shrinkage=0.03


Tree=7
num_leaves=10
num_cat=0
split_feature=33 19 19 37 32 23 23 14 40
split_gain=15.5564 8.57283 8.52992 7.00442 6.1999 5.64399 7.8613 3.88639 2.88497
threshold=0.68359615440982513 0.056893554609615093 0.079125659187561301 0.017944696263563768 0.0066732402430103041 0.80408044184733329 1.1181813501011013 40.535583250222778 0.037985265948607301
decision_type=2 2 2 2 2 2 2 2 2
left_child=1 -1 -3 -4 5 -2 -7 -6 -9
right_child=4 2 3 -5 7 6 -8 8 -10
leaf_value=0.028889777754665603 -0.034505420330970996 -0.018544704371684973 0.016490153110580229 -0.0071408369403027326 -0.010785460311978412 0 -0.024052169982960996 0.022483596033209454 -0.00018357814099544687
leaf_weight=13.636902824044226 9.6896471530199033 10.561445280909536 32.814423903822899 14.285557463765143 9.6218404322862643 31.860409155488014 18.566039279103279 7.6385949999093992 7.9145528525114059
leaf_count=56 39 43 134 58 39 129 75 31 32
internal_value=-0.00107212 0.00902614 0.003266 0.00901839 -0.0096989 -0.0148298 -0.00959086 0.00219111 0.0113877
internal_weight=156.589 71.2983 57.6614 47.1 85.2911 60.1161 50.4264 25.175 15.5531
internal_count=636 291 235 192 345 243 204 102 63
is_linear=0
shrinkage=0.03


Tree=8
num_leaves=13
num_cat=0
split_feature=37 23 18 9 38 15 14 37 15 24 38 18
split_gain=11.3814 13.2922 12.9641 6.48278 6.41803 10.2153 8.71533 6.69919 5.85171 4.08374 3.14127 1.19938
threshold=0.015327737884472838 0.84112231148894756 0.88406888394303229 0.11021747232908533 0.010387935188656874 58.879704475067278 1.2813039594152544 -0.01802581366685457 44.514212774186525 -0.20325741525423727 0.013978998260739355 0.71247133596735313
decision_type=2 2 2 2 2 2 2 2 2 2 2 2
left_child=4 11 3 -3 5 9 10 -8 -4 -1 -6 -2
right_child=1 2 8 -5 6 -7 7 -9 -10 -11 -12 -13
leaf_value=0.0040100888195258675 -0.041321932948153887 0.012909011708822185 -0.033056074227077202 -0.012432443819913642 0.023842657067637767 -0.0049828711102373191 -0.033694430897455808 0.0013932110885840508 -0.0024665392796103113 0.033227700004059939 0 -0.01398858264752232
leaf_weight=7.8394560217857387 7.9438397884368879 35.877658560872078 11.649797156453134 9.6525177359580976 7.7573401927948025 12.811792135238646 7.9120554625988007 7.8587017655372602 12.144253104925154 18.100326165556908 9.0411867648363096 7.9454799741506577
leaf_count=32 32 146 47 39 32 52 32 32 49 74 37 32
internal_value=-0.00105732 -0.0084508 -0.00220125 0.00692389 0.00756132 0.0155464 -0.00185533 -0.0171769 -0.0194268 0.0258536 0.012028 -0.0315843
internal_weight=156.534 85.2135 69.3242 45.5302 71.3209 38.7516 32.5693 15.7708 23.7941 25.9398 16.7985 15.8893
internal_count=636 345 281 185 291 158 133 64 96 106 69 64
is_linear=0
shrinkage=0.03


Tree=9
num_leaves=12
num_cat=0
split_feature=33 21 12 8 25 23 23 7 1 26 20
split_gain=14.2581 13.7517 7.51767 11.4936 5.88053 4.96492 6.60007 3.20692 3.0573 2.83992 0.236698
threshold=0.68359615440982513 0.013425265899584054 39.930349882314552 0.0057114301144228618 0.1795639490250269 0.83128398524967573 1.1181813501011013 0.0071996761462098735 0.023824812421884837 0.23706512042818914 0.015386960818820059
decision_type=2 2 2 2 2 2 2 2 2 2 2
left_child=1 10 9 -4 7 -6 -7 -2 -9 -3 -1
right_child=4 2 3 -5 5 6 -8 8 -10 -11 -12
leaf_value=0.014745720562822898 -0.00036046731095110872 0.026394610620138023 -0.019347690082972824 0.013923232198327203 -0.019859176888429867 0.013748246419554928 -0.011764679754632964 -0.028287006812825581 -0.0064928640114711956 0.00032944933219178536 0.035997227038326335
leaf_weight=8.6944935321807879 10.125611811876295 8.5310500115156191 23.413143143057823 12.527105584740637 7.9463825672864905 21.944604396820068 12.391521915793417 20.301972925662994 12.638579949736593 7.8158953487873069 10.121018156409262
leaf_count=36 41 35 95 51 32 89 50 82 51 32 42
internal_value=-0.0010547 0.00862891 0.000124808 -0.00723299 -0.00930656 -0.000850049 0.00398735 -0.0168702 -0.0212047 0.0161442 0.029258
internal_weight=156.451 71.1027 52.2872 35.9402 85.3487 42.2825 34.3361 43.0662 32.9406 16.3469 18.8155
internal_count=636 291 213 146 345 171 139 174 133 67 78
is_linear=0
shrinkage=0.03


Tree=10
num_leaves=9
num_cat=0
split_feature=33 35 22 28 15 17 22 19
split_gain=13.1457 6.21553 5.22235 5.14225 7.97495 6.41622 6.01002 4.91979
threshold=0.90046701366042969 0.016373137931532503 -0.012785176972620492 10.500000000000002 61.189112542753996 -4.6029995354038027 -0.25781639562455783 0.082841538588595345
decision_type=2 2 2 2 2 2 2 2
left_child=3 -2 -3 4 6 -6 -1 -5
right_child=1 2 -4 7 5 -7 -8 -9
leaf_value=-0.0088198536204954093 -0.031969243979494959 -0.019293939883000006 0.0071266760083676349 0 0.0043897125672825443 -0.024324057831878548 0.011189786467931654 0.028141078934501081
leaf_weight=14.951338604092596 11.676793679594992 10.157478600740433 12.399450957775116 7.8083609193563488 10.112787097692491 14.145576044917105 58.287093386054039 12.71581096947193
leaf_count=61 47 41 50 32 41 57 238 52
internal_value=3.10401e-05 -0.0157086 -0.00476222 0.00490723 0.001714 -0.01236 0.00677967 0.0179111
internal_weight=152.255 34.2337 22.5569 118.021 97.4968 24.2584 73.2384 20.5242
internal_count=619 138 91 481 397 98 299 84
is_linear=0
shrinkage=0.03


Tree=11
num_leaves=10
num_cat=0
split_feature=7 19 35 5 23 38 22 35 3
split_gain=13.2806 6.68783 5.86691 5.60582 6.67621 9.8911 5.23806 3.43931 2.5846
threshold=0.026780358220943393 0.18832312134955723 0.016373137931532503 -0.014459117547435339 0.80408044184733329 0.0074198193490818505 -0.0071725126517983009 0.02641543739392305 -0.03248027093366395
decision_type=2 2 2 2 2 2 2 2 2
left_child=3 2 -2 8 7 -6 -4 -5 -1
right_child=1 -3 6 4 5 -7 -8 -9 -10
leaf_value=0.00052300957921792043 -0.022496894527400477 -0.037443190256645546 -0.0095498989597425123 -0.026092502712400382 0.0230732652464141 -0.00069358432919884453 0.020054552758898607 0 0.024221310362809546
leaf_weight=7.3108282983303097 10.665391013026239 7.6962872296571723 9.6546353846788424 8.2099501639604586 19.110565856099129 57.387819886207581 7.6658875793218604 9.1457925736904127 15.331433191895483
leaf_count=30 43 31 39 33 78 234 31 37 63
internal_value=1.2486e-05 -0.0154038 -0.00674942 0.00504127 0.00148885 0.00548927 0.003496 -0.014114 0.0178417
internal_weight=152.179 35.6822 27.9859 116.496 93.8541 76.4984 17.3205 17.3557 22.6423
internal_count=619 144 113 475 382 312 70 70 93
is_linear=0
shrinkage=0.03


Tree=12
num_leaves=9
num_cat=0
split_feature=33 23 33 38 38 20 37 16
split_gain=12.1061 6.02628 12.3832 7.34591 8.33657 4.1436 2.70323 2.37728
threshold=0.90046701366042969 0.7977605321607516 0.54426836010035873 0.0074198193490818505 0.009538205352506603 0.01893472841182214 0.024686912247419149 -0.89918818192570849
decision_type=2 2 2 2 2 2 2 2
left_child=1 2 -1 7 -5 -2 -7 -3
right_child=5 3 -4 4 -6 6 -8 -9
leaf_value=0.014850770249017093 -0.00037791899057078239 0.0092956324078429051 -0.025786502766297108 -0.0079682018859001374 0.011745186213887244 -0.0047575856958280826 -0.030573743447861974 0.034151586588099594
leaf_weight=9.7982524633407611 13.129013672471045 11.227464795112612 13.405022695660589 31.349818766117096 42.751174405217171 7.9490307271480587 13.189482986927031 9.2960111200809461
leaf_count=40 53 46 54 128 175 32 53 38
internal_value=0 0.00468655 -0.00821435 0.00810982 0.00321773 -0.0150948 -0.0227643 0.0232528
internal_weight=152.095 117.828 23.2033 94.6245 74.101 34.2675 21.1385 20.5235
internal_count=619 481 94 387 303 138 85 84
is_linear=0
shrinkage=0.03


Tree=13
num_leaves=9
num_cat=0
split_feature=7 13 36 41 5 5 9 34
split_gain=12.2265 7.48826 5.38987 6.39316 6.96477 2.88261 2.16476 1.36781
threshold=0.026780358220943393 3.53558780109265 0.0084297479004498983 1.0000000180025095e-35 0.061973505586952145 0.01444008935793162 0.092592930183353364 0.010103050245114488
decision_type=2 2 2 2 2 2 2 2
left_child=2 7 3 5 -5 -1 -3 -2
right_child=1 6 -4 4 -6 -7 -8 -9
leaf_value=-3.9717719392575708e-05 -0.034444110766601602 -0.0088821236435589635 0.021720946250672876 0.011384107421220601 -0.0072129489581937555 -0.023045990118916313 0.011186777747085472 -0.011827004887245064
leaf_weight=11.380187749862673 10.201126560568811 7.4257580488920194 13.070796161890028 59.966814815998077 22.99660886824131 8.8869636952877027 7.6678462326526642 10.418898984789847
leaf_count=47 41 30 54 245 93 36 31 42
internal_value=0 -0.0147879 0.00482714 0.00217337 0.0060042 -0.0119653 0.000551744 -0.0257354
internal_weight=152.015 35.7136 116.301 103.231 82.9634 20.2672 15.0936 20.62
internal_count=619 144 475 421 338 83 61 83
is_linear=0
shrinkage=0.03


Tree=14
num_leaves=9
num_cat=0
split_feature=7 13 5 32 23 33 13 35
split_gain=11.5932 7.1151 5.1658 6.34527 5.40078 4.97202 2.73402 2.35903
threshold=0.026780358220943393 3.53558780109265 -0.014459117547435339 -0.0089499604107936542 0.80408044184733329 0.9511237189935261 1.2239465971572374 0.01693753664138509
decision_type=2 2 2 2 2 2 2 2
left_child=2 7 6 -4 -5 -3 -1 -2
right_child=1 5 3 4 -6 -7 -8 -9
leaf_value=0.024575353778246638 -0.038138113570712333 0.016368883761773239 -0.018636962256839213 -0.010590029506520425 0.0080199897023900662 -0.014165928773946098 0.0013091914438072422 -0.012198363368726085
leaf_weight=13.773961648344995 7.7262285500764873 7.6376300603151304 10.349464267492293 15.126392439007757 68.206142008304596 7.4535664170980453 8.7368054836988431 12.915793716907499
leaf_count=57 31 31 42 61 279 30 36 52
internal_value=0 -0.0144183 0.00468078 0.00127011 0.00429711 0.000517149 0.017001 -0.0250812
internal_weight=151.926 35.7332 116.193 93.682 83.3325 15.0912 22.5108 20.642
internal_count=619 144 475 382 340 61 93 83
is_linear=0
shrinkage=0.03


Tree=15
num_leaves=12
num_cat=0
split_feature=18 35 35 37 25 13 26 37 11 38 5
split_gain=9.68204 10.8539 5.5812 6.92988 4.76813 6.35789 6.13231 4.33759 3.20567 2.87517 1.66818
threshold=0.75431318769116229 -0.0048633063187535344 0.062108917370563572 0.015771911015813437 0.40161290322580651 4.1556899918172627 0.41206791995148578 0.0092836215672649231 0.033888301320043508 0.010538236536327635 0.072109959089323952
decision_type=2 2 2 2 2 2 2 2 2 2 2
left_child=1 7 3 -3 5 6 -2 9 -7 -1 -6
right_child=4 2 -4 -5 10 8 -8 -9 -10 -11 -12
leaf_value=0.012496868478315767 -0.028389148567883347 0.029692444829988909 -0.0016351061380373885 0.0051148183409474102 -0.0031837994277215944 -0.011258110420903399 0 -0.020997936429812 0.011723440221759179 -0.0088761502480989313 0.013852211946620034
leaf_weight=8.7081577181816154 23.071923077106476 22.977641031146049 14.303043633699415 22.270487204194069 7.9066543132066709 7.9356397241354015 9.6557621210813505 11.261394634842871 9.8866283148527128 9.7490425407886487 7.421440377831459
leaf_count=36 93 95 59 91 32 32 39 46 40 40 30
internal_value=0 0.00630219 0.013633 0.0186417 -0.00865853 -0.0130674 -0.0205653 -0.00784807 0.000630384 0.00071037 0.00484571
internal_weight=155.148 89.2698 59.5512 45.2481 65.878 50.55 32.7277 29.7186 17.8223 18.4572 15.3281
internal_count=633 367 245 186 266 204 132 122 72 76 62
is_linear=0
shrinkage=0.03


Tree=16
num_leaves=11
num_cat=0
split_feature=7 25 38 28 40 38 15 36 15 40
split_gain=12.5249 8.89711 10.3616 6.08203 5.56911 5.13397 5.12716 9.68485 5.17466 4.78535
threshold=0.013382421383876035 0.10372413793103449 0.012044554040536367 8.5000000000000018 0.054286941441311638 0.009538205352506603 22.667002305589069 0.0072988205354130925 91.840731171001465 0.0088156867506637999
decision_type=2 2 2 2 2 2 2 2 2 2
left_child=1 5 4 6 -3 -1 7 -2 -8 -5
right_child=3 2 -4 9 -6 -7 8 -9 -10 -11
leaf_value=-0.018448376469691465 0.019509897749274502 0.022689225469413838 -0.010953752664819419 0.018340244097807424 -0.00068786117453021093 0.0061896889964859429 -0.031027548237942442 -0.022902293995724615 -3.9213306481543925e-05 -0.0082019183753496289
leaf_weight=14.233394593000414 7.6261576116085035 44.332887694239616 11.388426333665846 8.3380337953567523 9.7613165825605375 11.689870312809942 20.135310128331188 7.6707865446805954 7.4726001769304267 12.409823969006537
leaf_count=58 31 183 47 34 40 48 81 31 30 50
internal_value=0 0.00697782 0.0128405 -0.0101205 0.0183293 -0.00715331 -0.016387 -0.00107984 -0.0237158 0.00247996
internal_weight=155.059 91.4059 65.4826 63.6527 54.0942 25.9233 42.9049 15.2969 27.6079 20.7479
internal_count=633 376 270 257 223 106 173 62 111 84
is_linear=0
shrinkage=0.03


Tree=17
num_leaves=9
num_cat=0
split_feature=33 38 25 28 40 31 36 28
split_gain=11.5261 6.67718 7.32593 4.8517 4.58827 5.88328 4.09223 2.88217
threshold=0.675411223356429 0.011856757862080571 0.064987857670784507 10.500000000000002 -0.011874429566273768 3.5000000000000004 0.0075745090968123889 8.5000000000000018
decision_type=2 2 2 2 2 2 2 2
left_child=1 2 -1 4 -2 -6 -3 -4
right_child=3 6 7 -5 5 -7 -8 -9
leaf_value=-0.0070705593391382554 -0.028719499569058067 0.0059637531265696346 0.025666224361515468 0.0074071301794041656 -0.00217994786732544 -0.026427168630003856 -0.019464050465059383 0.0064343685587826861
leaf_weight=9.535985589027403 9.402151867747305 9.9108097851276415 26.66474324464798 14.00699722766876 52.903300002217293 9.4725749939680082 8.3278824239969236 14.713025361299513
leaf_count=39 38 41 111 57 214 38 34 61
internal_value=-4.70628e-07 0.0088781 0.0143949 -0.00736768 -0.0105768 -0.00680183 -0.00568166 0.0197856
internal_weight=154.937 69.1524 50.9138 85.785 71.778 62.3759 18.2387 41.3778
internal_count=633 286 211 347 290 252 75 172
is_linear=0
shrinkage=0.03


Tree=18
num_leaves=12
num_cat=0
split_feature=33 20 14 15 36 33 23 28 15 16 1
split_gain=10.9234 6.80167 5.20436 7.96699 5.45308 3.57897 8.9971 3.21259 2.96441 3.91334 2.19257
threshold=0.675411223356429 0.022022612648781071 137.86323243304403 61.189112542753996 0.0066665461986932864 0.37057702620979255 0.90098481354727555 7.5000000000000009 1.8690306603176998 -9.9101200781742627 -0.019736624003978184
decision_type=2 2 2 2 2 2 2 2 2 2 2
left_child=1 8 3 4 -2 10 -7 -5 -1 -10 -3
right_child=2 5 -4 7 -6 6 -8 -9 9 -11 -12
leaf_value=0 0.0045604445057261375 -0.0004068244986899934 0.0096628152625050454 -0.034530790824155146 -0.013875317497362769 -0.029477532841561228 0.0074496214532145649 -0.0063666799614461684 0.0036230531173399904 0.030590989700781841 0.019306658882134686
leaf_weight=8.1179210245609266 30.137981355190277 7.7724281549453735 11.648454308509825 12.191890880465509 23.447968602180481 8.3835171163082141 11.439658582210539 8.3809221833944303 9.1918694078922254 16.6576122045517 7.4592171162366849
leaf_count=34 122 32 47 49 95 34 47 34 38 70 31
internal_value=-1.46837e-05 0.00863813 -0.00718394 -0.0102114 -0.00344575 -0.000332207 -0.00875033 -0.0253025 0.0178164 0.0224889 0.00949707
internal_weight=154.829 69.0222 85.8072 74.1588 53.5859 35.0548 19.8232 20.5728 33.9674 25.8495 15.2316
internal_count=633 286 347 300 217 144 81 83 142 108 63
is_linear=0
shrinkage=0.03


Tree=19
num_leaves=10
num_cat=0
split_feature=7 19 25 37 23 34 15 15 25
split_gain=10.912 10.0574 8.01513 7.07814 8.33088 6.35151 5.65312 8.47077 2.82897
threshold=0.013382421383876035 0.1897331480386546 0.10372413793103449 0.0083714322577082018 0.84577976115836095 0.0073974279578366007 85.52413031103292 11.423973643955499 0.33447488584474888
decision_type=2 2 2 2 2 2 2 2 2
left_child=2 6 5 8 -5 -1 7 -2 -4
right_child=1 -3 3 4 -6 -7 -8 -9 -10
leaf_value=-0.01972099257568136 0.012353142158805024 -0.034893558533340079 0.029977262820493674 -0.020351309087999866 0.010930297475679642 0.0077076980379038838 0.01739247674494435 -0.015155716619455688 0.0086050385622703212
leaf_weight=13.958099439740183 11.567921310663221 9.687153294682501 17.398626372218136 8.6536635607480985 24.668631538748741 11.9721283018589 7.4318549931049338 34.978713691234589 14.389000400900839
leaf_count=57 47 39 73 35 102 49 30 141 60
internal_value=-8.84671e-06 -0.00946607 0.00650482 0.0121029 0.00168959 -0.00687487 -0.00355117 -0.00778288 0.0218289
internal_weight=154.706 63.6656 91.0401 65.1099 33.3223 25.9302 53.9785 46.5466 31.7876
internal_count=633 257 376 270 137 106 218 188 133
is_linear=0
shrinkage=0.03


Tree=20
num_leaves=10
num_cat=0
split_feature=33 21 37 21 2 2 1 24 37
split_gain=6.59513 15.0475 6.93569 6.22067 5.56114 5.29709 3.46715 2.67252 1.15332
threshold=0.73107641905573539 0.015429332472599333 0.015771911015813437 0.017142338035706969 -0.0080969883504093936 0.0060826663523948507 0.020134635257184622 0.64575131233595806 -0.0014610797180495958
decision_type=2 2 2 2 2 2 2 2 2
left_child=1 2 8 -3 -2 -6 -5 -7 -1
right_child=4 3 -4 6 5 7 -8 -9 -10
leaf_value=0.016484460390853387 0.014172995623637982 -0.025249626948810749 0.00019647313484521135 0.0049060065426291873 -0.025620304814397171 0.00010379671303013848 -0.015584311871385285 -0.013683878076006748 0.037892598926815513
leaf_weight=14.972472637891769 7.8501704782247534 9.0385976284742338 13.263323724269865 30.87416173517704 13.097732976078985 33.686749592423439 7.590261608362197 16.42952898144722 10.21885672211647
leaf_count=63 32 37 55 127 53 136 31 66 43
internal_value=0 0.00561506 0.0191767 -0.00539153 -0.00657895 -0.00974165 0 -0.00448004 0.0278687
internal_weight=157.022 85.9577 38.4547 47.503 71.0642 63.214 38.4644 50.1163 25.1913
internal_count=643 356 161 195 287 255 158 202 106
is_linear=0
shrinkage=0.03


Tree=21
num_leaves=8
num_cat=0
split_feature=25 1 32 5 32 21 36
split_gain=5.61867 5.12535 4.87488 4.47743 3.78633 1.95293 1.03208
threshold=0.0096638655462184895 0.021928462992223622 -0.011761524114905662 0.054357781953949365 0.010808074627446819 0.015800003574355011 0.006144758421127044
decision_type=2 2 2 2 2 2 2
left_child=5 2 -2 -4 6 -1 -3
right_child=1 4 3 -5 -6 -7 -8
leaf_value=-0.00099780103819445778 -0.012071524874393507 -0.024544185075868651 0.011617931769392341 -0.001168538513486942 0.0041954240014074511 -0.022434462056352654 -0.0048379456193972208
leaf_weight=8.1406230032444018 10.95093412697315 8.4246174544096046 67.72982120513916 34.503275156021118 9.3526778370141965 10.151492685079573 7.6624590754508963
leaf_count=33 45 34 281 140 38 41 31
internal_value=0 0.00221259 0.00504517 0.00721902 -0.00929239 -0.0146722 -0.0175601
internal_weight=156.916 138.624 113.184 102.233 25.4398 18.2921 16.0871
internal_count=643 569 466 421 103 74 65
is_linear=0
shrinkage=0.03


Tree=22
num_leaves=12
num_cat=0
split_feature=10 34 40 37 28 19 1 5 2 8 16
split_gain=5.91329 7.77689 8.17944 6.83167 10.0276 6.45612 5.92672 5.45389 5.18622 5.59441 3.3026
threshold=0.0216105354045012 0.011249363949162096 0.031947984421408789 0.04662469323198138 10.500000000000002 0.15712112624161842 0.022780165369215458 0.015734651707727369 0.019809593120047157 -0.0051334390692068252 -5.9393510889905672
decision_type=2 2 2 2 2 2 2 2 2 2 2
left_child=1 2 10 4 5 -2 -5 -4 9 -3 -1
right_child=3 8 7 6 -6 -7 -8 -9 -10 -11 -12
leaf_value=-0.0032421936642305039 -0.033115709868695963 -0.00018417040973596705 0 0.017863664322197697 0.0092631930374324455 -0.0010994727052177509 -0.011862643877542363 -0.032146255332921217 -0.0026098563743783823 0.02683071774049223 0.012872399724752622
leaf_weight=20.478421688079834 18.56348824501038 7.9431229680776623 7.2066161930561092 12.581053927540781 9.5258110463619214 9.3979863971471769 7.9555203169584265 9.3836787641048414 10.568899989128111 23.382054910063744 19.835906758904457
leaf_count=85 75 33 30 51 39 38 32 38 43 97 82
internal_value=0 0.00449012 -0.00252588 -0.00740319 -0.014859 -0.0236472 0.0056518 -0.0192029 0.0140425 0.0199305 0.00456586
internal_weight=156.823 98.7987 56.9046 58.0239 37.4873 27.9615 20.5366 16.5903 41.8941 31.3252 40.3143
internal_count=643 408 235 235 152 113 83 68 173 130 167
is_linear=0
shrinkage=0.03


Tree=23
num_leaves=12
num_cat=0
split_feature=7 21 36 15 40 0 0 5 23 13 28
split_gain=5.24502 8.68253 7.1976 13.0228 6.05928 5.98543 5.38828 5.255 4.30625 4.2449 3.55473
threshold=0.013703809765526345 0.014229405202104658 0.0050322082912597271 -18.779081038841635 0.040036700403983001 -0.0038803999215839542 0.011042188195752535 0.027468350173362136 0.84320078215052197 4.3570618560740728 7.5000000000000009
decision_type=2 2 2 2 2 2 2 2 2 2 2
left_child=1 4 7 -4 8 -2 10 -3 -1 -8 -7
right_child=5 2 3 -5 -6 6 9 -9 -10 -11 -12
leaf_value=0.00024536311624050395 -0.026328650788366686 -0.0053966123693354505 0.014953055518609757 -0.021730853910743166 -0.0020205557100231625 -0.0025748876653840539 -0.021503460419531883 0.02275538143794437 0.028283604826318878 7.8258980171281821e-05 0.019451777450919246
leaf_weight=7.7196120023727444 9.6727717965841276 8.4929986894130725 10.35451480746269 26.759267553687096 12.055743947625158 10.653136759996416 13.406697019934656 11.205849856138228 20.943977445363998 14.626759439706801 10.814740076661108
leaf_count=32 39 35 43 109 50 43 54 46 89 59 44
internal_value=0 0.00428581 -0.00308349 -0.0108715 0.0145818 -0.00687604 -0.00190883 0.0105479 0.0217301 -0.0104882 0.00859426
internal_weight=156.706 97.532 56.8126 37.1138 40.7193 59.1741 49.5013 19.6988 28.6636 28.0335 21.4679
internal_count=643 404 233 152 171 239 200 81 121 113 87
is_linear=0
shrinkage=0.03


Tree=24
num_leaves=12
num_cat=0
split_feature=10 34 40 37 28 1 23 6 7 0 32
split_gain=5.3815 7.229 7.67387 6.44722 9.36349 5.59206 5.49556 4.9274 4.7084 3.20395 0.963705
threshold=0.0216105354045012 0.011249363949162096 0.031947984421408789 0.04662469323198138 10.500000000000002 0.022780165369215458 0.88289226007796173 0.012760573394760418 -0.011077695903783213 0.011592747875054045 0.00091310558730017821
decision_type=2 2 2 2 2 2 2 2 2 2 2
left_child=1 2 9 4 6 -5 -2 8 -3 -1 -4
right_child=3 7 10 5 -6 -7 -8 -9 -10 -11 -12
leaf_value=0.010411430316781206 -0.042605406754762251 -0.00034596981938093025 -0.0060094611852030203 0.017480679858944703 0.0089809798954951087 -0.011386070115198103 -0.011459950807056479 -0.0033118254736477235 0.024917432398318461 -0.0061985082700841219 -0.025647854193690936
leaf_weight=26.610108226537704 7.7065181434154537 7.2377651482820538 8.0446444749832171 12.555740565061571 9.5031866729259473 7.9575557857751837 20.257731273770332 9.8512070178985578 24.62410432100296 13.636160030961035 8.5685418099164945
leaf_count=111 31 30 33 51 39 32 82 40 103 56 35
internal_value=0 0.00428037 -0.00247152 -0.00707304 -0.0143235 0.00559966 -0.0228146 0.013519 0.0190541 0.0044016 -0.0186117
internal_weight=156.553 98.5725 56.8595 57.9807 37.4674 20.5133 27.9642 41.7131 31.8619 40.2463 16.6132
internal_count=643 408 235 235 152 83 113 173 133 167 68
is_linear=0
shrinkage=0.03


Tree=25
num_leaves=10
num_cat=0
split_feature=38 38 36 37 36 21 37 14 21
split_gain=6.20934 11.3175 9.92697 8.91148 7.87061 7.80813 10.6039 5.65793 5.64435
threshold=0.011541026147528622 0.0094800925429017018 0.0059705961288365802 -0.021004474518653168 0.0075745090968123889 0.014229405202104658 0.0099510965333866625 73.191583017878216 0.02041133532171498
decision_type=2 2 2 2 2 2 2 2 2
left_child=1 5 -2 -3 -4 6 -1 -7 -5
right_child=2 3 4 8 -6 7 -8 -9 -10
leaf_value=0.030380025553268224 -0.037663126251693525 -0.0097168396713248062 0.018877944683697728 0.028673181132713527 -0.014041146883388709 -0.00204017701748099 -0.002940959301635748 -0.024071212141412369 0
leaf_weight=9.9407939016818982 7.3030654191970852 8.0104080736637098 8.9167385697364825 25.818852797150612 14.204232126474379 28.013348966836929 27.444050937891006 17.087827295064926 7.7941361665725699
leaf_count=42 30 33 37 107 58 114 113 69 32
internal_value=0.000142899 0.00324473 -0.0114675 0.0156733 -0.000256376 -0.00307189 0.00663118 -0.0113734 0.0223512
internal_weight=154.533 124.109 30.424 41.6234 23.121 82.486 37.3848 45.1012 33.613
internal_count=635 510 125 172 95 338 155 183 139
is_linear=0
shrinkage=0.03


Tree=26
num_leaves=7
num_cat=0
split_feature=0 38 21 38 35 23
split_gain=5.94639 6.43001 10.4458 7.6621 5.73499 4.87953
threshold=-0.020044166834433549 0.011541026147528622 0.02237538812282976 0.0094800925429017018 -0.034529714290515871 1.1724890221166047
decision_type=2 2 2 2 2 2
left_child=-1 3 -3 4 -2 -5
right_child=1 2 -4 5 -6 -7
leaf_value=-0.018085313554195712 0.018567496343873134 -0.027487376471627585 0.0074378289943815385 0.02094252400513268 -0.0037398733214089662 -0.0030221105661962055
leaf_weight=12.502002388238905 10.206535533070562 13.573930114507677 12.957162931561468 30.82826229929924 66.331417962908745 8.0175596028566343
leaf_count=51 42 56 53 128 272 33
internal_value=0.000122848 0.00206017 -0.0105793 0.00522497 -0.000177061 0.0157233
internal_weight=154.417 141.915 26.5311 115.384 76.538 38.8458
internal_count=635 584 109 475 314 161
is_linear=0
shrinkage=0.03


Tree=27
num_leaves=8
num_cat=0
split_feature=0 7 7 35 35 16 14
split_gain=5.63138 7.9622 9.47672 5.88602 8.92615 3.61054 2.2349
threshold=-0.020044166834433549 0.0040080085560536575 -0.018281327901454789 -0.031479363654649699 -0.015640751806109018 -16.118388879653988 44.235473268036692
decision_type=2 2 2 2 2 2 2
left_child=-1 2 -2 6 -5 -4 -3
right_child=1 3 5 4 -6 -7 -8
leaf_value=-0.017589148035229544 -0.010382245892928011 0.01910642302882606 0 -0.03461471864793144 -0.0028379350169126672 0.022538408563076977 0
leaf_weight=12.525082826614378 11.572028711438177 10.237991064786913 7.2773239761590949 7.4004278630018225 65.749237716197968 31.709625512361526 7.9067129343748084
leaf_count=51 48 42 30 30 268 134 32
internal_value=0.000111801 0.00200181 0.0113813 -0.00316444 -0.007088 0.0183985 0.0110419
internal_weight=154.378 141.853 50.559 91.2944 73.1497 38.9869 18.1447
internal_count=635 584 212 372 298 164 74
is_linear=0
shrinkage=0.03


Tree=28
num_leaves=11
num_cat=0
split_feature=38 38 37 14 21 37 14 21 21 37
split_gain=5.57589 10.1292 8.41813 7.71876 7.23362 10 5.37042 5.33327 2.40939 1.67849
threshold=0.011541026147528622 0.0094800925429017018 -0.021004474518653168 1.7323193012447293 0.014229405202104658 0.0099510965333866625 73.191583017878216 0.02041133532171498 0.021095587028227867 -0.015172242052605421
decision_type=2 2 2 2 2 2 2 2 2 2
left_child=1 4 -3 9 5 -1 -6 -4 -5 -2
right_child=3 2 7 8 6 -7 -8 -9 -10 -11
leaf_value=0.029606635589566572 0.011930748529450416 -0.0097632241373623689 0.027575791373242689 -0.036326110087090004 -0.0018182976556654204 -0.00283029805244531 -0.023267331090278058 0 -0.0072388389035591529 -0.0051256684060340275
leaf_weight=9.8516202270984632 7.9361656010150909 8.0017072856426221 25.594851598143578 7.3336889892816526 28.031478568911552 27.428842976689339 17.098163217306137 7.7792916446924201 7.4205909818410873 7.7862503826618212
leaf_count=42 33 33 107 30 114 113 69 32 30 32
internal_value=8.79323e-05 0.00304173 0.0148465 -0.010896 -0.00291879 0.00643053 -0.0109054 0.0213894 -0.0252026 0.00301228
internal_weight=154.263 123.786 41.3759 30.4767 82.4101 37.2805 45.1296 33.3741 14.7543 15.7224
internal_count=635 510 172 125 338 155 183 139 60 65
is_linear=0
shrinkage=0.03


Tree=29
num_leaves=12
num_cat=0
split_feature=38 38 7 14 14 24 18 14 40 37 7
split_gain=5.30673 9.57763 8.35814 7.34757 6.60145 8.27476 3.17932 2.82003 1.98848 1.60389 1.29872
threshold=0.011541026147528622 0.0094800925429017018 0.0042246633307368017 1.7323193012447293 78.980112512028896 -0.57853618421052622 0.66928902876420582 19.352733333436394 0.033138170222998038 -0.015172242052605421 -0.012875693781460555
decision_type=2 2 2 2 2 2 2 2 2 2 2
left_child=1 4 10 9 5 -1 -6 -4 -5 -2 -3
right_child=3 2 7 8 6 -7 -8 -9 -10 -11 -12
leaf_value=-0.019498972836260897 0.011665869352972163 0.011414472061517297 0.015270896959599557 -0.034898265647254838 0 0.0070903380605010563 -0.025819142854903946 -0.0042690146952203169 -0.0075349592340120952 -0.0050005876139704308 0.037852539632002816
leaf_weight=10.975435256958006 7.9185493886470795 7.1600236296653774 7.9467662721872356 7.3584677278995496 7.3930407315492657 52.079210877418518 11.915785461664198 16.696350127458572 7.4275587499141693 7.7915241122245806 9.4541276097297651
leaf_count=45 33 30 33 30 30 215 48 68 30 32 41
internal_value=6.41863e-05 0.00295259 0.0144532 -0.0106439 -0.00283653 0.00177439 -0.0173511 0.00214243 -0.0245818 0.00292179 0.0297153
internal_weight=154.117 123.621 41.2573 30.4961 82.3635 63.0546 19.3088 24.6431 14.786 15.7101 16.6142
internal_count=635 510 172 125 338 260 78 101 60 65 71
is_linear=0
shrinkage=0.03


Tree=30
num_leaves=11
num_cat=0
split_feature=16 20 25 11 20 36 36 16 38 1
split_gain=5.49449 7.00699 6.78585 8.95662 5.21845 8.44034 7.7924 4.54472 3.05785 0.682928
threshold=0.32818733958512075 0.016053394889674874 0.10372413793103449 0.052317222494488565 0.019845774453753313 0.0060867687101167547 0.0052847347159997986 -5.7923603196236533 0.008274027163682569 0.0067483693789710539
decision_type=2 2 2 2 2 2 2 2 2 2
left_child=2 -2 3 -1 6 -6 -3 8 -4 -9
right_child=1 4 7 -5 5 -7 -8 9 -10 -11
leaf_value=0.011465642831339863 -0.022417275279162714 0.026711341747782197 0.01720037480722016 -0.023689704605904419 -0.020613163846968749 0.0039464058368750528 -0.0072474679630899945 0.029421667579190264 -0.0022175825791367998 0.0092882501018964995
leaf_weight=10.606232658028604 14.248279646039007 11.229145169258119 8.577346548438074 11.137368932366369 18.735429167747498 28.946734353899956 9.0165644884109479 11.435655251145365 19.236623227596283 7.6734745055437079
leaf_count=44 59 46 36 45 76 118 37 49 80 32
internal_value=0.000374875 -0.00470455 0.00662699 -0.00638832 -0.000239796 -0.00584303 0.0116214 0.0129793 0.0040196 0.0236935
internal_weight=150.843 82.1762 68.6667 21.7436 67.9279 47.6822 20.2457 46.9231 27.814 19.1091
internal_count=622 336 286 89 277 194 83 197 116 81
is_linear=0
shrinkage=0.03


Tree=31
num_leaves=7
num_cat=0
split_feature=33 28 34 36 17 9
split_gain=6.40339 5.78759 4.89649 9.19153 6.7919 2.66082
threshold=0.94588963963963979 1.5000000000000002 0.011075997280348361 0.0081443842700233398 -2.6677265826343723 0.094385371863424328
decision_type=2 2 2 2 2 2
left_child=1 -1 3 -3 -4 -2
right_child=5 2 4 -5 -6 -7
leaf_value=0.023329713743049589 -0.027118388112510685 -0.0099178618854365089 -0.010305307374631263 0.01572410614711316 0.013165089692031501 -0.0018469942186191304
leaf_weight=9.2987876385450345 7.7017545998096493 56.206637725234032 12.438023760914801 13.820681035518644 42.356139466166496 8.9203289449214918
leaf_count=38 31 231 51 58 177 36
internal_value=0.000373025 0.00271997 0.00072263 -0.00435278 0.00739802 -0.0160168
internal_weight=150.742 134.12 124.821 70.0273 54.7942 16.6221
internal_count=622 555 517 289 228 67
is_linear=0
shrinkage=0.03


Tree=32
num_leaves=9
num_cat=0
split_feature=33 25 11 16 33 20 23 11
split_gain=6.11472 5.65374 9.42269 4.44785 7.86723 4.32369 3.42767 3.11237
threshold=0.94588963963963979 0.10372413793103449 0.051879784449386353 -0.33372328351338781 0.42129870129870134 0.024545081215030365 0.87911375701455274 0.039898460474686599
decision_type=2 2 2 2 2 2 2 2
left_child=1 2 6 4 -3 -5 -1 -2
right_child=7 3 -4 5 -6 -7 -8 -9
leaf_value=-0.010134002638347489 -0.027205778276477504 -0.00070945098268668325 -0.02499949359783319 -0.0046083383253721303 0.024139792228432426 0.014313969144218362 0.010607940980793743 -0.00055271914406118618
leaf_weight=8.3517462909221667 7.9467552602291134 18.010094627737999 13.611577287316321 37.201933071017265 24.517912700772285 12.961005002260206 19.385040476918221 8.6710288971662504
leaf_count=34 32 76 55 154 103 53 80 35
internal_value=0.000357626 0.00265439 -0.0061902 0.00680568 0.0137204 0.000354573 0.00359644 -0.0156575
internal_weight=150.657 134.039 41.3484 92.6909 42.528 50.1629 27.7368 16.6178
internal_count=622 555 169 386 179 207 114 67
is_linear=0
shrinkage=0.03


Tree=33
num_leaves=13
num_cat=0
split_feature=37 21 21 18 36 38 10 5 36 2 19 35
split_gain=5.04965 6.4653 8.09825 6.87019 6.01093 7.97456 5.32001 5.09681 4.65617 3.83803 2.95376 0.633256
threshold=0.018586599097880966 0.014229405202104658 0.017087044189056721 0.71959821607836216 0.004979456732467284 0.0068827974673407897 0.0051095723190696116 0.10409542193282152 0.0076378465208449446 -0.0021394298418002662 0.085915642590069841 0.062108917370563572
decision_type=2 2 2 2 2 2 2 2 2 2 2 2
left_child=1 3 6 11 7 -6 -3 10 -4 -7 -2 -1
right_child=4 2 8 -5 5 9 -8 -9 -10 -11 -12 -13
leaf_value=0.034359394059734663 0 0.00036961991132891507 0.014740173714930742 0 0.010989705957036215 -0.0014053139321651112 -0.030602530702888667 -0.01086387197806394 -0.0094271675548556425 -0.022737816612037803 0.025837386359321882 0.011873968277822397
leaf_weight=9.6576114743948036 7.6512251645326677 7.425054848194125 22.195604473352436 12.576998621225355 9.6871618181467039 12.638449400663374 8.8795263320207578 7.6523611247539511 7.8149713426828376 27.878769680857658 8.8082880228757841 7.6610927730798712
leaf_count=43 31 31 92 52 40 52 36 31 32 113 36 33
internal_value=0.000328203 0.0057716 -0.00104185 0.0162009 -0.00506238 -0.0109476 -0.0171792 0.00651694 0.00778243 -0.0168155 0.0157118 0.0274482
internal_weight=150.527 76.2109 46.3152 29.8957 74.3163 50.2044 16.3046 24.1119 30.0106 40.5172 16.4595 17.3187
internal_count=622 319 191 128 303 205 67 98 124 165 67 76
is_linear=0
shrinkage=0.03


Tree=34
num_leaves=7
num_cat=0
split_feature=33 28 36 35 7 14
split_gain=5.70845 5.59023 4.59371 5.45631 3.10989 2.15657
threshold=0.94588963963963979 1.5000000000000002 0.0080971336052504759 -0.0048633063187535344 0.0042246633307368017 59.154325532335413
decision_type=2 2 2 2 2 2
left_child=1 -1 3 -3 -4 -2
right_child=5 2 4 -5 -6 -7
leaf_value=0.022833640398775803 -0.025508342383009138 -0.013660796896149997 0.026458724963183376 0.0018974562666525835 0.0005433739272653024 -0.0023020323081663699
leaf_weight=9.264284282922743 7.4520243853330639 24.334481745958328 7.5197011381387737 82.846602723002434 9.7833177298307401 9.1485746353864652
leaf_count=38 30 100 33 344 40 37
internal_value=0.000327927 0.00255421 0.000589201 -0.00168305 0.0141575 -0.0151484
internal_weight=150.349 133.748 124.484 107.181 17.303 16.6006
internal_count=622 555 517 444 73 67
is_linear=0
shrinkage=0.03


Tree=35
num_leaves=10
num_cat=0
split_feature=18 21 16 18 8 35 34 16 21
split_gain=6.22542 8.2409 8.00636 6.25546 17.6441 4.99263 6.77726 4.36342 2.4829
threshold=0.74565975695598563 0.013981960567036206 0.32818733958512075 0.55318104958042458 -0.022039599767146693 -0.031479363654649699 -0.0071514864354860199 6.9980241931076597 0.016806795291501236
decision_type=2 2 2 2 2 2 2 2 2
left_child=1 2 -1 4 -3 -2 -7 -8 -5
right_child=5 3 -4 8 -6 6 7 -9 -10
leaf_value=0.029785055327623704 0.0080482048830928278 0.012097330412978719 -0.0030140171365938785 -0.0012992569210447326 -0.027148146494186821 -0.033463783084856154 -0.015332715951825801 0.0021599126747669064 0.016719819430993599
leaf_weight=16.609742611646656 12.998150169849394 17.286210775375366 8.7275546938180906 8.5419807583093661 19.827384799718857 8.4225236773490888 20.624199494719505 25.877862617373466 15.475146800279616
leaf_count=73 53 72 37 35 81 34 84 105 64
internal_value=-0.000374467 0.00481736 0.0185446 -0.00104191 -0.00880158 -0.00714711 -0.0111631 -0.00560134 0.0101274
internal_weight=154.391 86.468 25.3373 61.1307 37.1136 67.9227 54.9246 46.5021 24.0171
internal_count=638 362 110 252 153 276 223 189 99
is_linear=0
shrinkage=0.03


Tree=36
num_leaves=9
num_cat=0
split_feature=9 28 34 36 0 17 0 9
split_gain=6.70935 9.7522 7.00114 8.22409 6.33771 5.7157 3.94462 0.608307
threshold=0.010536524892418896 11.500000000000002 0.010103050245114488 0.0066665461986932864 -0.0044594821208384641 -2.8853909468818197 0.0094101774764445718 -0.035340435554469432
decision_type=2 2 2 2 2 2 2 2
left_child=5 2 4 -4 -2 -1 7 -7
right_child=1 -3 3 -5 -6 6 -8 -9
leaf_value=-0.009999032337993265 0 0.020360614372919632 0.0062503216800303867 -0.018766684601308755 -0.022887352312679424 0.033989630494440939 0.0017166996549924473 0.012649086885891224
leaf_weight=7.5527015328407279 16.019517242908478 11.004137456417082 45.123331263661385 13.789093077182768 31.016551166772842 7.0855202972888973 12.750850528478621 9.8866191655397433
leaf_count=31 66 47 186 57 126 30 53 42
internal_value=-0.000364467 -0.00400086 -0.00700043 0 -0.0153747 0.0102856 0.0162182 0.0249929
internal_weight=154.228 116.953 105.948 58.9124 47.0361 37.2757 29.723 16.9721
internal_count=638 482 435 243 192 156 125 72
is_linear=0
shrinkage=0.03


Tree=37
num_leaves=9
num_cat=0
split_feature=9 38 7 18 34 17 36 3
split_gain=6.38876 6.53839 7.69885 9.49446 6.4637 5.4772 3.2529 2.7351
threshold=0.010536524892418896 0.011608288433260254 0.0042246633307368017 0.55318104958042458 0.010103050245114488 -2.8853909468818197 0.0063755296264285779 0.014796733249723306
decision_type=2 2 2 2 2 2 2 2
left_child=5 2 3 -2 -4 -1 -7 -8
right_child=1 -3 4 -5 -6 6 7 -9
leaf_value=-0.0097511278689801396 -0.0067769186472159655 -0.022626141736028914 -0.017294958235445555 0.022348931467079308 0.00069077911443234585 0 0.030240517997221383 0.0059009296975319186
leaf_weight=7.5630590915679923 15.818143814802168 12.766079664230345 29.15481248497963 20.53323358297348 38.64520126581192 7.3435215502977398 12.171501457691194 10.125951886177061
leaf_count=31 66 52 119 87 158 31 52 42
internal_value=-0.000335403 -0.00388507 -0.0010636 0.00959135 -0.00710235 0.0100663 0.0158936 0.0212001
internal_weight=154.122 116.917 104.151 36.3514 67.8 37.204 29.641 22.2975
internal_count=638 482 430 153 277 156 125 94
is_linear=0
shrinkage=0.03


Tree=38
num_leaves=13
num_cat=0
split_feature=37 38 38 36 13 2 17 38 0 38 38 22
split_gain=6.18914 5.29725 8.8573 4.93642 4.44444 7.09124 7.77277 4.43012 3.55541 3.2939 5.22009 1.08417
threshold=0.016216918756090663 0.0074198193490818505 0.0099088576295996086 0.0048865997776431375 1.0771803491629728 0.01691849872756224 -2.3105156582922386 0.011362102376311458 -0.0028608051285828324 0.010479745936924247 0.0082385551693436119 0.086577483018530091
decision_type=2 2 2 2 2 2 2 2 2 2 2 2
left_child=4 8 3 -3 5 6 -1 -4 -2 10 -6 -10
right_child=1 2 7 -5 9 -7 -8 -9 11 -11 -12 -13
leaf_value=0 0.020383169800553349 -0.00036088282478038194 0.016496515281778701 -0.026550997447406091 -0.0086652329801736767 -0.0092061509386725613 0.028876252201485469 -0.0079693936667480977 -0.0097516312082459849 -0.012826601167800282 0.022003484897811263 0.0041393356731915755
leaf_weight=14.922736272215841 7.2624105960130718 10.108997255563734 10.36874793469906 25.327624976634979 8.2449142038822192 9.366831496357916 20.388008698821068 11.826329514384268 7.5771015435457212 13.975722685456274 7.3226792514324179 7.2997285425662994
leaf_count=62 30 41 43 103 34 39 88 48 31 58 31 30
internal_value=-0.000323501 -0.00614145 -0.0109186 -0.0198988 0.00572978 0.0115749 0.0176874 0.00325908 0.00554697 -0.00280748 0.00576954 -0.00236405
internal_weight=153.992 79.7709 57.6317 35.4366 74.2209 44.6776 35.3107 22.1951 22.1392 29.5433 15.5676 14.8768
internal_count=638 326 235 144 312 189 150 91 91 123 65 61
is_linear=0
shrinkage=0.03


Tree=39
num_leaves=7
num_cat=0
split_feature=12 11 19 33 23 17
split_gain=5.849 5.82295 5.57077 4.30353 3.60238 0.860711
threshold=45.046941824359955 -0.041311575825680895 0.1897331480386546 0.47744233378561746 1.0106956072025726 1.3053603329262076
decision_type=2 2 2 2 2 2
left_child=4 -2 3 -3 5 -1
right_child=1 2 -4 -5 -6 -7
leaf_value=0.028213921949828143 0.017983793473819846 -0.018525134187449752 -0.024092898603718101 -0.00025279144816397185 0 0.0068974632194268659
leaf_weight=7.5444837361574191 8.573164299130438 11.504213273525236 10.639959931373594 96.038986146450043 12.534826278686522 7.0003738105297089
leaf_count=32 35 48 43 397 53 30
internal_value=-0.000307356 -0.00314034 -0.00507129 -0.00264691 0.0117416 0.020935
internal_weight=153.836 126.756 118.183 107.543 27.0797 14.5449
internal_count=638 523 488 445 115 62
is_linear=0
shrinkage=0.03


Tree=40
num_leaves=13
num_cat=0
split_feature=21 18 11 21 11 9 15 5 36 15 35 26
split_gain=8.37109 7.40374 6.39529 5.79389 6.38098 8.21662 5.87215 3.92466 2.00738 1.25323 1.13938 1.12996
threshold=0.013835673276505674 0.66522800644807689 0.025745218586607502 0.016620962079668285 0.078978588193734614 0.08854024296099626 35.028507586957545 0.1029378263256794 0.0048259534684368431 7.8336452483023775 0.060796940402693463 0.30958417849898584
decision_type=2 2 2 2 2 2 2 2 2 2 2 2
left_child=1 10 9 6 5 -5 -2 -6 -8 -3 -1 -4
right_child=3 2 11 4 7 -7 8 -9 -10 -11 -12 -13
leaf_value=0.031805994294097223 0.0033818153629331833 -0.019787776193103637 0.019280104732605333 0.00017497893537015988 -0.026023532053624027 0.030050722461500617 -0.0080065302529814929 0 -0.032170295678789769 -0.00057323987585923726 0.010013906806567753 0.0011686595967506878
leaf_weight=10.546803504228594 9.0819683521986025 7.2405988574028033 9.5525531470775622 45.048528611660004 8.693149462342264 8.4608302116394025 9.1304578036069888 11.066409677267073 10.562989205121992 7.3182171732187271 8.9199589639902097 7.2184723019599906
leaf_count=48 38 30 39 186 35 35 37 45 43 30 39 30
internal_value=0.000977893 0.0107721 0.000909552 -0.00386674 0.000511259 0.00608164 -0.0148103 -0.0130566 -0.0234297 -0.012271 0.0243826 0.0132389
internal_weight=152.841 50.7966 31.3298 102.044 73.2689 53.5094 28.7754 19.7596 19.6934 14.5588 19.4668 16.771
internal_count=635 216 129 419 301 221 118 80 80 60 87 69
is_linear=0
shrinkage=0.03


Tree=41
num_leaves=10
num_cat=0
split_feature=21 16 15 25 21 15 11 4 18
split_gain=7.97664 9.20003 8.01492 5.73631 5.44004 6.15254 5.76701 3.12495 0.980046
threshold=0.013835673276505674 0.49375329242502192 6.4212524492519636 0.0096638655462184895 0.016620962079668285 35.028507586957545 0.078978588193734614 0.035649489967194421 0.66759639133741477
decision_type=2 2 2 2 2 2 2 2 2
left_child=1 8 -3 -2 5 -5 -6 -4 -1
right_child=3 2 7 4 6 -7 -8 -9 -10
leaf_value=0.029489732198794694 -0.022598758091362858 -0.022135661253772219 0.018913388977350253 0.0069304110074833074 0.0090128945843556563 -0.02174307331350403 -0.0099803703469551718 -0.002387540654116024 0.0085095076187798636
leaf_weight=14.466063454747202 10.84244868159294 8.660766005516054 11.262931004166605 8.1007226556539553 47.816758468747139 17.463149398565292 17.787436962127686 8.8460765182971937 7.4190391451120368
leaf_count=66 44 36 47 34 198 71 72 36 31
internal_value=0.000955591 0.0105346 -0.00035852 -0.00376791 -0.000930354 -0.0122692 0.00349841 0.0094962 0.0243135
internal_weight=152.665 50.6549 28.7698 102.011 91.1681 25.5639 65.6042 20.109 21.8851
internal_count=635 216 119 419 375 105 270 83 97
is_linear=0
shrinkage=0.03


Tree=42
num_leaves=10
num_cat=0
split_feature=17 11 22 40 0 17 20 15 32
split_gain=5.12041 4.42936 4.49425 5.59742 4.7488 2.79639 3.04315 2.74898 2.63457
threshold=-2.8418892389356745 0.081824808596709056 -0.22222278601700104 0.017280220207760991 0.011042188195752535 -6.1667016321011934 0.021837289008767791 119.31208382134669 -0.0060207405644696612
decision_type=2 2 2 2 2 2 2 2 2
left_child=5 2 3 -2 -4 8 -7 -3 -1
right_child=1 7 4 -5 -6 6 -8 -9 -10
leaf_value=-0.0096884196688450924 0.0083798755811247093 0.0015696858038987426 0.015738531165739224 -0.017479008653305188 0.00010929972035374619 -0.00082804160726829691 -0.026735157452646888 -0.020678776074753893 0.011848359605291509
leaf_weight=9.0904053151607531 13.261530712246897 7.4877188354730588 46.851139232516289 12.37035349011421 30.358492836356163 8.5634530484676379 9.3023970723152143 7.6827966421842575 7.4747872948646537
leaf_count=37 56 31 199 51 125 36 38 31 31
internal_value=0.000923644 0.00398924 0.00633425 -0.00391902 0.00994048 -0.00881408 -0.016406 -0.00992024 0
internal_weight=152.443 118.012 102.842 25.6319 77.2096 34.431 17.8659 15.1705 16.5652
internal_count=635 493 431 107 324 142 74 62 68
is_linear=0
shrinkage=0.03


Tree=43
num_leaves=13
num_cat=0
split_feature=21 38 38 15 15 33 33 20 33 10 27 15
split_gain=7.38173 6.27225 7.88794 6.88489 6.47745 11.6506 8.62969 5.85816 5.00514 2.23151 2.05551 1.05649
threshold=0.013835673276505674 0.009538205352506603 0.010479745936924247 2.6919873221083757 61.189112542753996 0.72742373905164615 0.74773356812156233 0.01595276444085433 0.67812711378250412 0.022641028866369543 1.5000000000000002 44.514212774186525
decision_type=2 2 2 2 2 2 2 2 2 2 2 2
left_child=7 4 11 -4 5 -2 -6 8 -1 10 -9 -3
right_child=1 2 3 -5 6 -7 -8 9 -10 -11 -12 -13
leaf_value=0.011010787103084427 -0.01786330982736771 0.0066245803765051367 0.0093363999348167592 -0.014763662646288318 -0.00066342825019742612 0.021659464625314626 -0.035601795665292015 0.0074273309189253362 -0.016217973087178528 0.0029069409148528838 0.031143447382559631 0.028888817048834881
leaf_weight=10.314519926905634 12.43900288641453 7.1428517550230008 17.253318503499031 21.208335146307945 12.284642577171327 10.529731452465056 13.811346292495726 8.9699149876833015 9.7188684791326505 9.2480138391256315 12.158908963203428 7.2173439860343933
leaf_count=46 51 30 72 87 50 43 56 39 40 38 53 30
internal_value=0.000879475 -0.00365753 0.00326444 -0.0036549 -0.0112393 0 -0.0209065 0.0101253 -0.00179109 0.0180725 0.0232366 0.020895
internal_weight=152.297 101.887 52.8218 38.4617 49.0647 22.9687 26.096 50.4102 20.0334 30.3768 21.1288 14.3602
internal_count=635 419 219 159 200 94 106 216 86 130 92 60
is_linear=0
shrinkage=0.03


Tree=44
num_leaves=12
num_cat=0
split_feature=21 18 38 28 38 15 15 4 12 32 35
split_gain=7.02028 6.80531 6.00932 6.92933 6.51196 6.51586 5.47664 4.64798 3.20465 1.72145 1.14699
threshold=0.013835673276505674 0.66522800644807689 0.0093680030557112409 2.5000000000000004 0.010479745936924247 2.6919873221083757 7.8336452483023775 0.037931244289305395 74.083568863452356 0.0047726031257377963 0.060796940402693463
decision_type=2 2 2 2 2 2 2 2 2 2 2
left_child=1 10 3 -2 9 -6 -3 -5 -8 -4 -1
right_child=2 6 4 7 5 -7 8 -9 -10 -11 -12
leaf_value=0.030510320704504042 0.0048665619370362352 -0.018891415993641279 0.0051316197365348665 -0.025560113027861753 0.0090993097440639284 -0.014344668850488324 0 0 0.022004706736554743 0.027885589940606911 0.0090895216134653546
leaf_weight=10.231176659464838 14.378766894340513 7.2499990165233639 9.1339911669492739 22.863596349954605 17.22433814406395 21.231037929654121 16.663518518209461 9.8238945752382261 7.3351708203554145 7.1456687003374091 8.8045987933874112
leaf_count=48 59 30 38 93 72 87 69 40 30 30 39
internal_value=0.000873764 0.00990496 -0.00354756 -0.011252 0.00297619 -0.0035425 0.000495951 -0.0186466 0.00793253 0.0178979 0.0231218
internal_weight=152.086 50.2845 101.801 47.0663 54.735 38.4554 31.2487 32.6875 23.9987 16.2797 19.0358
internal_count=635 216 419 192 227 159 129 133 99 68 87
is_linear=0
shrinkage=0.03


Tree=45
num_leaves=12
num_cat=0
split_feature=37 36 9 36 41 37 4 37 22 4 22
split_gain=8.00053 6.35658 5.96034 7.45857 4.78545 6.98045 5.76136 4.04423 3.31123 3.10751 2.25086
threshold=0.015771911015813437 0.0050164524044988478 0.026745968867108214 0.0063903117896531372 1.0000000180025095e-35 -0.014209895761508438 0.048421792602497023 -0.021004474518653168 -0.10102388035442998 0.027635696587817064 -0.0020725868686856104
decision_type=2 2 2 2 2 2 2 2 2 2 2
left_child=4 8 3 -3 5 10 7 -6 -2 -4 -1
right_child=1 2 9 -5 6 -7 -8 -9 -10 -11 -12
leaf_value=0.015726299254354842 0.015591424777521375 -0.019583696152960302 -0.0092627171360444814 0.012825997763493547 -0.00017812209726194723 -0.022372144329057455 -0.010695854533186007 0.020057438550187469 -0.0048358952192417018 -0.0309840799943953 -0.0038347304205922786
leaf_weight=9.1606435924768466 10.388510599732401 9.2808686941862124 16.321996495127678 12.594887390732763 10.03718727827072 9.9572703540325147 7.2802985757589331 31.898732587695122 13.726051211357115 16.046335071325302 7.0644739866256741
leaf_count=39 43 38 67 53 42 41 30 139 56 65 30
internal_value=-0.00153264 -0.00821919 -0.0138252 -0.000784357 0.00525543 -0.00449763 0.0107098 0.0150851 0.00390989 -0.0216438 0.00690014
internal_weight=153.757 78.3586 54.2441 21.8758 75.3986 26.1824 49.2162 41.9359 24.1146 32.3683 16.2251
internal_count=643 322 223 91 321 110 211 181 99 132 69
is_linear=0
shrinkage=0.03


Tree=46
num_leaves=10
num_cat=0
split_feature=37 7 38 19 20 28 41 21 12
split_gain=7.55416 5.72083 9.76987 5.27452 9.89429 6.07301 4.83582 4.90948 4.35382
threshold=0.015771911015813437 0.015437569020659707 0.010305555402978782 0.1897331480386546 0.027408899188466642 2.5000000000000004 1.0000000180025095e-35 0.013880976513830062 47.783313715943358
decision_type=2 2 2 2 2 2 2 2 2
left_child=1 6 -3 4 5 -2 8 -8 -1
right_child=3 2 -4 -5 -6 -7 7 -9 -10
leaf_value=0.010385947978598748 0.0081934440174826761 0.0082641188599868829 -0.030440311161108315 -0.028377018228079844 0.020759868140555162 -0.014078583950386284 0.029239628892320849 0.0057825218320591409 -0.015912943270549925
leaf_weight=9.6679927110672015 11.728700071573256 12.010075807571413 7.8817180246114722 8.3669886887073499 9.4632609188556653 48.75542739033699 14.034514233469961 22.909398704767227 8.7365835160016996
leaf_count=42 48 50 32 34 39 201 65 96 36
internal_value=-0.00151133 0.00509052 -0.00776646 -0.00800962 -0.00464372 -0.00939565 0.0100825 0.0161227 -0.00169901
internal_weight=153.555 75.2403 19.8918 78.3144 69.9474 60.4841 55.3485 36.9439 18.4046
internal_count=643 321 82 322 288 249 239 161 78
is_linear=0
shrinkage=0.03


Tree=47
num_leaves=11
num_cat=0
split_feature=37 36 38 7 38 9 41 15 36 22
split_gain=7.13172 6.02593 6.6494 5.45092 9.3014 4.95122 4.61745 5.56163 4.81877 3.1486
threshold=0.015771911015813437 0.0050164524044988478 0.0073522408624028821 0.015437569020659707 0.010305555402978782 -0.0049917726472514688 1.0000000180025095e-35 12.284567539865916 0.0059705961288365802 -0.10102388035442998
decision_type=2 2 2 2 2 2 2 2 2 2
left_child=3 9 -3 6 -5 -4 7 -1 -8 -2
right_child=1 2 5 4 -6 -7 8 -9 -10 -11
leaf_value=0.010950395390310846 0.015411657702746911 0.0035535344209371555 0.00054916024473078103 0.0080576246164648525 -0.029694110523295538 -0.024046653322329862 0.003616750178659936 -0.019036293480109493 0.026329871651768619 -0.0044939488348408694
leaf_weight=10.599404469132425 10.371615320444109 13.730115219950674 7.7458190768957129 11.999737352132799 7.8875494599342337 32.748167797923088 19.002754688262939 7.795483946800231 17.775994196534157 13.726819217205046
leaf_count=46 43 57 32 50 32 134 81 32 80 56
internal_value=-0.00146073 -0.00777286 -0.0132386 0.00496182 -0.00757505 -0.0191845 0.00984999 -0.00164263 0.0157731 0.00402291
internal_weight=153.383 78.3225 54.2241 75.0609 19.8873 40.494 55.1736 18.3949 36.7787 24.0984
internal_count=643 322 223 321 82 166 239 78 161 99
is_linear=0
shrinkage=0.03


Tree=48
num_leaves=9
num_cat=0
split_feature=12 34 35 0 7 20 27 37
split_gain=6.80486 8.23432 5.77332 4.78766 7.57777 6.14787 4.23806 0.407571
threshold=45.126261896273185 -0.019443168368988236 -0.03740733760333486 -0.0026119664600226518 0.013703809765526345 0.024004892328175913 2.5000000000000004 -0.013572797848636074
decision_type=2 2 2 2 2 2 2 2
left_child=6 2 -2 4 -3 -5 7 -1
right_child=1 3 -4 5 -6 -7 -8 -9
leaf_value=0.02629696038352218 -0.00098058484803614007 0.015364734068058692 -0.03249005184394986 -0.01099526378890426 -0.012155421098421177 0.0097747218504683833 -0.00092533972526888213 0.0079756209213768248
leaf_weight=8.6852340549230593 10.039580434560778 28.197711437940598 12.372066602110861 48.669373005628586 10.531996622681616 14.73220671713352 12.627150937914847 7.3287435024976757
leaf_count=38 43 120 51 201 43 61 54 32
internal_value=-0.00141007 -0.00454927 -0.0202262 -0.000642673 0.00728334 -0.0057884 0.0111568 0.0205614
internal_weight=153.184 124.543 22.4116 102.131 38.7297 63.4016 28.6411 16.014
internal_count=643 519 94 425 163 262 124 70
is_linear=0
shrinkage=0.03


Tree=49
num_leaves=12
num_cat=0
split_feature=37 36 38 14 28 33 38 20 34 34 10
split_gain=6.56606 5.67185 6.28027 5.81703 4.86597 8.6714 4.78531 4.77327 4.27878 2.5825 1.14229
threshold=0.015771911015813437 0.0050164524044988478 0.0073522408624028821 2.9817204922038631 10.500000000000002 0.65300468971534531 0.010305555402978782 0.022697141314142463 -0.016595833261163814 0.019660912603066353 0.02667201324964719
decision_type=2 2 2 2 2 2 2 2 2 2 2
left_child=4 9 -3 -4 5 7 -7 -1 -6 10 -2
right_child=1 2 3 -5 8 6 -8 -9 -10 -11 -12
leaf_value=0.019363305370623245 0.0003217107916538498 0.0035562151086520831 0.00099445616641999617 -0.024354585929173979 0 -0.0013697236049754382 -0.030475224146035592 -0.000601643072673466 0.031434371652803439 -0.0066158303399794479 0.018584733776985721
leaf_weight=18.417411893606186 7.2964091300964373 13.726075410842894 9.1075310409069044 31.364361733198166 7.1083264201879492 14.107363730669023 7.3968457579612723 19.653453201055527 8.1099882870912534 9.2972759604454023 7.4839997887611389
leaf_count=83 30 57 38 128 32 59 30 82 35 38 31
internal_value=-0.00136771 -0.00742562 -0.0127336 -0.0185188 0.00480519 0.00046914 -0.0137607 0.00916678 0.0188822 0.00400755 0.0115759
internal_weight=153.069 78.2757 54.198 40.4719 74.7934 59.5751 21.5042 38.0709 15.2183 24.0777 14.7804
internal_count=643 322 223 166 321 254 89 165 67 99 61
is_linear=0
shrinkage=0.03


end of trees

feature_importances:
macro_topix_vol_20=38
macro_topix_ret_20=32
macro_usdjpy_vol_20=31
macd_signal=23
volatility=23
price_position_20d=21
div_ma_10=20
month=20
macro_usdjpy_ret_60=18
vol_ratio=17
atr_pct=16
macd=15
return_1d=12
ma_20_60_cross=12
bb_pct_b=12
macro_usdjpy_ret_20=12
macro_nikkei_ret_20=12
return_20d=10
div_ma_60=10
macd_hist=10
bb_bandwidth=10
upper_shadow_pct=10
macd_hist_change=9
vol_change=8
return_2d=7
gap=7
return_3d=6
return_10d=6
ma_5_20_cross=6
rsi=6
rsi_change=6
return_5d=4
div_ma_20=4
candle_body_pct=4
macro_nikkei_above_200dma=4
lower_shadow_pct=3
div_ma_5=2
day_of_week=2
streak=1

parameters:
[boosting: gbdt]
[objective: binary]
[metric: binary_logloss]
[tree_learner: serial]
[device_type: cpu]
[data_sample_strategy: bagging]
[data: ]
[valid: ]
[num_iterations: 50]
[learning_rate: 0.03]
[num_leaves: 15]
[num_threads: 0]
[seed: 42]
[deterministic: 0]
[force_col_wise: 0]
[force_row_wise: 0]
[histogram_pool_size: -1]
[max_depth: 4]
[min_data_in_leaf: 30]
[min_sum_hessian_in_leaf: 0.001]
[bagging_fraction: 0.7]
[pos_bagging_fraction: 1]
[neg_bagging_fraction: 1]
[bagging_freq: 5]
[bagging_seed: 400]
[bagging_by_query: 0]
[feature_fraction: 0.6]
[feature_fraction_bynode: 1]
[feature_fraction_seed: 30056]
[extra_trees: 0]
[extra_seed: 12879]
[early_stopping_round: 0]
[early_stopping_min_delta: 0]
[first_metric_only: 0]
[max_delta_step: 0]
[lambda_l1: 0.5]
[lambda_l2: 2]
[linear_lambda: 0]
[min_gain_to_split: 0]
[drop_rate: 0.1]
[max_drop: 50]
[skip_drop: 0.5]
[xgboost_dart_mode: 0]
[uniform_drop: 0]
[drop_seed: 17869]
[top_rate: 0.2]
[other_rate: 0.1]
[min_data_per_group: 100]
[max_cat_threshold: 32]
[cat_l2: 10]
[cat_smooth: 10]
[max_cat_to_onehot: 4]
[top_k: 20]
[monotone_constraints: ]
[monotone_constraints_method: basic]
[monotone_penalty: 0]
[feature_contri: ]
[forcedsplits_filename: ]
[refit_decay_rate: 0.9]
[cegb_tradeoff: 1]
[cegb_penalty_split: 0]
[cegb_penalty_feature_lazy: ]
[cegb_penalty_feature_coupled: ]
[path_smooth: 0]
[interaction_constraints: ]
[verbosity: -1]
[saved_feature_importance_type: 0]
[use_quantized_grad: 0]
[num_grad_quant_bins: 4]
[quant_train_renew_leaf: 0]
[stochastic_rounding: 1]
[linear_tree: 0]
[max_bin: 255]
[max_bin_by_feature: ]
[min_data_in_bin: 5]
[bin_construct_sample_cnt: 200000]
[data_random_seed: 175]
[is_enable_sparse: 1]
[enable_bundle: 1]
[use_missing: 1]
[zero_as_missing: 0]
[feature_pre_filter: 1]
[pre_partition: 0]
[two_round: 0]
[header: 0]
[label_column: ]
[weight_column: ]
[group_column: ]
[ignore_column: ]
[categorical_feature: ]
[forcedbins_filename: ]
[precise_float_parser: 0]
[parser_config_file: ]
[objective_seed: 16083]
[num_class: 1]
[is_unbalance: 0]
[scale_pos_weight: 1]
[sigmoid: 1]
[boost_from_average: 1]
[reg_sqrt: 0]
[alpha: 0.9]
[fair_c: 1]
[poisson_max_delta_step: 0.7]
[tweedie_variance_power: 1.5]
[lambdarank_truncation_level: 30]
[lambdarank_norm: 1]
[label_gain: ]
[lambdarank_position_bias_regularization: 0]
[eval_at: ]
[multi_error_top_k: 1]
[auc_mu_weights: ]
[num_machines: 1]
[local_listen_port: 12400]
[time_out: 120]
[machine_list_filename: ]
[machines: ]
[gpu_platform_id: -1]
[gpu_device_id: -1]
[gpu_use_dp: 0]
[num_gpu: 1]

end of parameters

pandas_categorical:[]
