tree
version=v4
num_class=1
num_tree_per_iteration=1
label_index=0
max_feature_idx=44
objective=binary sigmoid:1
feature_names=return_1d return_2d return_3d return_5d return_10d return_20d div_ma_5 div_ma_10 div_ma_20 div_ma_60 ma_5_20_cross ma_20_60_cross rsi rsi_change macd macd_signal macd_hist macd_hist_change bb_pct_b bb_bandwidth atr_pct volatility vol_change vol_ratio candle_body_pct upper_shadow_pct lower_shadow_pct day_of_week month is_month_end is_month_start streak gap price_position_20d macro_usdjpy_ret_20 macro_usdjpy_ret_60 macro_usdjpy_vol_20 macro_topix_ret_20 macro_topix_vol_20 macro_topix_above_200dma macro_nikkei_ret_20 macro_nikkei_above_200dma macro_nikkei_vi macro_jgb10y macro_bias_score
feature_infos=[-0.16075447853892388:0.14851238980196113] [-0.23112422622882911:0.17264719246845939] [-0.25666827186906738:0.17428087986463625] [-0.23544631306597674:0.2267910128438051] [-0.26148078725398316:0.27237907735666567] [-0.27085663353264666:0.30647864199910502] [-0.18472944016119672:0.10388101324657213] [-0.2135466915067035:0.11725273432906039] [-0.23958694602298949:0.15761896058002806] [-0.30174514485440718:0.33745977739635824] [-0.14191375333919587:0.12059977742634564] [-0.11923871646278306:0.20349877639852987] [9.8484848484848584:92.168674698795186] [-31.270291837815677:31.880493062848927] [-95.750644212381076:136.49645996937602] [-86.189897526732551:127.56616717976907] [-55.294724479976225:46.688697792624701] [-23.076761030938066:17.698023577168158] [-0.39095007844419261:1.3162276816982865] [0.037583758288866648:0.39763662462164356] [0.017178864733941833:0.078272031503074574] [0.010116498261106279:0.064515912543609333] [-0.94213689304898152:5.2789522058823533] [0.48824475446011145:1.8480792761052385] [-1:1] [0:0.88784945439195939] [0:0.93827160493827155] [0:4] [1:12] none [0:1] [-7:7] [-0.11269722013523664:0.14446227929374] [0:1] [-0.10288784967882303:0.08505611680078462] [-0.13986255140503889:0.13160084488587853] [0.0024251968629527628:0.011841457708833433] [-0.22586490939044479:0.19897850606512013] [0.0040695656522785678:0.036437277456277402] [0:1] [-0.22859537662338159:0.23022297972565586] [0:1] none none none
tree_sizes=1195 1091 1417 1209 1145 883 996 880 887 1198 985 997 996 1000 1210 1065 867 872 892 1085 1076 871 1085 1079 1103 996 1308 992 1074 1288 1309 886 786 887 868 994 994 789 790 995 974 997 882 1079 1085 866 1102 786 889 975 888 871 1001

Tree=0
num_leaves=10
num_cat=0
split_feature=1 18 2 16 22 17 28 16 2
split_gain=15.4473 10.3017 9.04669 7.13294 6.66326 6.43042 4.49371 4.46628 3.70744
threshold=0.017883536034483231 0.80352029858935914 1.0000000180025095e-35 1.220185464187854 0.04115523288700685 -3.0117133619265357 6.5000000000000009 -0.31879793005539309 0.024697132354984944
decision_type=2 2 2 2 2 2 2 2 2
left_child=1 2 5 4 -2 -1 -5 -4 -3
right_child=3 8 7 6 -6 -7 -8 -9 -10
leaf_value=-0.025462716769433534 -0.06035072701965899 0.016276612180766013 -0.019587133275304817 -0.010364907591664972 -0.023197564570697486 -0.0050119048439404516 -0.032708229719220133 -0.043086930928587522 -0.014386005089791806
leaf_weight=16.74839361011982 9.9990409612655657 11.998849153518679 13.998657345771791 13.498705297708513 8.9991368651390058 47.24546854197979 14.498609393835066 11.748873129487036 7.4992807209491721
leaf_count=67 40 48 56 54 36 189 58 47 30
internal_value=-0.0182485 -0.0119981 -0.0167232 -0.0321879 -0.0454863 -0.0106074 -0.0215389 -0.0309348 0.00676205
internal_weight=156.235 109.24 89.7414 46.9955 18.9982 63.9939 27.9973 25.7475 19.4981
internal_count=625 437 359 188 76 256 112 103 78
is_linear=0
shrinkage=1


Tree=1
num_leaves=9
num_cat=0
split_feature=1 28 35 8 35 16 28 35
split_gain=14.6628 9.51124 10.0038 10.5222 7.84859 6.79805 4.26274 3.62622
threshold=0.017883536034483231 11.500000000000002 0.055900136275615082 -0.018775954905505994 1.0000000180025095e-35 1.220185464187854 6.5000000000000009 0.023227895630130061
decision_type=2 2 2 2 2 2 2 2
left_child=1 2 4 -4 -1 7 -7 -2
right_child=5 -3 3 -5 -6 6 -8 -9
leaf_value=0.0022398271770634748 -0.0061575928839863198 -0.01515985851571959 0.012566912154804167 -0.030992676424224142 0.022097645015321545 0.008980709118410337 -0.012777135134859941 -0.036098206159169421
leaf_weight=30.74639131128788 8.495754688978197 12.498930439352987 7.7496281415224075 7.9985523074865323 50.24551060795784 13.499637097120287 14.496122896671293 10.493934720754622
leaf_count=123 34 50 31 32 201 54 58 42
internal_value=0.00128599 0.0073777 0.0106896 -0.00971137 0.0149755 -0.0122937 -0.00188612 -0.0252809
internal_weight=156.224 109.239 96.7401 15.7482 80.9919 46.9854 27.9958 18.9897
internal_count=625 437 387 63 324 188 112 76
is_linear=0
shrinkage=0.03


Tree=2
num_leaves=12
num_cat=0
split_feature=2 28 36 2 37 25 31 36 14 20 11
split_gain=10.1323 15.3565 8.27068 10.6407 7.39453 4.8081 5.02956 4.13591 4.83867 3.74546 3.38372
threshold=1.0000000180025095e-35 6.5000000000000009 0.00760446360765783 -0.038447214435052161 0.0087152227498208407 0.062500510896398395 1.5000000000000002 0.0051001634941824246 22.043651889327752 0.027662806723203374 -0.010813808930398237
decision_type=2 2 2 2 2 2 2 2 2 2 2
left_child=2 5 3 -1 -4 -2 -7 8 -3 -5 -9
right_child=1 7 4 9 -6 6 -8 10 -10 -11 -12
leaf_value=-0.0087512504669310827 -0.009601644328129353 -0.017656112892478291 0.0095086554017804817 0.031611520643641054 -0.02480983334967727 0.02285936697556799 -0.00053347351797556068 -0.0036587458156884601 0.011622263460130604 0.011168318375129594 -0.029802480009139602
leaf_weight=11.248114198446272 8.4977849870920164 8.4946348667144758 9.4982851445674914 19.747528985142708 8.7487701922655088 17.747409164905552 11.995672032237051 7.9960642009973553 7.4967320114374152 23.495837062597275 21.23469777405262
leaf_count=45 34 34 38 79 35 71 48 32 30 94 85
internal_value=0.00122087 -0.00574277 0.00935178 0.0151577 -0.00703026 0.00778191 0.0135131 -0.0173424 -0.00333054 0.0218202 -0.0238235
internal_weight=156.202 83.463 72.7385 54.4915 18.2471 38.2409 29.7431 45.2221 15.9914 43.2434 29.2308
internal_count=625 334 291 218 73 153 119 181 64 173 117
is_linear=0
shrinkage=0.03


Tree=3
num_leaves=10
num_cat=0
split_feature=17 35 38 36 9 0 24 14 14
split_gain=12.0168 8.32446 8.51213 7.1592 9.19744 8.76767 8.45388 4.44715 3.42173
threshold=1.4994109500397361 0.042782929003027832 0.0082385551693436119 0.0078773298394208182 0.016627913865133879 -0.012191088967815565 -0.09149403640929063 -16.075365709993772 1.0000000180025095e-35
decision_type=2 2 2 2 2 2 2 2 2
left_child=3 2 -2 5 -5 8 -7 -4 -1
right_child=1 -3 7 4 -6 6 -8 -9 -10
leaf_value=0.0094318555403542694 -0.019808024708379522 -0.029295506289214034 0.023633778527838968 0.0081276682088833319 -0.028362509778158802 0.030695074344123066 0.0069173210279521802 -0.0033476510371863943 -0.0098938312114436842
leaf_weight=10.747444674372675 11.995017379522325 13.978975489735602 8.9963804483413714 11.497563362121584 9.2426277101039869 22.241932719945908 38.981524795293808 8.4946704953908903 19.990945875644684
leaf_count=43 48 56 36 46 37 89 156 34 80
internal_value=0.00117287 -0.0117799 -0.00166614 0.00641734 -0.00853843 0.0100599 0.0164906 0.0107615 -0.00251517
internal_weight=156.167 43.465 29.4861 112.702 20.7402 91.9618 61.2235 17.4911 30.7384
internal_count=625 174 118 451 83 368 245 70 123
is_linear=0
shrinkage=0.03


Tree=4
num_leaves=10
num_cat=0
split_feature=1 18 3 36 28 22 1 1 28
split_gain=13.0358 9.72697 12.8039 6.60009 5.89585 5.84662 4.69599 4.23798 0.788062
threshold=0.017883536034483231 0.80352029858935914 0.0062765989061588376 0.0039508120275769864 6.5000000000000009 0.021941577712382813 0.043767971890204767 -0.011688316616763615 6.5000000000000009
decision_type=2 2 2 2 2 2 2 2 2
left_child=1 2 3 -1 5 -2 -6 -4 -3
right_child=4 8 7 -5 6 -7 -8 -9 -10
leaf_value=-0.012330889940960994 -0.014186463871394897 0.031273959601729975 0 0.012695295218652791 -0.02903938348751298 0.014412006947727828 0 -0.025189975835629704 0.010237038415374286
leaf_weight=8.9967627823352796 10.98973421752453 11.49191425740719 7.7449771314859417 58.725056439638138 17.213474079966549 10.747348964214323 7.988003507256507 14.237521365284918 7.9951011538505545
leaf_count=36 44 46 31 235 69 43 32 57 32
internal_value=0.00113054 0.00688089 0.00229902 0.00889711 -0.0116743 0 -0.0209827 -0.0164492 0.0250973
internal_weight=156.13 109.191 89.7043 67.7218 46.9386 21.7371 25.2015 21.9825 19.487
internal_count=625 437 359 271 188 87 101 88 78
is_linear=0
shrinkage=0.03


Tree=5
num_leaves=7
num_cat=0
split_feature=28 37 10 28 23 2
split_gain=14.071 12.7532 8.49746 7.50538 5.60975 2.20218
threshold=11.500000000000002 0.071948764053894401 0.033977396959900104 3.5000000000000004 0.92657344136103192 -0.0042487777720175415
decision_type=2 2 2 2 2 2
left_child=1 2 3 -1 -4 -2
right_child=5 -3 4 -5 -6 -7
leaf_value=-0.01080401771314665 -0.0073306701913925998 -0.027957877782000342 0.0011499742938138489 0.0072264320545727843 0.026660432781749736 -0.034653519915581271
leaf_weight=26.735661715269089 7.9962083995342255 7.9929212629795066 12.986062213778494 70.920941725373268 24.724788159132004 7.4867709130048734
leaf_count=107 32 32 52 284 99 30
internal_value=0.0014599 0.00458753 0.00699748 0.00202192 0.0187538 -0.0238534
internal_weight=158.843 143.36 135.367 97.6566 37.7109 15.483
internal_count=636 574 542 391 151 62
is_linear=0
shrinkage=0.03


Tree=6
num_leaves=8
num_cat=0
split_feature=37 10 39 34 21 9 9
split_gain=9.82808 12.2607 7.89181 10.4959 6.39716 3.70092 8.05489
threshold=0.071948764053894401 0.035568581222257041 1.0000000180025095e-35 -0.014559244352543519 0.023942475051383118 0.093949279277489819 0.13867238324662637
decision_type=2 2 2 2 2 2 2
left_child=1 2 4 -4 -1 -3 -7
right_child=-2 5 3 -5 -6 6 -8
leaf_value=-0.0034690375374139375 -0.027298546588433611 0.0016564411266980234 -0.021682211225072693 0.0005275098963841916 0.024030211757808999 0.041522158490858642 0.0063495010646915876
leaf_weight=11.490115374326708 7.9887530505657187 11.237300679087637 24.724276706576347 62.931845113635063 14.984784692525862 10.982152059674265 14.484387621283529
leaf_count=46 32 45 99 252 60 44 58
internal_value=0.0013936 0.00334873 -0.00145387 -0.00591359 0.0121634 0.0179734 0.0239824
internal_weight=158.824 150.835 114.131 87.6561 26.4749 36.7038 25.4665
internal_count=636 604 457 351 106 147 102
is_linear=0
shrinkage=0.03


Tree=7
num_leaves=7
num_cat=0
split_feature=28 37 17 16 23 6
split_gain=13.094 11.6017 9.64593 11.7885 7.84678 3.4316
threshold=11.500000000000002 0.071948764053894401 1.0718213655968893 1.6517402702718524 0.79838148458411073 -0.0050057576687373229
decision_type=2 2 2 2 2 2
left_child=1 2 4 -4 -1 -2
right_child=5 -3 3 -5 -6 -7
leaf_value=-0.0043103892879522232 -0.004083385203756785 -0.026662706323342913 -0.018690488218337131 0.011509702359246263 0.016400318653574664 -0.035012384492269233
leaf_weight=18.733216285705566 7.4957140237092972 7.9816833883523932 23.205747038125992 19.234299182891846 74.169205203652382 7.9695803225040418
leaf_count=75 30 32 93 77 297 32
internal_value=0.00136297 0.0043832 0.00668492 -0.00476388 0.0120632 -0.0230648
internal_weight=158.789 143.324 135.342 42.44 92.9024 15.4653
internal_count=636 574 542 170 372 62
is_linear=0
shrinkage=0.03


Tree=8
num_leaves=7
num_cat=0
split_feature=28 37 17 23 18 6
split_gain=12.4661 11.0353 9.08748 7.41626 7.27741 3.26332
threshold=11.500000000000002 0.071948764053894401 1.0718213655968893 0.79838148458411073 0.37182542689283832 -0.0050057576687373229
decision_type=2 2 2 2 2 2
left_child=1 2 3 -1 -4 -2
right_child=5 -3 4 -5 -6 -7
leaf_value=-0.0041935783502890876 -0.0039868794274570234 -0.026048927496519419 -0.024186298165513338 0.015926376005215355 0.0024038256912780396 -0.034233584626805244
leaf_weight=18.73308490216732 7.4952597469091415 7.9719275236129752 10.483625665307043 74.144934237003326 31.942548960447311 7.9521133750677091
leaf_count=75 30 32 42 297 128 32
internal_value=0.00128864 0.00423792 0.00648506 0.0117073 -0.00462207 -0.0225566
internal_weight=158.723 143.276 135.304 92.878 42.4262 15.4474
internal_count=636 574 542 372 170 62
is_linear=0
shrinkage=0.03


Tree=9
num_leaves=10
num_cat=0
split_feature=12 40 7 16 12 1 23 0 33
split_gain=8.38139 10.7198 10.078 9.22487 5.17652 4.81407 7.26497 4.7808 1.56656
threshold=61.714955398211444 0.066210996742763109 -0.023283271291695457 -2.0098917969517536 43.788185672956466 0.024403778998944307 0.88636154494932129 0.026101518215373213 0.78046107100615858
decision_type=2 2 2 2 2 2 2 2 2
left_child=1 2 4 -4 -1 6 -2 -7 -8
right_child=5 -3 3 -5 -6 7 8 -9 -10
leaf_value=0.020324223020796495 -0.0019883922606866522 -0.033196343941477961 -0.017579333996721222 0.0038902506130511303 -0.004718007672991408 -0.015996968285028865 0.008010573945891105 0.012852716981920234 0.030609740312235265
leaf_weight=22.476649492979053 11.221714198589323 7.9726169407367697 34.150718361139297 32.944398209452629 8.4941656887531263 8.7366668879985827 7.7290509045124081 7.740661844611167 17.183682143688202
leaf_count=90 45 32 137 132 34 35 31 31 69
internal_value=0.00121153 -0.00354189 -0.000365816 -0.00701299 0.0131315 0.0108455 0.0167526 -0.00170805 0.0252722
internal_weight=158.65 106.039 98.0659 67.0951 30.9708 52.6118 36.1344 16.4773 24.9127
internal_count=636 425 393 269 124 211 145 66 100
is_linear=0
shrinkage=0.03


Tree=10
num_leaves=8
num_cat=0
split_feature=28 28 9 9 20 35 28
split_gain=10.3061 8.77831 10.5563 9.27631 7.29678 4.23456 8.36232
threshold=11.500000000000002 3.5000000000000004 0.0050989277574684053 0.049639977872368651 0.028283970840889485 0.023381480070996056 1.5000000000000002
decision_type=2 2 2 2 2 2 2
left_child=1 5 4 -4 -3 6 -1
right_child=-2 2 3 -5 -6 -7 -8
leaf_value=0.017341213280835169 -0.024940348975985224 0.03647946500107084 -0.0165755911205221 0.0059540692811972757 0.0068911002856775041 -0.028808010644364265 -0.015109647263444445
leaf_weight=8.227637708187105 14.174113437533377 10.732580304145811 23.694223716855049 42.867453351616859 25.705343842506409 8.2325308769941312 20.715646311640739
leaf_count=33 57 43 95 172 103 33 83
internal_value=-0.00225385 0.000253211 0.00487283 -0.0020967 0.0174411 -0.0117584 -0.00487556
internal_weight=154.35 140.175 103 66.5617 36.4379 37.1758 28.9433
internal_count=619 562 413 267 146 149 116
is_linear=0
shrinkage=0.03


Tree=11
num_leaves=8
num_cat=0
split_feature=28 28 34 34 23 34 11
split_gain=9.7887 8.32643 8.50123 10.5872 4.06004 6.66561 3.61918
threshold=11.500000000000002 3.5000000000000004 0.023653643876296874 -0.0066740783279718987 0.94053837768840465 1.0000000180025095e-35 0.083152158860368544
decision_type=2 2 2 2 2 2 2
left_child=1 4 3 -3 -1 -6 -4
right_child=-2 2 6 -5 5 -7 -8
leaf_value=-0.02681563777356091 -0.02431720942452819 -0.0049031443504002035 -0.01334481052368653 0.018927234413004965 0.0093175913320549392 -0.017987791561402466 0.006281029975681667
leaf_weight=9.4822444915771467 14.152779430150984 23.451826483011246 23.681236982345581 45.868861764669418 13.730219304561617 13.959969058632849 9.9718570411205274
leaf_count=38 57 94 95 184 55 56 40
internal_value=-0.00219128 0.000248301 0.00475086 0.0107435 -0.0114474 -0.00422755 -0.00708257
internal_weight=154.299 140.146 102.974 69.3207 37.1724 27.6902 33.6531
internal_count=619 562 413 278 149 111 135
is_linear=0
shrinkage=0.03


Tree=12
num_leaves=8
num_cat=0
split_feature=28 28 9 23 38 23 3
split_gain=9.28404 7.88933 10.2068 10.3548 10.1302 3.86423 3.56238
threshold=11.500000000000002 3.5000000000000004 0.0050989277574684053 0.78446365063736612 0.010861307634708715 0.94053837768840465 -0.012012567242931869
decision_type=2 2 2 2 2 2 2
left_child=1 5 4 -4 -3 -1 -7
right_child=-2 2 3 -5 -6 6 -8
leaf_value=-0.026162489156069672 -0.023715203553101791 0.033046070019762057 -0.026811743596182283 0.0029869897125883722 0.0012419573339520428 -0.016415764690533626 0.0038082318984810587
leaf_weight=9.4773963391780836 14.127826750278471 16.456406027078629 10.724220335483549 55.817194744944572 19.960349455475807 10.732401698827745 16.956469759345055
leaf_count=38 57 66 43 224 80 43 68
internal_value=-0.00214939 0.000222535 0.00460875 -0.00223893 0.0169766 -0.0111601 -0.00410327
internal_weight=154.252 140.124 102.958 66.5414 36.4168 37.1663 27.6889
internal_count=619 562 413 267 146 149 111
is_linear=0
shrinkage=0.03


Tree=13
num_leaves=8
num_cat=0
split_feature=28 28 9 34 38 23 34
split_gain=8.81191 7.49284 9.69644 11.3327 9.60158 3.67591 6.32063
threshold=11.500000000000002 3.5000000000000004 0.0050989277574684053 -0.0066740783279718987 0.010861307634708715 0.94053837768840465 1.0000000180025095e-35
decision_type=2 2 2 2 2 2 2
left_child=1 5 4 -4 -3 -1 -7
right_child=-2 2 3 -5 -6 6 -8
leaf_value=-0.025532413836509588 -0.023133112333045047 0.032204073547145058 -0.024737463269480245 0.0040821452830077333 0.0012081126221625408 0.0091760206696913788 -0.017410213152155449
leaf_weight=9.4694058597087842 14.099571138620375 16.432702675461769 13.709858343005179 52.820035442709923 19.959975555539131 13.730526372790338 13.957133173942564
leaf_count=38 57 66 55 212 80 55 56
internal_value=-0.00210302 0.000204002 0.00448235 -0.00218647 0.0165432 -0.0108873 -0.00399066
internal_weight=154.179 140.08 102.923 66.5299 36.3927 37.1571 27.6877
internal_count=619 562 413 267 146 149 111
is_linear=0
shrinkage=0.03


Tree=14
num_leaves=10
num_cat=0
split_feature=26 34 34 38 11 10 34 0 21
split_gain=5.88486 6.89022 9.64146 11.147 10.3235 6.92116 4.31225 5.2532 3.67098
threshold=0.46921224630202962 0.02349006098530915 -0.012685669110371887 0.010825274427929264 -0.036822907318179381 -0.0014928883254159973 0.019168293790070016 0.0066722872146032239 0.017113545833809356
decision_type=2 2 2 2 2 2 2 2 2
left_child=1 2 4 -4 -1 -3 7 -2 -7
right_child=6 5 3 -5 -6 8 -8 -9 -10
leaf_value=0.012830975917847582 -0.003606893946340008 0.0049296994940120093 0.019704623315115927 -0.0096366626312405744 -0.020155562469797193 -0.0014808386814861279 0.0026382717986762503 -0.03417215145535072 -0.029797529649456748
leaf_weight=11.726655900478365 11.697028324007993 13.963539361953734 44.299704790115356 13.44109335541725 19.883151516318321 7.703888043761256 8.7133593410253507 10.185437843203543 12.46966704726219
leaf_count=47 47 56 178 54 80 31 35 41 50
internal_value=-0.00205531 0.000810773 0.00529364 0.0125294 -0.00743654 -0.0101512 -0.0134232 -0.0201322 -0.0207693
internal_weight=154.084 123.488 89.3506 57.7408 31.6098 34.1371 30.5958 21.8825 20.1736
internal_count=619 496 359 232 127 137 123 88 81
is_linear=0
shrinkage=0.03


Tree=15
num_leaves=9
num_cat=0
split_feature=10 2 26 35 36 35 40 2
split_gain=7.93645 10.899 9.5281 9.59565 8.20276 7.36771 3.14845 2.80502
threshold=0.050329918786120593 1.0000000180025095e-35 0.26682847896440137 0.048026981734366044 0.0043653729591138397 0.0036970239351236116 0.07418991112433472 0.040602423269420436
decision_type=2 2 2 2 2 2 2 2
left_child=1 4 3 -3 -1 -6 -2 -4
right_child=6 2 7 -5 5 -7 -8 -9
leaf_value=-0.015933657845030324 0.024346793822808705 0.0093243469714199625 -0.027654744170386238 -0.022112896740202771 0 0.021154154662151127 0 -0.0040879039994057955
leaf_weight=9.2173061370849592 15.431303173303606 28.870725736021996 20.371364101767544 10.173108473420141 25.902412801980972 31.346381396055222 7.4609443992376319 8.7171157747507078
leaf_count=37 62 116 82 41 104 126 30 35
internal_value=0.00175811 -0.00100038 -0.00939393 8.93354e-05 0.00740758 0.0118298 0.0173569 -0.0217922
internal_weight=157.491 134.598 68.1323 39.0438 66.4661 57.2488 22.8922 29.0885
internal_count=633 541 274 157 267 230 92 117
is_linear=0
shrinkage=0.03


Tree=16
num_leaves=7
num_cat=0
split_feature=10 36 3 16 35 40
split_gain=7.54962 10.155 7.29843 9.46718 6.80443 2.98162
threshold=0.050329918786120593 0.0040092078562762885 0.0076358454576931365 1.6517402702718524 -0.041501841254739706 0.07418991112433472
decision_type=2 2 2 2 2 2
left_child=1 -1 4 -4 -3 -2
right_child=5 2 3 -5 -6 -7
leaf_value=-0.024202833426483914 0.02372590411292002 -0.0093644230669204711 -0.019956841691093595 0.0045885976705944609 0.012858862505444794 0
leaf_weight=13.180799722671507 15.412689238786699 13.445899918675421 23.31524059176445 29.120369762182236 55.467794135212898 7.4609443992376319
leaf_count=53 62 54 94 117 223 30
internal_value=0.0016956 -0.000992479 0.00175854 -0.0063821 0.00816949 0.016917
internal_weight=157.404 134.53 121.349 52.4356 68.9137 22.8736
internal_count=633 541 488 211 277 92
is_linear=0
shrinkage=0.03


Tree=17
num_leaves=7
num_cat=0
split_feature=10 36 6 18 3 40
split_gain=7.17895 9.62868 12.7254 7.64571 5.01402 2.82459
threshold=0.050329918786120593 0.0040092078562762885 -0.0021014629199918706 0.82032395290826232 -0.050372239859351291 0.07418991112433472
decision_type=2 2 2 2 2 2
left_child=1 -1 4 -4 -3 -2
right_child=5 2 3 -5 -6 -7
leaf_value=-0.023589572617915899 0.02312615485476071 -0.0012806510389149239 -0.013152893716431512 0.0076927871643222897 0.018152302589280082 0
leaf_weight=13.169910609722136 15.390229225158693 14.695652842521666 47.88107243180275 20.656537666916847 38.072511747479439 7.4609443992376319
leaf_count=53 62 59 193 83 153 30
internal_value=0.00163947 -0.000979026 0.00169691 -0.00661758 0.0126173 0.0164912
internal_weight=157.327 134.476 121.306 68.5376 52.7682 22.8512
internal_count=633 541 488 276 212 92
is_linear=0
shrinkage=0.03


Tree=18
num_leaves=7
num_cat=0
split_feature=28 13 1 9 9 36
split_gain=6.9008 6.1918 5.43646 4.87088 14.8714 9.62853
threshold=11.500000000000002 10.075888792879214 -0.0072521639719091971 0.0085935899108947941 0.057762417463941583 0.0065194584846861763
decision_type=2 2 2 2 2 2
left_child=1 3 -2 5 -5 -1
right_child=2 -3 -4 4 -6 -7
leaf_value=-6.3005235662792473e-05 0.00079398633169321174 -0.018179990325256308 -0.030959905216652688 -0.01703756688515113 0.0099905896728698807 0.023731556636493119
leaf_weight=28.086733222007751 7.6802826225757599 8.4699025303125364 7.8064980655908567 26.113750219345093 50.447762101888657 28.633545249700546
leaf_count=113 31 34 32 105 203 115
internal_value=0.00159393 0.00382422 -0.0160648 0.00558154 0.000381792 0.0120927
internal_weight=157.238 141.752 15.4868 133.282 76.5615 56.7203
internal_count=633 570 63 536 308 228
is_linear=0
shrinkage=0.03


Tree=19
num_leaves=9
num_cat=0
split_feature=10 2 26 11 36 11 23 2
split_gain=6.69326 9.59982 8.91197 8.09809 6.9887 4.60875 2.96257 2.57343
threshold=0.050329918786120593 1.0000000180025095e-35 0.26682847896440137 -0.03890033647972984 0.0043653729591138397 -0.051137582720913059 0.95000515529536556 0.040602423269420436
decision_type=2 2 2 2 2 2 2 2
left_child=1 4 3 -3 -1 -6 -2 -4
right_child=6 2 7 -5 5 -7 -8 -9
leaf_value=-0.014622415134981078 0 0.025078124317885624 -0.026535046821500548 -0.0063104763440853659 -0.008151578447185082 0.01436352630961801 0.023186824810699773 -0.0038591737492698281
leaf_weight=9.2024500221014005 8.2052517980337161 7.4720923602581015 20.299683019518856 31.503621563315392 7.4750445485115042 49.673796609044075 14.604966700077055 8.7049634605646116
leaf_count=37 33 30 82 127 30 200 59 35
internal_value=0.00152936 -0.000995678 -0.00888702 0.000271344 0.00689342 0.0109889 0.0158857 -0.0209012
internal_weight=157.142 134.332 67.9804 38.9757 66.3513 57.1488 22.8102 29.0046
internal_count=633 541 274 157 267 230 92 117
is_linear=0
shrinkage=0.03


Tree=20
num_leaves=9
num_cat=0
split_feature=23 13 1 21 21 35 4 15
split_gain=6.04171 8.36103 7.49381 6.02078 6.08661 5.46096 5.04606 4.23169
threshold=0.84149897532295836 6.1568304522023611 -0.00067951209877636909 0.014654666839906183 0.016171066711991602 0.035347488336312967 1.0000000180025095e-35 -5.3763332618067041
decision_type=2 2 2 2 2 2 2 2
left_child=2 3 6 -2 -5 -3 -1 -4
right_child=1 5 7 4 -6 -7 -8 -9
leaf_value=-0.0102350599469326 0.025680493720813376 0 -0.0026471123424977702 -0.018346862744072715 0.0065213028288321822 -0.030489867550052289 0.01821830185861897 -0.034249718872606347
leaf_weight=9.7115001082420367 11.877578377723692 12.43065629899502 7.6976354420185116 7.6973208636045447 84.161016240715981 7.4278755933046332 8.4459192603826505 10.163643419742582
leaf_count=39 48 50 31 31 339 30 34 41
internal_value=0.000206892 0.00346568 -0.0101748 0.00700188 0.0039311 -0.0132708 0.0027503 -0.0230233
internal_weight=159.613 123.594 36.0187 103.736 91.8583 19.8585 18.1574 17.8613
internal_count=643 498 145 418 370 80 73 72
is_linear=0
shrinkage=0.03


Tree=21
num_leaves=7
num_cat=0
split_feature=21 21 32 18 14 20
split_gain=5.63394 8.82656 4.89733 5.38005 3.63575 2.50779
threshold=0.014654666839906183 0.015914792093730586 0.011756824033495318 0.83958913738490815 -23.627032796951593 0.021132849202251947
decision_type=2 2 2 2 2 2
left_child=5 -2 3 -3 -4 -1
right_child=1 2 4 -5 -6 -7
leaf_value=0.025185245299540381 -0.028322975766790343 0 0.0056963641196862771 0.017068153373779663 -0.015880102629733595 0.00027379941137336416
leaf_weight=8.8883693516254443 8.423825800418852 86.125073611736298 7.4589058011770275 18.880780577659607 22.344753623008728 7.4230770319700232
leaf_count=36 34 347 30 76 90 30
internal_value=0.000174957 -0.00171134 0.000231642 0.00340548 -0.00998991 0.0159357
internal_weight=159.545 143.233 134.81 105.006 29.8037 16.3114
internal_count=643 577 543 423 120 66
is_linear=0
shrinkage=0.03


Tree=22
num_leaves=9
num_cat=0
split_feature=36 34 34 11 40 20 8 37
split_gain=5.52481 6.31192 8.82384 8.7588 8.67182 6.27221 6.73109 3.55488
threshold=0.0043209750435972902 0.025342927234021987 -0.011343942007222772 -0.036822907318179381 0.057174790697194118 0.027121511920441235 -0.019925765442215981 0.018586599097880966
decision_type=2 2 2 2 2 2 2 2
left_child=7 2 3 -2 -4 -3 -7 -1
right_child=1 5 4 -5 -6 6 -8 -9
leaf_value=0 0.012157892297264727 0.0066328091168089461 0.019571738248386508 -0.014167364765922917 -0.0045336135267350615 0.00082500085633249959 -0.030932908321167071 -0.02413283539172096
leaf_weight=8.4228892326354998 16.186359420418739 12.904827401041983 46.571116417646408 27.47416964173317 16.397365003824234 8.7056159824132919 12.184433534741402 10.648786708712576
leaf_count=34 65 52 188 111 66 35 49 43
internal_value=0.000175557 0.00238498 0.00603661 -0.00397419 0.0131174 -0.00841106 -0.0181272 -0.0140628
internal_weight=159.496 140.424 106.629 43.6605 62.9685 33.7949 20.89 19.0717
internal_count=643 566 430 176 254 136 84 77
is_linear=0
shrinkage=0.03


Tree=23
num_leaves=9
num_cat=0
split_feature=23 13 36 34 31 15 11 36
split_gain=5.63689 7.91911 7.07339 9.4208 4.63796 4.87646 3.68663 0.695573
threshold=0.84149897532295836 6.1568304522023611 0.0043209750435972902 0.038927536366978217 -1.4999999999999998 -3.4847716910268152 0.029505967447390428 0.0064814559958253403
decision_type=2 2 2 2 2 2 2 2
left_child=4 2 -2 -4 -1 -6 -3 -7
right_child=1 6 3 -5 5 7 -8 -9
leaf_value=0.0057036913232938512 -0.011742276659512012 -0.022628173731261129 0.013502525196886127 -0.014598647586547829 0 -0.011223711555200922 0.0010178696466984257 -0.034654302882430835
leaf_weight=9.9448739439249021 13.603451907634733 11.645819813013079 79.819761693477631 10.189398825168608 11.17455767095089 7.423008993268013 8.1830703467130643 7.4230349659919739
leaf_count=40 55 47 322 41 45 30 33 30
internal_value=0.000156403 0.00330983 0.00675681 0.00991015 -0.00987595 -0.0163478 -0.0129835 -0.0265528
internal_weight=159.407 123.442 103.613 90.0092 35.9655 26.0206 19.8289 14.846
internal_count=643 498 418 363 145 105 80 60
is_linear=0
shrinkage=0.03


Tree=24
num_leaves=9
num_cat=0
split_feature=23 1 34 37 40 17 35 15
split_gain=5.34557 7.05107 6.44925 5.3696 8.84568 6.66859 3.98537 3.78024
threshold=0.84149897532295836 -0.00067951209877636909 0.038927536366978217 0.036692300934979223 0.0077439691672269726 -1.3071533061287084 0.01753819340906038 -5.3763332618067041
decision_type=2 2 2 2 2 2 2 2
left_child=1 6 3 4 -2 -5 -1 -3
right_child=2 7 -4 5 -6 -7 -8 -9
leaf_value=-0.010987774489271827 0.00080334396947511822 -0.0026964188482979583 -0.014988391328871892 -0.019833350844353871 0.022185042294601432 0.0051992801586369011 0.014399608539068064 -0.032825410905033346
leaf_weight=7.7091312855482128 40.873559609055519 7.690764173865321 13.161760956048964 12.170737206935881 30.704655945301056 26.480274796485901 10.432622879743574 10.114091306924818
leaf_count=31 165 31 53 49 124 107 42 41
internal_value=0.000113628 -0.00965665 0.00318819 0.00572061 0.010533 -0.00290217 0.00284698 -0.0221552
internal_weight=159.338 35.9466 123.391 110.229 71.5782 38.651 18.1418 17.8049
internal_count=643 145 498 445 289 156 73 72
is_linear=0
shrinkage=0.03


Tree=25
num_leaves=8
num_cat=0
split_feature=1 18 1 25 37 11 12
split_gain=8.75361 10.4047 5.95049 5.38276 5.26707 4.41776 2.70508
threshold=0.024403778998944307 0.80352029858935914 0.032582650761374128 0.20054367656717512 0.052503169904171483 -0.049332189748757409 66.156636032109276
decision_type=2 2 2 2 2 2 2
left_child=1 4 -2 -4 5 -1 -3
right_child=2 6 3 -5 -6 -7 -8
leaf_value=-0.017437790374454511 -0.031974798357796839 0.0011332350708410908 0.0069145314753143372 -0.020905227897641432 -0.021885519169099352 0.0018326398607002835 0.025131534312930658
leaf_weight=10.220979705452917 11.359276384115217 7.6608615070581463 12.393381163477899 8.6852262169122678 9.9179369360208494 81.709224462509155 15.28981865942478
leaf_count=41 46 31 50 35 40 330 62
internal_value=-0.00258153 0.000985336 -0.0160002 -0.00471665 -0.00308651 -0.000475864 0.0184551
internal_weight=157.237 124.799 32.4379 21.0786 101.848 91.9302 22.9507
internal_count=635 504 131 85 411 371 93
is_linear=0
shrinkage=0.03


Tree=26
num_leaves=11
num_cat=0
split_feature=32 9 9 9 38 16 28 25 23 23
split_gain=5.53264 5.01288 12.575 8.21669 7.04012 5.74875 5.79328 4.10416 5.5368 5.42538
threshold=0.0090009397920934892 0.0034840182640902924 0.076028563906273744 0.11849323392941949 0.0070570602137410322 3.0077761347512202 6.5000000000000009 0.032433380084151482 1.0330374421154145 0.91448056353137763
decision_type=2 2 2 2 2 2 2 2 2 2
left_child=1 5 4 -4 -3 6 -1 -2 9 -9
right_child=7 2 3 -5 -6 -7 -8 8 -10 -11
leaf_value=-0.0082438934100464469 0.0043253543892367071 0.0044361997951182924 0.023939758208608219 -0.0037506206247985728 -0.026050329307015556 0.026269781704909713 0.014819346009383276 -0.016683009848699953 -0.026582589314539804 0.012770941089757964
leaf_weight=19.633703976869583 9.8936458677053434 7.6778628677129772 14.061501830816267 21.241497218608856 22.26339952647686 10.378842979669569 15.604582846164702 9.8643092215061206 18.105404615402222 8.4364714026451093
leaf_count=79 40 31 57 86 90 42 63 40 73 34
internal_value=-0.00252401 0.00102722 -0.00411631 0.00756879 -0.0179748 0.00856272 0.00181379 -0.0110282 -0.0155991 -0.00244566
internal_weight=157.161 110.861 65.2443 35.303 29.9413 45.6171 35.2383 46.2998 36.4062 18.3008
internal_count=635 448 264 143 121 184 142 187 147 74
is_linear=0
shrinkage=0.03


Tree=27
num_leaves=8
num_cat=0
split_feature=1 18 1 37 11 12 7
split_gain=8.13616 9.80558 5.70363 5.00044 4.21051 2.55954 2.53006
threshold=0.024403778998944307 0.80352029858935914 0.032582650761374128 0.052503169904171483 -0.049332189748757409 66.156636032109276 0.053285564734083142
decision_type=2 2 2 2 2 2 2
left_child=1 3 -2 4 -1 -3 -4
right_child=2 5 6 -5 -6 -7 -8
leaf_value=-0.016978886444540119 -0.031043476341190382 0.0010679300253114939 0.0026494165883858855 -0.02128486920677207 0.0018402082316480292 0.024481433377972331 -0.016604949666973602
leaf_weight=10.216605886816977 11.32418844103813 7.6518147885799435 13.607294261455538 9.8995829224586469 81.677246019244194 15.245777443051336 7.4535876959562293
leaf_count=41 46 31 55 40 330 62 30
internal_value=-0.00244203 0.000992864 -0.015392 -0.00295512 -0.000409407 0.017974 -0.0043635
internal_weight=157.076 124.691 32.3851 101.793 91.8939 22.8976 21.0609
internal_count=635 504 131 411 371 93 85
is_linear=0
shrinkage=0.03


Tree=28
num_leaves=9
num_cat=0
split_feature=1 18 1 28 3 17 34 20
split_gain=7.73569 9.33397 5.4273 5.14804 5.02593 6.4583 3.00145 2.42815
threshold=0.024403778998944307 0.80352029858935914 0.032582650761374128 6.5000000000000009 0.0067214153571881772 -3.8741185975496557 0.016082986502349631 0.029256784698817775
decision_type=2 2 2 2 2 2 2 2
left_child=1 4 -2 -3 5 -1 -6 -4
right_child=2 3 7 -5 6 -7 -8 -9
leaf_value=-0.016903197656904231 -0.030317396415856013 0.029851614197642842 -0.014121525107948682 0.00074991797116257116 -0.020823004733786028 0.0050763360283896377 0 0.0041766246952144523
leaf_weight=12.657930701971052 11.295853465795515 11.777332171797754 9.8952777236700076 11.076758101582525 16.516115143895153 63.430004104971886 9.1763057112693769 11.16472217440605
leaf_count=51 46 48 40 45 67 256 37 45
internal_value=-0.00238831 0.000958447 -0.0150219 0.0175457 -0.00288792 0.00088847 -0.0138698 -0.00424958
internal_weight=156.99 124.634 32.3559 22.8541 101.78 76.0879 25.6924 21.06
internal_count=635 504 131 93 411 307 104 85
is_linear=0
shrinkage=0.03


Tree=29
num_leaves=11
num_cat=0
split_feature=32 9 9 9 12 38 19 12 19 14
split_gain=5.075 4.71228 11.6188 7.7941 7.63712 6.6879 5.31049 3.62347 3.21449 4.11374
threshold=0.0090009397920934892 0.0034840182640902924 0.076028563906273744 0.11849323392941949 50.671118238593856 0.0070570602137410322 0.15793517953989958 68.128510128099961 0.094842520055818613 -31.198572800907069
decision_type=2 2 2 2 2 2 2 2 2 2
left_child=1 4 5 -4 6 -3 -1 8 -2 -10
right_child=7 2 3 -5 -6 -7 -8 -9 9 -11
leaf_value=-0.0077639906686587223 0.0009764898850842486 0.0045178027654505697 0.023264907434982472 -0.0037144192975150582 0.028475575385960527 -0.025165408453156551 0.014889936427988935 0.0040737033471896543 0 -0.025247710829165392
leaf_weight=21.846651718020439 7.3899731189012519 7.667430832982066 14.04133966565132 21.192700058221817 10.570745930075644 22.195829331874847 13.152768597006796 9.6562102735042554 7.7084118574857703 21.463343054056171
leaf_count=88 30 31 57 86 43 90 53 39 31 87
internal_value=-0.00233108 0.00106746 -0.00392221 0.00730656 0.00837579 -0.0172682 0.000688621 -0.0104866 -0.0147329 -0.0190011
internal_weight=156.885 110.667 65.0973 35.234 45.5702 29.8633 34.9994 46.2179 36.5617 29.1718
internal_count=635 448 264 143 184 121 141 187 148 118
is_linear=0
shrinkage=0.03


Tree=30
num_leaves=11
num_cat=0
split_feature=16 3 23 11 11 36 19 4 22 22
split_gain=7.07494 14.7882 6.07236 7.52279 5.62814 5.3008 7.74444 4.93046 4.09768 3.94885
threshold=1.0528408907880846 -0.0012019019119165473 1.1012098873818108 -0.03890033647972984 0.025260033510630445 0.0065194584846861763 0.12912704548764345 -0.018439363086876655 0.16143990438968084 -0.1631646244711222
decision_type=2 2 2 2 2 2 2 2 2 2
left_child=1 5 3 -2 -5 6 -1 -3 -7 -4
right_child=2 7 9 4 -6 8 -8 -9 -10 -11
leaf_value=0.0079748157507472869 0.020410192701209598 -0.0063468640099043584 0.035674044701159237 -0.018365678729924496 0.0044199395700862129 0.0204254537520485 -0.020809997900529592 -0.032681236867453396 -0.001583902890127023 0.0065291800965450921
leaf_weight=16.28769509494305 11.368227228522299 14.536293461918833 7.594238847494128 15.484961107373236 19.042600125074387 18.102157786488537 13.168808072805403 15.682854190468786 9.9119808226823789 12.347693890333174
leaf_count=66 46 59 31 63 77 73 53 64 40 50
internal_value=0.000126866 -0.00530657 0.0075279 0.000933943 -0.00583439 0.00347914 -0.00492178 -0.0216595 0.0125517 0.0205517
internal_weight=153.528 87.6898 65.8377 45.8958 34.5276 57.4706 29.4565 30.2191 28.0141 19.9419
internal_count=622 355 267 186 140 232 119 123 113 81
is_linear=0
shrinkage=0.03


Tree=31
num_leaves=7
num_cat=0
split_feature=28 40 34 9 23 33
split_gain=9.0841 8.72095 5.41458 6.60457 5.96254 3.00534
threshold=11.500000000000002 0.072860437626275157 0.023798587721067469 -0.020115575047811408 0.85793953247744981 0.85663850712394407
decision_type=2 2 2 2 2 2
left_child=1 2 4 -4 -1 -3
right_child=-2 5 3 -5 -6 -7
leaf_value=-0.0039250581124377843 -0.021125229655661118 -0.027193361894599363 0.015649510319781266 -0.01387675203398097 0.013354667688108805 -0.0018169501669509083
leaf_weight=21.177635177969933 14.094503834843634 8.1375403255224246 7.4524010717868832 21.023273184895515 71.401603251695633 10.093397989869116
leaf_count=86 58 33 30 85 289 41
internal_value=0.000129171 0.00265469 0.0057106 -0.0051373 0.00924389 -0.0154539
internal_weight=153.38 139.286 121.055 28.4757 92.5792 18.2309
internal_count=622 564 490 115 375 74
is_linear=0
shrinkage=0.03


Tree=32
num_leaves=6
num_cat=0
split_feature=28 31 9 36 9
split_gain=8.61393 6.98406 5.90647 10.174 8.11322
threshold=11.500000000000002 3.5000000000000004 0.0060867336689756418 0.0068428575992175245 0.048050344378079791
decision_type=2 2 2 2 2
left_child=1 2 3 -1 -4
right_child=-2 -3 4 -5 -6
leaf_value=-0.0012192294649470564 -0.020626939498315785 -0.022245404379171791 -0.014328377988028745 0.023879418803731678 0.005692966153393578
leaf_weight=25.993535876274109 14.050915539264677 7.395931363105773 25.101445004343987 27.719005167484283 53.014738485217094
leaf_count=105 58 30 102 112 215
internal_value=9.86747e-05 0.00255906 0.00437439 0.0118563 -0.000750444
internal_weight=153.276 139.225 131.829 53.7125 78.1162
internal_count=622 564 534 217 317
is_linear=0
shrinkage=0.03


Tree=33
num_leaves=7
num_cat=0
split_feature=28 37 34 7 28 11
split_gain=8.1746 6.25614 7.27303 7.08155 5.63993 3.98908
threshold=11.500000000000002 0.040063328742036559 0.038927536366978217 0.043843932641166088 3.5000000000000004 0.04439970904204605
decision_type=2 2 2 2 2 2
left_child=1 2 4 5 -1 -3
right_child=-2 3 -4 -5 -6 -7
leaf_value=-0.0026248167300909216 -0.020142964450707044 -0.022917201649787708 -0.012504775344593117 0.015638669249226328 0.014206581432406032 -0.0010826807599694606
leaf_weight=21.849797189235687 14.005604431033133 16.657364681363106 13.124562337994574 7.4045840203762046 64.546682387590408 15.543743222951887
leaf_count=88 58 68 53 30 262 63
internal_value=7.5911e-05 0.00247421 0.00653727 -0.00719838 0.00981713 -0.0134957
internal_weight=153.132 139.127 99.521 39.6057 86.3965 32.2011
internal_count=622 564 403 161 350 131
is_linear=0
shrinkage=0.03


Tree=34
num_leaves=7
num_cat=0
split_feature=28 40 35 17 1 13
split_gain=7.75557 8.15095 5.83513 5.27727 5.12508 4.46594
threshold=11.500000000000002 0.072860437626275157 0.029204588446373528 1.0718213655968893 0.043767971890204767 -5.0639794001013838
decision_type=2 2 2 2 2 2
left_child=1 3 -3 5 -5 -1
right_child=-2 2 -4 4 -6 -7
leaf_value=-0.00098884070564115743 -0.019672628707126844 0 -0.031979641542674166 -0.0099299314180281394 0.012366692346853995 0.014001845110340567
leaf_weight=22.501487001776695 13.958767905831335 10.543898597359659 7.6551265716552725 29.065492197871208 10.916895344853399 58.373164668679237
leaf_count=91 58 43 31 118 44 237
internal_value=5.06251e-05 0.00238769 -0.015128 0.00535068 -0.0031856 0.00972683
internal_weight=153.015 139.056 18.199 120.857 39.9824 80.8747
internal_count=622 564 74 490 162 328
is_linear=0
shrinkage=0.03


Tree=35
num_leaves=8
num_cat=0
split_feature=21 34 21 13 18 14 11
split_gain=7.27555 12.1678 6.33408 5.72898 4.62589 4.0417 2.98389
threshold=0.014849829356973494 0.023653643876296874 0.024979547647167515 1.7448900064375084 0.84439392724049644 22.885152140211066 0.047863488289372265
decision_type=2 2 2 2 2 2 2
left_child=-1 3 6 4 -2 -5 -3
right_child=1 2 -4 5 -6 -7 -8
leaf_value=0.019875815069953142 0.0054095363203574397 -0.033214094750607152 0.00080043751320184862 -0.010109786333899893 0.027476918261870313 0.0085925925512843632 -0.0084018679959929777
leaf_weight=14.445966765284536 52.754894092679024 13.278573945164682 12.593474209308622 30.209626689553261 9.5018230676650983 12.803334236145018 11.404832571744917
leaf_count=59 214 54 51 123 39 52 46
internal_value=0.00092626 -0.00113879 -0.0154902 0.0039974 0.00976136 -0.00407512 -0.0238009
internal_weight=156.993 142.547 37.2769 105.27 62.2567 43.013 24.6834
internal_count=638 579 151 428 253 175 100
is_linear=0
shrinkage=0.03


Tree=36
num_leaves=8
num_cat=0
split_feature=21 34 9 9 23 22 21
split_gain=6.90301 11.5598 8.28158 7.78094 6.50391 5.9663 0.91775
threshold=0.014849829356973494 0.023653643876296874 -0.020115575047811408 0.083589434897503603 1.2462442500033835 -0.38546484194273295 0.025390585707967813
decision_type=2 2 2 2 2 2 2
left_child=-1 4 -3 -4 5 -2 -6
right_child=1 2 3 -5 6 -7 -8
leaf_value=0.019377740570259809 0.023296122937577789 0.0083661791813394743 -0.034788721912592191 -0.0021215418530500111 0.0070185951901077176 -0.0018826858434054462 0.028145870531745717
leaf_weight=14.424489870667456 7.3811549842357627 8.4341305494308454 16.682166367769245 12.133023679256437 7.3828387260436994 82.57630030810833 7.8810615688562393
leaf_count=59 30 34 68 49 30 336 32
internal_value=0.000905818 -0.00110292 -0.0150988 -0.022551 0.00390108 0.000481896 0.0207928
internal_weight=156.895 142.471 37.2493 28.8152 105.221 89.9575 15.2639
internal_count=638 579 151 117 428 366 62
is_linear=0
shrinkage=0.03


Tree=37
num_leaves=6
num_cat=0
split_feature=8 21 34 5 21
split_gain=6.55532 7.78776 10.7441 7.02263 6.87839
threshold=-0.074729963589342099 0.014849829356973494 0.023653643876296874 0.018249276992654443 0.025061643954916044
decision_type=2 2 2 2 2
left_child=-1 -2 3 -3 -4
right_child=1 2 4 -5 -6
leaf_value=0.025186063886020328 0.018894643801330348 -0.0054843250405227769 -0.025215466318774603 0.0101349939029337 0.00087819340024071957
leaf_weight=7.4371104836463919 14.400986254215239 50.178997740149498 24.110913991928101 48.568289324641228 12.094925954937933
leaf_count=30 59 204 98 198 49
internal_value=0.000899901 -0.000527156 -0.00295487 0.00209775 -0.0165163
internal_weight=156.791 149.354 134.953 98.7473 36.2058
internal_count=638 608 549 402 147
is_linear=0
shrinkage=0.03


Tree=38
num_leaves=6
num_cat=0
split_feature=8 8 2 38 12
split_gain=6.25122 6.08258 6.46938 10.1951 5.78565
threshold=-0.074729963589342099 -0.051800929780152473 0.0081432549812684458 0.0084286571121877703 79.955602134132235
decision_type=2 2 2 2 2
left_child=-1 -2 3 -3 -4
right_child=1 2 4 -5 -6
leaf_value=0.024612660883577987 -0.019170624983079022 0.019893796154318633 -0.0091026997550808821 -0.0019427847104591344 0.015864129809624605
leaf_weight=7.4287783801555625 12.342199951410292 31.103167667984962 55.6501734405756 42.635078281164169 7.5400326848030081
leaf_count=30 50 127 227 173 31
internal_value=0.000885459 -0.000506017 0.00132013 0.00735205 -0.00549819
internal_weight=156.699 149.271 136.928 73.7382 63.1902
internal_count=638 608 558 300 258
is_linear=0
shrinkage=0.03


Tree=39
num_leaves=8
num_cat=0
split_feature=21 23 19 2 38 14 19
split_gain=6.10748 5.69778 4.84398 4.11808 6.06005 5.03684 3.76433
threshold=0.014849829356973494 1.1753609435581482 0.19528347371142288 0.0081432549812684458 0.0082385551693436119 21.595507202633602 0.11730568032059202
decision_type=2 2 2 2 2 2 2
left_child=-1 3 6 5 -5 -2 -3
right_child=1 2 -4 4 -6 -7 -8
leaf_value=0.018286973460750127 -0.0048462958693658194 0.014258518171268629 0.028416638897671431 -0.024812050285311967 -0.0021592673899686848 0.011979873366490474 -0.0097844527578142323
leaf_weight=14.350460305809973 45.883382812142372 9.1228983998298698 7.5401469171047202 15.674858614802359 32.061689138412476 21.904323235154152 10.084131509065626
leaf_count=59 186 37 31 64 131 89 41
internal_value=0.000867943 -0.00101424 0.0108344 -0.00402286 -0.0105978 0.000563333 0.0011958
internal_weight=156.622 142.271 26.7472 115.524 47.7365 67.7877 19.207
internal_count=638 579 109 470 195 275 78
is_linear=0
shrinkage=0.03


Tree=40
num_leaves=8
num_cat=0
split_feature=34 26 40 0 10 25 37
split_gain=9.56285 8.42812 8.54652 5.50617 3.03727 3.0359 1.95626
threshold=0.034830690815106487 0.52301541167592969 0.072860437626275157 0.031446260756523021 -0.0059366241231130759 0.1502218603319668 0.034753067267453537
decision_type=2 2 2 2 2 2 2
left_child=1 2 3 -1 -2 -3 -6
right_child=4 5 -4 -5 6 -7 -8
leaf_value=0.012540591231852815 0 -0.00095053903741065902 -0.014905385567272863 -0.0083762992234228898 -0.033348538524191479 -0.02531015848521103 -0.0067067585888092654
leaf_weight=90.734237432479858 8.3723784983158129 11.297610059380533 11.75031930208206 10.608526945114134 7.6217401474714261 8.1020834445953351 7.3502304404973984
leaf_count=370 34 46 48 43 31 33 30
internal_value=0.000628657 0.00389649 0.00714531 0.0100861 -0.0161703 -0.0132397 -0.0234846
internal_weight=155.837 132.493 113.093 101.343 23.3443 19.3997 14.972
internal_count=635 540 461 413 95 79 61
is_linear=0
shrinkage=0.03


Tree=41
num_leaves=8
num_cat=0
split_feature=34 37 21 19 17 18 22
split_gain=9.09365 5.94577 8.51803 7.90301 7.97681 5.39969 3.03236
threshold=0.034830690815106487 0.017944696263563768 0.014654666839906183 0.099532302090274444 0.19544268116671584 0.83958913738490815 -0.056919877408664547
decision_type=2 2 2 2 2 2 2
left_child=1 3 -3 -1 -5 -4 -2
right_child=6 2 5 4 -6 -7 -8
leaf_value=-0.0097632870969533384 -0.0018227130904877543 0.021227498997358145 -0.013009190186181758 0.026883034134549878 0.0030533034719302668 0.0057259132787501488 -0.02491040014286687
leaf_weight=12.201185792684553 10.769719943404199 9.3978869915008527 39.97836522758007 25.029176115989685 27.875946700572968 17.95687261223793 12.550410062074659
leaf_count=50 44 39 163 102 113 73 51
internal_value=0.000561485 0.00375122 -0.00230603 0.0101212 0.0151688 -0.00695473 -0.0158266
internal_weight=155.76 132.439 67.3331 65.1063 52.9051 57.9352 23.3201
internal_count=635 540 275 265 215 236 95
is_linear=0
shrinkage=0.03


Tree=42
num_leaves=7
num_cat=0
split_feature=34 28 40 15 23 2
split_gain=8.6558 7.90406 7.89982 6.63715 4.22259 3.14688
threshold=0.034830690815106487 11.500000000000002 0.072860437626275157 -26.197036896110994 1.0002869484485888 0.0058636799462146181
decision_type=2 2 2 2 2 2
left_child=1 2 3 -1 5 -2
right_child=4 -3 -4 -5 -6 -7
leaf_value=-0.006631462690489847 0.0069743865029028027 -0.0169274332088225 -0.013667623551437498 0.012448472553144255 -0.031474281616539521 -0.016645679885137276
leaf_weight=17.601380974054337 8.1449898928403872 12.714607700705526 13.460889875888823 88.540272489190102 7.628099098801612 7.521437242627143
leaf_count=71 33 53 55 361 31 31
internal_value=0.000545232 0.0036608 0.00621524 0.00908163 -0.0154489 -0.00411717
internal_weight=155.612 132.317 119.603 106.142 23.2945 15.6664
internal_count=635 540 487 432 95 64
is_linear=0
shrinkage=0.03


Tree=43
num_leaves=9
num_cat=0
split_feature=34 26 9 34 15 23 10 11
split_gain=8.21996 7.91006 7.38521 10.8395 7.38964 4.02991 2.929 2.51012
threshold=0.034830690815106487 0.52301541167592969 -0.0014995379015144887 -0.005394717555102512 -44.431204203859402 1.0002869484485888 0.00074029063840508347 0.021075618123745036
decision_type=2 2 2 2 2 2 2 2
left_child=1 2 4 -4 -1 6 -2 -3
right_child=5 7 3 -5 -6 -7 -8 -9
leaf_value=-0.002555642457731557 0.0076193540759412785 -0.021670438085149839 -0.016006573581421886 0.008503438000827826 0.023612997673997719 -0.030777233425449156 -0.015172097690773878 0
leaf_weight=11.878899991512297 7.3235369771719006 10.587878018617632 21.975350633263588 48.10647089779377 30.888970255851746 7.6123644113540641 8.3299369812011701 8.7759196907281858
leaf_count=48 30 43 90 197 126 31 34 36
internal_value=0.000492704 0.00353258 0.00669093 0.000378931 0.0162201 -0.0151006 -0.00400417 -0.013075
internal_weight=155.479 132.213 112.85 70.0818 42.7679 23.2658 15.6535 19.3638
internal_count=635 540 461 287 174 95 64 79
is_linear=0
shrinkage=0.03


Tree=44
num_leaves=9
num_cat=0
split_feature=34 26 9 34 15 17 10 37
split_gain=7.80973 7.50757 6.98279 10.2497 7.01527 2.87787 2.78773 1.95594
threshold=0.034830690815106487 0.52301541167592969 -0.0014995379015144887 -0.005394717555102512 -44.431204203859402 0.44637848934292107 -0.0059366241231130759 0.034753067267453537
decision_type=2 2 2 2 2 2 2 2
left_child=1 2 4 -4 -1 -3 -2 -8
right_child=6 5 3 -5 -6 -7 7 -9
leaf_value=-0.0024900941723898693 0 -0.00061822968947366878 -0.015580843788717595 0.0082619147672028641 0.022987911820991712 -0.024308258560973104 -0.031495399725018233 -0.0055421102170138577
leaf_weight=11.878501027822493 8.3538616746664065 11.094885662198068 21.95350706577301 48.086175367236137 30.832271084189415 8.2580770552158338 7.5537732392549497 7.3325972855091095
leaf_count=48 34 45 90 197 126 34 31 30
internal_value=0.000450812 0.00341771 0.00649913 0.000355247 0.0157722 -0.0127594 -0.014754 -0.0217703
internal_weight=155.344 132.103 112.75 70.0397 42.7108 19.353 23.2402 14.8864
internal_count=635 540 461 287 174 79 95 61
is_linear=0
shrinkage=0.03


Tree=45
num_leaves=7
num_cat=0
split_feature=25 19 36 15 15 37
split_gain=7.44121 5.33906 5.14399 6.14016 2.9275 1.35207
threshold=1.0000000180025095e-35 0.25427768855940064 0.0078773298394208182 -26.197036896110994 -2.2101316877015069 0.016216918756090663
decision_type=2 2 2 2 2 2
left_child=-1 2 3 -2 -4 -3
right_child=1 5 4 -5 -6 -7
leaf_value=-0.021297886394961905 -0.016182096354703777 0.02409573739796398 0 0.0038094017365778066 -0.023692140645074113 0.0037321037535034221
leaf_weight=13.676890149712561 14.055231139063833 7.5484211891889599 7.6197773516178158 94.437535375356674 11.431900575757025 8.52713695168495
leaf_count=56 57 31 31 386 47 35
internal_value=-0.00165283 0.000381776 -0.00165017 0.00083772 -0.015264 0.015732
internal_weight=157.297 143.62 127.544 108.493 19.0517 16.0756
internal_count=643 587 521 443 78 66
is_linear=0
shrinkage=0.03


Tree=46
num_leaves=9
num_cat=0
split_feature=8 32 16 28 28 34 34 37
split_gain=7.08175 6.07686 4.29583 4.01192 3.74849 6.56709 5.51048 2.15785
threshold=0.09994319302031214 0.0058091280311952662 -0.69133975053845276 8.5000000000000018 4.5000000000000009 -0.011343942007222772 0.0038157787156543059 0.0057920376383329151
decision_type=2 2 2 2 2 2 2 2
left_child=1 4 7 -4 6 -6 -1 -3
right_child=-2 2 3 -5 5 -7 -8 -9
leaf_value=0.0044747183206295523 0.020915094607209989 -0.0078742704515743171 0.0061571514600323981 -0.016576770530851125 -0.010141855056190245 0.010352244545543642 -0.019135168210406193 -0.029332292058151774
leaf_weight=15.292167544364931 9.5067392736673337 12.521747037768366 16.18266394734383 9.0550129413604719 16.788307920098305 50.492564603686333 15.489876583218573 11.8892874866724
leaf_count=62 39 51 66 37 69 207 63 49
internal_value=-0.00161299 -0.00342313 -0.0117729 -0.0020671 0.000805228 0.00487678 -0.00739106 -0.0203231
internal_weight=157.218 147.712 49.6487 25.2377 98.0629 67.2809 30.782 24.411
internal_count=643 604 203 103 401 276 125 100
is_linear=0
shrinkage=0.03


Tree=47
num_leaves=6
num_cat=0
split_feature=25 12 36 25 9
split_gain=6.99277 5.12831 5.55853 5.05859 2.40283
threshold=1.0000000180025095e-35 78.65332609841299 0.0043209750435972902 0.58457249230590336 0.032695506704783696
decision_type=2 2 2 2 2
left_child=-1 2 4 -4 -2
right_child=1 -3 3 -5 -6
leaf_value=-0.020650621037464092 -0.0016594102273215616 0.01897459707822715 0.0032655228754354102 -0.015841768441044922 -0.027412709522037421
leaf_weight=13.639675199985502 7.3905788362026197 10.336091250181196 106.12369014322758 11.995984986424444 7.6113982051610947
leaf_count=56 30 43 434 49 31
internal_value=-0.00158139 0.000387565 -0.00120409 0.000968694 -0.0172955
internal_weight=157.097 143.458 133.122 118.12 15.002
internal_count=643 587 544 483 61
is_linear=0
shrinkage=0.03


Tree=48
num_leaves=7
num_cat=0
split_feature=8 12 11 11 14 11
split_gain=6.5776 4.46013 4.07907 7.94012 7.59367 3.99534
threshold=0.09994319302031214 33.671373538483181 -0.03890033647972984 0.023712146503810597 -22.606913253163551 -0.036822907318179381
decision_type=2 2 2 2 2 2
left_child=1 5 4 -4 -3 -1
right_child=-2 2 3 -5 -6 -7
leaf_value=-0.006114704869817968 0.020188219373808641 -0.0093715810616362867 -0.017383738823357475 -0.00078176049696356508 0.025184879773265677 0.018627397131299347
leaf_weight=7.3777332603931454 9.469134643673895 10.12727250158787 43.438357755541801 65.585751503705978 8.5092293024063093 12.516336321830748
leaf_count=30 39 41 178 269 35 51
internal_value=-0.00155387 -0.00330075 -0.0054504 -0.00772557 0.00659133 0.00904626
internal_weight=157.024 147.555 127.661 109.024 18.6365 19.8941
internal_count=643 604 523 447 76 81
is_linear=0
shrinkage=0.03


Tree=49
num_leaves=8
num_cat=0
split_feature=37 10 12 17 12 28 2
split_gain=5.43009 6.88377 5.48102 3.96561 3.65875 2.90961 0.832213
threshold=0.071948764053894401 0.044411961080773173 33.671373538483181 -0.43546750479628654 59.549014516299486 8.5000000000000018 0.0094757599969713686
decision_type=2 2 2 2 2 2 2
left_child=1 2 3 -1 -4 6 -3
right_child=-2 5 4 -5 -6 -7 -8
leaf_value=0.025396220812251652 -0.023799819055701887 0.028472487609278084 -0.0090178102335185112 0 0.0032849366614045657 -0.00033013035989191877 0.0089141219590486639
leaf_weight=7.3356984406709698 7.2561732679605475 7.175733342766768 79.493505045771599 11.831121966242788 26.379796713590622 7.3387835621833792 10.127915844321249
leaf_count=30 30 30 325 48 108 30 42
internal_value=-0.00149651 -1.68666e-05 -0.00302142 0.0107634 -0.00580929 0.0137481 0.0199116
internal_weight=156.939 149.683 125.04 19.1668 105.873 24.6424 17.3036
internal_count=643 613 511 78 433 102 72
is_linear=0
shrinkage=0.03


Tree=50
num_leaves=7
num_cat=0
split_feature=38 32 37 28 5 37
split_gain=5.82489 6.24896 4.66431 4.976 3.53881 3.57621
threshold=0.0065535459818324105 0.0090009397920934892 0.061208946648307457 11.500000000000002 0.095900895982874115 0.026896490183179526
decision_type=2 2 2 2 2 2
left_child=-1 2 3 -2 5 -3
right_child=1 4 -4 -5 -6 -7
leaf_value=0.01678702079445572 0.0058090966862425287 -0.0085795448290171532 -0.019073000741549464 -0.013736822482801522 0.0018413714276173886 -0.032238424145546549
leaf_weight=12.891224399209021 84.07672655582428 23.47976778447628 7.280664086341857 11.309242680668829 9.881161302328108 8.7663018852472288
leaf_count=53 344 96 30 47 40 36
internal_value=-0.000962177 -0.00285179 0.00105278 0.00310313 -0.0123238 -0.0169565
internal_weight=157.685 144.794 102.667 95.386 42.1272 32.2461
internal_count=646 593 421 391 172 132
is_linear=0
shrinkage=0.03


Tree=51
num_leaves=7
num_cat=0
split_feature=20 20 38 11 40 15
split_gain=6.48207 8.36192 7.52466 5.50103 5.16991 4.34013
threshold=0.020787321989864511 0.025115879020823958 0.0071404268679443892 0.05207792614366314 -0.031625976312049657 6.1209814040123183
decision_type=2 2 2 2 2 2
left_child=-1 3 -3 5 -4 -2
right_child=1 2 4 -5 -6 -7
leaf_value=0.018632031586043873 -0.0081039082316526605 0.022214368885552335 -0.01398629925828933 0 0.0019438725089616026 -0.038035468363930396
leaf_weight=11.736219093203543 11.956619486212732 11.504350796341894 21.518419355154037 13.633750125765799 77.777818873524666 9.4296640604734403
leaf_count=49 49 47 87 56 319 39
internal_value=-0.000952686 -0.00286118 0.00111819 -0.015237 -0.00156825 -0.0240669
internal_weight=157.557 145.821 110.801 35.02 99.2962 21.3863
internal_count=646 597 453 144 406 88
is_linear=0
shrinkage=0.03


Tree=52
num_leaves=8
num_cat=0
split_feature=20 20 40 32 9 9 34
split_gain=6.16852 7.97501 6.08158 9.04406 5.95069 4.71489 3.67907
threshold=0.020787321989864511 0.025115879020823958 -0.031625976312049657 0.012791112069063028 0.062531584644492391 -0.0014995379015144887 -0.012685669110371887
decision_type=2 2 2 2 2 2 2
left_child=-1 4 6 -4 5 -2 -3
right_child=1 2 3 -5 -6 -7 -8
leaf_value=0.018196020842446089 -0.0032620683313217902 0.0012821910985862694 0.010188412158689526 -0.011292373018571854 2.0747155398845952e-05 -0.034242619113369663 -0.021325489903622916
leaf_weight=11.705311700701712 8.5413520485162735 8.9313634335994738 67.512838184833527 21.260805994272232 13.350587680935858 13.079627335071564 13.080960124731062
leaf_count=49 35 36 277 87 55 54 53
internal_value=-0.000928674 -0.00279154 0.00109023 0.00474318 -0.014888 -0.0239513 -0.0121851
internal_weight=157.463 145.758 110.786 88.7736 34.9716 21.621 22.0123
internal_count=646 597 453 364 144 89 89
is_linear=0
shrinkage=0.03


end of trees

feature_importances:
month=32
macro_usdjpy_ret_20=29
div_ma_60=25
vol_ratio=20
ma_20_60_cross=18
macro_topix_ret_20=18
return_2d=16
macro_usdjpy_vol_20=16
volatility=14
return_3d=13
macro_nikkei_ret_20=12
ma_5_20_cross=11
rsi=11
macro_usdjpy_ret_60=11
macd_hist_change=10
bb_pct_b=10
macro_topix_vol_20=10
macd_signal=9
macd_hist=9
atr_pct=9
macd=8
div_ma_20=7
bb_bandwidth=7
upper_shadow_pct=7
return_5d=6
vol_change=6
lower_shadow_pct=6
gap=6
rsi_change=5
return_1d=4
div_ma_5=3
div_ma_10=3
streak=3
return_10d=2
return_20d=2
price_position_20d=2
candle_body_pct=1
macro_topix_above_200dma=1

parameters:
[boosting: gbdt]
[objective: binary]
[metric: binary_logloss]
[tree_learner: serial]
[device_type: cpu]
[data_sample_strategy: bagging]
[data: ]
[valid: ]
[num_iterations: 500]
[learning_rate: 0.03]
[num_leaves: 15]
[num_threads: 0]
[seed: 42]
[deterministic: 0]
[force_col_wise: 0]
[force_row_wise: 0]
[histogram_pool_size: -1]
[max_depth: 4]
[min_data_in_leaf: 30]
[min_sum_hessian_in_leaf: 0.001]
[bagging_fraction: 0.7]
[pos_bagging_fraction: 1]
[neg_bagging_fraction: 1]
[bagging_freq: 5]
[bagging_seed: 400]
[bagging_by_query: 0]
[feature_fraction: 0.6]
[feature_fraction_bynode: 1]
[feature_fraction_seed: 30056]
[extra_trees: 0]
[extra_seed: 12879]
[early_stopping_round: 0]
[early_stopping_min_delta: 0]
[first_metric_only: 0]
[max_delta_step: 0]
[lambda_l1: 0.5]
[lambda_l2: 2]
[linear_lambda: 0]
[min_gain_to_split: 0]
[drop_rate: 0.1]
[max_drop: 50]
[skip_drop: 0.5]
[xgboost_dart_mode: 0]
[uniform_drop: 0]
[drop_seed: 17869]
[top_rate: 0.2]
[other_rate: 0.1]
[min_data_per_group: 100]
[max_cat_threshold: 32]
[cat_l2: 10]
[cat_smooth: 10]
[max_cat_to_onehot: 4]
[top_k: 20]
[monotone_constraints: ]
[monotone_constraints_method: basic]
[monotone_penalty: 0]
[feature_contri: ]
[forcedsplits_filename: ]
[refit_decay_rate: 0.9]
[cegb_tradeoff: 1]
[cegb_penalty_split: 0]
[cegb_penalty_feature_lazy: ]
[cegb_penalty_feature_coupled: ]
[path_smooth: 0]
[interaction_constraints: ]
[verbosity: -1]
[saved_feature_importance_type: 0]
[use_quantized_grad: 0]
[num_grad_quant_bins: 4]
[quant_train_renew_leaf: 0]
[stochastic_rounding: 1]
[linear_tree: 0]
[max_bin: 255]
[max_bin_by_feature: ]
[min_data_in_bin: 5]
[bin_construct_sample_cnt: 200000]
[data_random_seed: 175]
[is_enable_sparse: 1]
[enable_bundle: 1]
[use_missing: 1]
[zero_as_missing: 0]
[feature_pre_filter: 1]
[pre_partition: 0]
[two_round: 0]
[header: 0]
[label_column: ]
[weight_column: ]
[group_column: ]
[ignore_column: ]
[categorical_feature: ]
[forcedbins_filename: ]
[precise_float_parser: 0]
[parser_config_file: ]
[objective_seed: 16083]
[num_class: 1]
[is_unbalance: 0]
[scale_pos_weight: 1]
[sigmoid: 1]
[boost_from_average: 1]
[reg_sqrt: 0]
[alpha: 0.9]
[fair_c: 1]
[poisson_max_delta_step: 0.7]
[tweedie_variance_power: 1.5]
[lambdarank_truncation_level: 30]
[lambdarank_norm: 1]
[label_gain: ]
[lambdarank_position_bias_regularization: 0]
[eval_at: ]
[multi_error_top_k: 1]
[auc_mu_weights: ]
[num_machines: 1]
[local_listen_port: 12400]
[time_out: 120]
[machine_list_filename: ]
[machines: ]
[gpu_platform_id: -1]
[gpu_device_id: -1]
[gpu_use_dp: 0]
[num_gpu: 1]

end of parameters

pandas_categorical:[]
