tree
version=v4
num_class=1
num_tree_per_iteration=1
label_index=0
max_feature_idx=44
objective=binary sigmoid:1
feature_names=return_1d return_2d return_3d return_5d return_10d return_20d div_ma_5 div_ma_10 div_ma_20 div_ma_60 ma_5_20_cross ma_20_60_cross rsi rsi_change macd macd_signal macd_hist macd_hist_change bb_pct_b bb_bandwidth atr_pct volatility vol_change vol_ratio candle_body_pct upper_shadow_pct lower_shadow_pct day_of_week month is_month_end is_month_start streak gap price_position_20d macro_usdjpy_ret_20 macro_usdjpy_ret_60 macro_usdjpy_vol_20 macro_topix_ret_20 macro_topix_vol_20 macro_topix_above_200dma macro_nikkei_ret_20 macro_nikkei_above_200dma macro_nikkei_vi macro_jgb10y macro_bias_score
feature_infos=[-0.047573324675198925:0.047032439022514749] [-0.052871223227637376:0.050100198868800794] [-0.078625938667899131:0.060579091775125216] [-0.079144063347538429:0.070190430904915058] [-0.10699996948242185:0.11742775503970204] [-0.1182423924334487:0.15884581472014592] [-0.046754045093518014:0.03136102171888943] [-0.065679653588011352:0.057611183675024734] [-0.095283898731975444:0.091383476178522549] [-0.086355409043981882:0.12109266072274501] [-0.058392300957105903:0.065549920908115844] [-0.042748625708304955:0.064274238635985359] [4.3321721234716364:99.078285278722376] [-31.4914123830169:24.909606094271432] [-4.0148556247349632:6.6759841301698373] [-3.5218467914220124:5.4278448928573138] [-2.4130647582626752:2.3328558279840159] [-0.79483865050966607:0.60413765747863146] [-0.29899250290519275:1.2942002598775366] [0.015966985924506762:0.20663538136815932] [0.0062028219888735359:0.03098835320355546] [0.0037467866522835347:0.018685482479757546] [-0.82513331758797714:3.6311208267090622] [0.55432004082819386:1.8220195466454623] [-1:1] [0:0.9499969482421875] [0:0.97058638734056779] [0:4] [1:12] none [0:1] [-11:9] [-0.063431099566931937:0.055611174876266878] [0:1] [-0.10288784967882303:0.08505611680078462] [-0.13986255140503889:0.13160084488587853] [0.0024251968629527628:0.011841457708833433] [-0.22586490939044479:0.19897850606512013] [0.0040695656522785678:0.036437277456277402] [0:1] [-0.22859537662338159:0.23022297972565586] [0:1] none none none
tree_sizes=1405 1267 1410 1395 1252 977 678 997 680 680 787 789 1316 1209 888 1082 1100 786 1313 1312 1093 1296 1189 1286 1189 669 778 777 650 780 1391 1283 1095 1177 1385 878 1300 1092 1289 1095 1402 1316 1187 1314 1313 1173 1276 1482 1204 1285

Tree=0
num_leaves=12
num_cat=0
split_feature=37 18 7 36 34 15 24 15 0 2 0
split_gain=16.0942 10.5052 8.45884 7.84632 7.70462 13.6334 5.91373 5.36828 3.85228 3.57267 3.14366
threshold=0.0083438914525212366 0.49472696618479534 0.018431678846153019 0.0043786339792509241 0.011476410558069696 0.60688142774877984 0.18490015480541996 -0.018149152635224892 0.0074603788411333758 -0.0084216210948395136 -0.0016798390319662235
decision_type=2 2 2 2 2 2 2 2 2 2 2
left_child=4 3 8 -2 5 6 -1 -6 -3 -5 -7
right_child=1 2 -4 9 7 10 -8 -9 -10 -11 -12
leaf_value=-0.071319142339225206 -0.12051564342110317 -0.12675636639030244 -0.097780261258330281 -0.076940945257666801 -0.09537290549042246 -0.10237441030353853 -0.10237441030353853 -0.064301722113803361 -0.10237441030353853 -0.099618206694571235 -0.12855616781296114
leaf_weight=11.719267040491106 7.4803832173347464 38.648646622896194 13.714035898447035 10.472536504268648 11.719267040491106 7.48038321733475 8.976459860801695 11.968613147735594 7.4803832173347464 17.204881399869919 8.976459860801695
leaf_count=47 30 155 55 42 47 30 36 48 30 69 36
internal_value=-0.101998 -0.109567 -0.117103 -0.0970413 -0.0900864 -0.099455 -0.0837069 -0.0773479 -0.123112 -0.0893964 -0.118323
internal_weight=155.841 95.0009 59.8431 35.1578 60.8405 37.1526 20.6957 23.6879 46.129 27.6774 16.4568
internal_count=625 381 240 141 244 149 83 95 185 111 66
is_linear=0
shrinkage=1


Tree=1
num_leaves=11
num_cat=0
split_feature=20 8 5 38 38 20 40 12 28 5
split_gain=13.5251 17.8956 15.8565 15.6911 10.8784 7.95371 5.09152 5.08806 5.41424 1.51764
threshold=0.01407107197369249 -7.6473923117266585e-05 0.030211209206471471 0.007939838977807331 0.014373774980379292 0.01143366485173237 -0.015726833911407109 37.404696122611483 3.5000000000000004 -0.014413369035024491
decision_type=2 2 2 2 2 2 2 2 2 2
left_child=1 6 3 -3 7 -4 -1 -2 -9 -8
right_child=4 2 5 -5 -6 -7 9 8 -10 -11
leaf_value=0 0 -0.038488315932404184 0.029284285570262567 -0.00088271112984038996 0.016422842838971104 -0.004068260120829041 0.035163936388039017 -0.0004334284452349319 -0.031365304650108145 0.015646806128646783
leaf_weight=8.732340604066847 8.7271745055913907 13.206652238965033 13.715095058083536 31.900920942425728 7.483600288629531 8.9708144664764387 14.966873764991755 7.7257834821939495 22.933673501014709 17.459744825959209
leaf_count=35 35 53 55 128 30 36 60 31 92 70
internal_value=0.000383014 0.00626109 -0.00307521 -0.013378 -0.012671 0.0162268 0.0214165 -0.0190879 -0.024534 0.0266104
internal_weight=155.823 108.952 67.7935 45.1076 46.8702 22.6859 41.159 39.3866 30.6595 32.4266
internal_count=625 437 272 181 188 91 165 158 123 130
is_linear=0
shrinkage=0.03


Tree=2
num_leaves=12
num_cat=0
split_feature=37 20 8 8 33 24 35 14 28 33 2
split_gain=15.0147 10.892 14.5346 8.32432 7.27903 6.92853 5.83673 12.2463 5.86196 4.10579 5.39015
threshold=0.0083438914525212366 0.01407107197369249 -7.6473923117266585e-05 0.015496008586133999 0.25722639292816069 0.62516061242769072 0.01235924431332547 1.0000000180025095e-35 8.5000000000000018 0.25331107453962137 0.0097335441065368195
decision_type=2 2 2 2 2 2 2 2 2 2 2
left_child=5 2 4 -4 -2 6 7 -1 -8 -3 -11
right_child=1 9 3 -5 -6 -7 8 -9 -10 10 -12
leaf_value=0.029395470034402481 -0.0030988808096799624 -0.00042353881409012522 -0.019561136612259208 0.0060405506702720206 0.030204553443735169 -0.011811847058145577 0.033828143548409073 -0.013162094093755419 0.0054517286201518442 -0.03929268739831597 -0.0055841450639444023
leaf_weight=7.7392992377281216 7.4901246428489712 7.7251616865396526 27.624492615461349 16.20473912358284 14.478228688240049 7.4789110273122779 18.720440953969959 13.956991448998449 12.969037994742392 12.687479406595232 8.7202838957309705
leaf_count=31 30 31 111 65 58 30 75 56 52 51 35
internal_value=0.000377294 -0.00693596 0 -0.00991773 0.0189128 0.0118801 0.0157767 0.00258538 0.0236733 -0.0215557 -0.0278529
internal_weight=155.795 94.9305 65.7976 43.8292 21.9684 60.8647 53.3858 21.6963 31.6895 29.1329 21.4078
internal_count=625 381 264 176 88 244 214 87 127 117 86
is_linear=0
shrinkage=0.03


Tree=3
num_leaves=12
num_cat=0
split_feature=20 8 5 38 19 20 14 2 2 4 20
split_gain=12.1164 16.2361 14.6798 14.772 10.1739 9.4274 7.5967 5.2865 4.23 3.55352 0.612426
threshold=0.01407107197369249 -7.6473923117266585e-05 0.030211209206471471 0.007939838977807331 0.092828587835569756 0.017548710494298281 2.2866732337522113 -0.015024898904393401 -0.011430823457690751 -0.018317295745792824 0.015346403545572576
decision_type=2 2 2 2 2 2 2 2 2 2 2
left_child=1 7 3 -3 8 -6 -4 -1 -2 -9 -10
right_child=4 2 6 -5 5 -7 -8 9 10 -11 -12
leaf_value=0 -0.0028420350946712801 -0.037306512404581042 0.027848279396854463 -0.00077216348451673736 -0.014136881943859227 0.022828624720187679 -0.0049425892375265928 0.043655731121823568 -0.014046652349406115 0.016726031273737164 -0.03843956452494688
leaf_weight=7.9886447191238394 8.2134555727243441 13.160203844308851 14.222355127334597 31.885737210512161 10.951919093728067 9.7228712737560254 8.4788954406976682 7.4955165833234778 7.4598916620016125 25.724793970584869 10.439339682459829
leaf_count=32 33 53 57 128 44 39 34 30 30 103 42
internal_value=0.000361738 0.00592679 -0.00296453 -0.0128967 -0.0120021 0.00306584 0.0155851 0.0203518 -0.0238351 0.0253621 -0.0314606
internal_weight=155.744 108.956 67.7472 45.0459 46.7875 20.6748 22.7013 41.209 26.1127 33.2203 17.8992
internal_count=625 437 272 181 188 83 91 165 105 133 72
is_linear=0
shrinkage=0.03


Tree=4
num_leaves=11
num_cat=0
split_feature=20 8 19 35 38 33 28 40 19 38
split_gain=11.5295 15.4163 13.9555 12.4537 9.73564 6.0149 7.18999 4.73719 4.88529 3.58402
threshold=0.01407107197369249 -7.6473923117266585e-05 0.031013580399399509 -0.0062652754999019114 0.014373774980379292 0.25331107453962137 3.5000000000000004 -0.015726833911407109 0.038784523129005689 0.0094380725626372532
decision_type=2 2 2 2 2 2 2 2 2 2
left_child=1 7 9 -4 5 -2 -7 -1 -9 -3
right_child=4 2 3 -5 -6 6 -8 8 -10 -11
leaf_value=0 0 -0.039185175904143173 -0.020251288144423549 0.012513537613515131 0.0157148960872492 0 -0.034036378470024435 0.0095839837067461051 0.035789800113469154 -0.0065579844681192918
leaf_weight=8.739867299795149 12.204273924231527 7.6897812932729703 11.673368290066717 40.626091405749321 7.4887855947017661 7.4627511650323894 19.587607339024544 15.738926291465758 16.743901759386063 7.7223110049962997
leaf_count=35 49 31 47 163 30 30 79 63 67 31
internal_value=0.000336046 0.00576645 -0.002897 0.00444756 -0.011729 -0.0178362 -0.0252611 0.0198195 0.0248196 -0.0263297
internal_weight=155.678 108.934 67.7116 52.2995 46.7434 39.2546 27.0504 41.2227 32.4828 15.4121
internal_count=625 437 272 210 188 158 109 165 130 62
is_linear=0
shrinkage=0.03


Tree=5
num_leaves=8
num_cat=0
split_feature=21 20 19 8 14 4 33
split_gain=11.4901 11.4024 12.9727 14.1866 6.60316 5.71686 10.5579
threshold=0.015382159349533901 0.01407107197369249 0.043706181922358214 0.0080310036364487931 -0.92981497393236612 0.027433066670512932 0.24427851941885864
decision_type=2 2 2 2 2 2 2
left_child=1 2 3 -1 -4 6 -3
right_child=-2 5 4 -5 -6 -7 -8
leaf_value=0.0024207758543312945 0.031350166899905288 0 -0.0042602381361988313 -0.031235978846637702 0.019693960375421291 0.0028388530358195098 -0.035168671668243466
leaf_weight=42.609858796000481 8.4890127778053266 13.204921215772631 11.484012812376021 12.912064224481581 41.919093862175941 10.927676811814306 16.819176957011223
leaf_count=171 34 53 46 52 168 44 68
internal_value=0.000942033 -0.00107167 0.0039188 -0.00595951 0.0143042 -0.0142591 -0.0207392
internal_weight=158.366 149.877 108.925 55.5219 53.4031 40.9518 30.0241
internal_count=636 602 437 223 214 165 121
is_linear=0
shrinkage=0.03


Tree=6
num_leaves=5
num_cat=0
split_feature=38 38 17 34
split_gain=12.2059 15.4144 13.6572 8.5948
threshold=0.014271091893598563 0.012673391633790916 -0.19635516719255497 0.034649501004426438
decision_type=2 2 2 2
left_child=1 2 -1 -4
right_child=-2 -3 3 -5
leaf_value=-0.027878433808606638 0.026520977279386845 -0.034770448167834159 0.0075104027642555454 -0.01401791504548071
leaf_weight=11.161205649375914 13.23322109878063 9.6770996898412687 106.78373862802982 17.441448658704758
leaf_count=45 53 39 429 70
internal_value=0.000907999 -0.00165541 0.0010741 0.00419473
internal_weight=158.297 145.063 135.386 124.225
internal_count=636 583 544 499
is_linear=0
shrinkage=0.03


Tree=7
num_leaves=8
num_cat=0
split_feature=17 37 32 33 33 5 9
split_gain=10.6602 9.49436 6.73871 7.42415 6.66047 1.75498 0.727276
threshold=-0.19635516719255497 -0.010198208577822885 0.0068442990528916345 0.42631806411253198 0.40785521158726973 -0.028798803509546275 0.021833722257596489
decision_type=2 2 2 2 2 2 2
left_child=-1 4 3 -3 5 -2 -6
right_child=1 2 -4 -5 6 -7 -8
leaf_value=-0.021996007884446167 0.010711730390842404 0.0075424714352256778 0.021285829449682398 -0.0090473921373122341 0.035615036156485425 -0.0070779061654491207 0.01221041933172964
leaf_weight=14.354924649000166 7.7313175946474075 34.907541364431381 9.2045617848634702 66.647237181663513 10.225242078304293 7.7185392230749112 7.4825384914875022
leaf_count=58 31 140 37 268 41 31 30
internal_value=0.000859112 0.00351182 -0.000658092 -0.00316455 0.0171127 0.00117206 0.0287292
internal_weight=158.272 143.917 110.759 101.555 33.1576 15.4499 17.7078
internal_count=636 578 445 408 133 62 71
is_linear=0
shrinkage=0.03


Tree=8
num_leaves=5
num_cat=0
split_feature=38 17 38 11
split_gain=11.505 12.4296 7.48754 5.39387
threshold=0.019784465008164852 -0.19635516719255497 0.012673391633790916 0.01888802775935872
decision_type=2 2 2 2
left_child=1 -1 3 -3
right_child=-2 2 -4 -5
leaf_value=-0.02681706835297765 0.031673600781740384 0.0082467900186766474 -0.018716150717109348 -0.0048406098159039356
leaf_weight=13.326375231146811 8.2428382188081724 85.426073998212814 12.420643970370291 38.813423290848732
leaf_count=54 33 343 50 156
internal_value=0.000854667 -0.00113487 0.00161203 0.00402744
internal_weight=158.229 149.987 136.66 124.239
internal_count=636 603 549 499
is_linear=0
shrinkage=0.03


Tree=9
num_leaves=5
num_cat=0
split_feature=21 17 21 19
split_gain=9.89739 10.9006 6.02388 9.19043
threshold=0.015382159349533901 -0.19635516719255497 0.012958567282644473 0.043351954836705391
decision_type=2 2 2 2
left_child=1 -1 3 -3
right_child=-2 2 -4 -5
leaf_value=-0.024913222335906617 0.029052423652634687 -0.0053140119668208252 -0.01965938764383952 0.01058163684944413
leaf_weight=13.539603486657141 8.4852335751056653 56.488221034407616 8.9389069676399213 70.73592284321785
leaf_count=55 34 227 36 284
internal_value=0.000819573 -0.00104372 0.00154749 0.00343479
internal_weight=158.188 149.703 136.163 127.224
internal_count=636 602 547 511
is_linear=0
shrinkage=0.03


Tree=10
num_leaves=6
num_cat=0
split_feature=15 9 15 3 8
split_gain=6.08974 12.6874 7.08678 7.55666 1.10287
threshold=3.4586626078211729 0.051596850598514925 1.4163081416632941 0.0035307682266748634 0.0032110483651462129
decision_type=2 2 2 2 2
left_child=1 2 3 -1 -4
right_child=-2 -3 4 -5 -6
leaf_value=0.0061156579729891901 -0.024613589628662183 0.026424469972930759 -0.0075206008526196143 -0.0089209636827157247 -0.029353634911145135
leaf_weight=66.461627379059792 7.9225162118673316 12.439168825745581 8.1645112931728345 51.48024608194828 7.4269731044769278
leaf_count=267 32 50 33 207 30
internal_value=-0.0018554 -0.00020287 -0.00314732 -0.000361904 -0.0209283
internal_weight=153.895 145.973 133.533 117.942 15.5915
internal_count=619 587 537 474 63
is_linear=0
shrinkage=0.03


Tree=11
num_leaves=6
num_cat=0
split_feature=38 7 7 5 5
split_gain=8.66972 6.10101 10.6659 12.5673 4.7589
threshold=0.015777847931726683 -0.017679633362862598 -0.0050380164154173639 0.029586450282283797 0.0029444869310090165
decision_type=2 2 2 2 2
left_child=1 -1 4 -4 -3
right_child=-2 2 3 -5 -6
leaf_value=-0.021915677576995203 0.02405832336911087 0.021171625340925985 -0.013713739618197954 0.0082237819603891531 -0.0016148534993224895
leaf_weight=13.130801245570181 8.7332873046398145 20.206801608204845 68.068368151783943 32.848346948623657 10.868928104639052
leaf_count=53 35 81 274 132 44
internal_value=-0.00181782 -0.00378284 -0.00156682 -0.00640629 0.0131327
internal_weight=153.857 145.123 131.992 100.917 31.0757
internal_count=619 584 531 406 125
is_linear=0
shrinkage=0.03


Tree=12
num_leaves=11
num_cat=0
split_feature=40 21 38 19 27 28 19 19 4 23
split_gain=10.8097 6.66635 9.80707 7.14609 6.14119 6.12005 5.52191 3.94941 2.65414 2.40119
threshold=0.035913360362268561 0.0072962037176987861 0.014373774980379292 0.049886961261635276 2.5000000000000004 8.5000000000000018 0.043706181922358214 0.040415702289495987 -0.0023000521045532514 0.93105608636812709
decision_type=2 2 2 2 2 2 2 2 2 2
left_child=1 5 3 -3 8 7 -6 -1 -2 -8
right_child=4 2 -4 -5 6 -7 9 -9 -10 -11
leaf_value=0.009405176147038485 -0.0056688405451566486 0.0062069363323246016 0.025533899712931865 -0.013788051661071807 -0.017952141896725636 -0.0040259008216256362 -0.0019803360402076801 0.038192021573890636 -0.028766928521961218 0.018358629946746613
leaf_weight=13.922412633895879 9.7018491327762622 24.399619966745377 8.4762742668390256 37.480539545416832 9.1725120991468447 8.9531198590993863 7.4434680491685858 8.2241353988647443 17.561956241726875 8.4468345791101438
leaf_count=56 39 98 34 151 37 36 30 33 71 34
internal_value=-0.00175512 0.00384838 -0.00114708 -0.00572164 -0.0126376 0.0149892 -0.0010155 0.0229943 -0.0220092 0.00883654
internal_weight=153.783 101.456 70.3564 61.8802 52.3266 31.0997 25.0628 22.1465 27.2638 15.8903
internal_count=619 408 283 249 211 125 101 89 110 64
is_linear=0
shrinkage=0.03


Tree=13
num_leaves=10
num_cat=0
split_feature=40 5 7 28 10 5 8 27 16
split_gain=10.3052 7.41851 6.76752 9.24228 7.16622 6.41199 5.95043 4.18051 3.37192
threshold=0.035913360362268561 -0.015523728007288294 -0.017679633362862598 8.5000000000000018 -0.0059847773394628425 -0.026451148093902529 0.012898484936953574 2.5000000000000004 -0.28678298457798029
decision_type=2 2 2 2 2 2 2 2 2
left_child=2 -2 -1 4 -4 -5 8 -8 -3
right_child=1 6 3 5 -6 -7 7 -9 -10
leaf_value=-0.016366815825535466 0.0081833048430743991 -0.0049064299081505985 0.038655314995660668 0.016512211978090312 0.0086561784874800967 -0.011141430586195593 -0.015865419475047975 0.011456682494018565 -0.032878081243335952
leaf_weight=10.901706889271734 10.442548289895056 7.4365750700235358 7.7237270325422278 7.7309668511152259 45.774506881833076 29.289252728223801 8.1501947194337827 7.7145966887474051 18.525134742259983
leaf_count=44 42 30 31 31 184 118 33 31 75
internal_value=-0.00169385 -0.0123283 0.00377423 0.00666344 0.0144945 -0.00443173 -0.0179313 -0.00194461 -0.0263262
internal_weight=153.689 52.269 101.42 90.5185 53.4982 37.0202 41.8265 15.8648 25.9617
internal_count=619 211 408 364 215 149 169 64 105
is_linear=0
shrinkage=0.03


Tree=14
num_leaves=7
num_cat=0
split_feature=38 21 5 33 16 26
split_gain=7.71537 5.82772 7.51985 15.798 6.68842 3.99778
threshold=0.015777847931726683 0.01182299831167548 0.029586450282283797 0.53742981487300556 0.13111478994643933 0.21429369403907209
decision_type=2 2 2 2 2 2
left_child=1 2 3 -1 -4 -3
right_child=-2 5 4 -5 -6 -7
leaf_value=0.005428482812825393 0.022787417876141861 -0.029482223978510802 -0.011049351855218716 -0.018916942004307945 0.017951297623157333 -0.0010897227311096628
leaf_weight=51.255435273051262 8.7105365693569166 10.110945194959642 7.4360273778438559 41.074582651257515 25.847567290067673 9.1533394157886487
leaf_count=206 35 41 30 166 104 37
internal_value=-0.00164055 -0.00350166 -0.000901982 -0.00541443 0.010788 -0.0180684
internal_weight=153.588 144.878 125.614 92.33 33.2836 19.2643
internal_count=619 584 506 372 134 78
is_linear=0
shrinkage=0.03


Tree=15
num_leaves=9
num_cat=0
split_feature=20 38 16 28 36 28 35 10
split_gain=10.8266 10.3306 8.89251 6.76446 7.7149 6.70935 6.53667 3.41764
threshold=0.013007455267946262 0.014373774980379292 0.53742492682570497 2.5000000000000004 0.0044669563295389372 2.5000000000000004 0.052915245583267996 -0.00084010628729214154
decision_type=2 2 2 2 2 2 2 2
left_child=2 3 5 -2 -5 7 -7 -1
right_child=1 -3 -4 4 -6 6 -8 -9
leaf_value=0.0030114202135670368 0.0065290689933081882 0.017656491683827227 -0.022573902360857309 0 -0.027359592427182514 0.017049522372926753 -0.0024665045507402013 -0.02113452732387652
leaf_weight=8.7173384130001086 8.1784860640764219 7.4460809528827658 7.7183357477188101 12.370790585875509 34.490899652242661 50.999394878745079 19.379928901791573 7.6800731569528571
leaf_count=35 33 30 31 50 140 205 78 31
internal_value=-0.00182578 -0.0113893 0.0044478 -0.0160631 -0.0204188 0.00747461 0.0115486 -0.00855062
internal_weight=156.981 62.4863 94.4951 55.0402 46.8617 86.7767 70.3793 16.3974
internal_count=633 253 380 223 190 349 283 66
is_linear=0
shrinkage=0.03


Tree=16
num_leaves=9
num_cat=0
split_feature=21 35 33 36 37 39 28 36
split_gain=19.9461 13.465 17.7571 11.9887 6.79357 7.94935 6.83956 2.22603
threshold=0.0067698047604022879 0.028409734978965377 0.55291163067608384 0.0090503095185719678 -0.012118897159999751 1.0000000180025095e-35 10.500000000000002 0.0048604677153680298
decision_type=2 2 2 2 2 2 2 2
left_child=1 2 -1 4 5 -2 -6 -3
right_child=3 7 -4 -5 6 -7 -8 -9
leaf_value=0.02298290261633814 -0.016243246776254792 0.0095535393349189049 -0.031280938047749146 0.019580506114952559 -0.019127608423350029 0.019337280377029999 0.00069866688940770549 0.036519967190566792
leaf_weight=8.9786837697029132 7.6683222651481637 7.4551875591278103 8.6269214451313001 10.419980272650717 68.77144081890583 11.197372287511826 18.087907895445824 15.666460633277891
leaf_count=36 31 30 35 42 278 45 73 63
internal_value=-0.00178066 0.0156905 -0.00332038 -0.00819593 -0.0113854 0.00398531 -0.0149073 0.029875
internal_weight=156.872 40.7273 17.6056 116.145 105.725 18.8657 86.8593 23.1216
internal_count=633 164 71 469 427 76 351 93
is_linear=0
shrinkage=0.03


Tree=17
num_leaves=6
num_cat=0
split_feature=38 38 11 34 28
split_gain=7.47655 17.0876 7.14732 9.63506 6.02615
threshold=0.014373774980379292 0.012673391633790916 0.01888802775935872 0.0078169247852096797 7.5000000000000009
decision_type=2 2 2 2 2
left_child=1 2 3 -1 -4
right_child=-2 -3 4 -5 -6
leaf_value=0.014152031763514724 0.021538195156589949 -0.0378859636182503 -0.019176496624274893 -0.0045444320894407171 0.002619145037666362
leaf_weight=43.686183273792267 9.4229356050491315 10.012185469269751 25.679814547300339 51.077867895364761 16.855682283639908
leaf_count=176 38 41 104 206 68
internal_value=-0.00170181 -0.00355743 -0.000438426 0.00403397 -0.0104729
internal_weight=156.735 147.312 137.3 94.7641 42.5355
internal_count=633 595 554 382 172
is_linear=0
shrinkage=0.03


Tree=18
num_leaves=11
num_cat=0
split_feature=20 5 15 16 33 5 28 35 40 36
split_gain=9.47845 8.49938 11.4136 7.58647 6.62455 6.55663 4.28113 4.27057 3.25329 2.13295
threshold=0.013007455267946262 -0.014413369035024491 -0.053378484177150097 0.11192081874742056 0.8309846313445578 0.013135753332377932 6.5000000000000009 0.037827511716566738 -0.040679416712069809 0.0068094986502908574
decision_type=2 2 2 2 2 2 2 2 2 2
left_child=1 7 6 -4 5 8 -3 -1 -2 -7
right_child=4 2 3 -5 -6 9 -8 -9 -10 -11
leaf_value=0.0318163174685685 0.0086255291999689163 -0.0041657643531644696 -0.0035948914052544986 0.01810182808490091 0.0064093509401220048 -0.012176349296011302 -0.032639078332216631 0.0024940153518080333 -0.011626073851863978 -0.040487798209940459
leaf_weight=10.948878049850466 7.3888619393110302 12.40649724006653 27.806611686944962 25.367262110114098 13.606616541743277 8.8377504944801348 8.6695564985275251 9.2295689135789853 23.657027289271355 8.7134353518486005
leaf_count=44 30 50 112 102 55 36 35 37 96 36
internal_value=-0.00165809 0.0041998 -0.000459182 0.0067649 -0.0106381 -0.0157723 -0.0183419 0.0205151 -0.00612199 -0.0297029
internal_weight=156.632 94.4284 74.2499 53.1739 62.2037 48.5971 21.0761 20.1784 31.0459 17.5512
internal_count=633 380 299 214 253 198 85 81 126 72
is_linear=0
shrinkage=0.03


Tree=19
num_leaves=11
num_cat=0
split_feature=37 4 20 5 5 22 22 4 19 34
split_gain=9.47108 10.5304 10.3401 11.7887 10.0276 7.66674 7.06484 4.62645 1.87738 1.6517
threshold=-0.012118897159999751 -0.013737796796487454 0.013007455267946262 -0.014413369035024491 0.041451999229695786 1.0000000180025095e-35 0.1311671898380096 -0.011714252656594202 0.092828587835569756 0.0038157787156543059
decision_type=2 2 2 2 2 2 2 2 2 2
left_child=1 -1 3 7 -5 8 -7 -2 -4 -3
right_child=2 9 5 4 -6 6 -8 -9 -10 -11
leaf_value=-0.0075455600556476616 0.037149411074492072 0.011006756062651446 -0.034111210965998277 -0.011269543705995836 0.016228228681558116 0.015111664404434014 -0.015858889920030081 0.002788998394171043 -0.0095492872672970908 0.034599832937330814
leaf_weight=12.843037202954291 7.7043436020612717 10.408304184675218 15.62366344034672 48.090241760015488 13.448128208518026 9.1245511472225207 13.955579057335852 7.7167682498693448 8.1103178858757001 9.4690548181533796
leaf_count=52 31 42 64 194 54 37 57 31 33 38
internal_value=-0.00162418 0.0121371 -0.00551647 0.00112478 -0.00470265 -0.0163403 -0.00278815 0.0231105 -0.0276953 0.0250671
internal_weight=156.494 32.7204 123.774 76.9595 61.5384 46.8141 23.0801 15.4211 23.734 19.8774
internal_count=633 132 501 310 248 191 94 62 97 80
is_linear=0
shrinkage=0.03


Tree=20
num_leaves=9
num_cat=0
split_feature=37 23 19 14 23 11 17 35
split_gain=15.3415 8.00744 7.70598 9.5411 7.34656 7.22121 3.96662 6.48806
threshold=0.011209293072427464 1.0552429230122866 0.029341874786792635 -0.92981497393236612 1.1595079731281348 0.01888802775935872 0.079244697769249153 0.014507376580019994
decision_type=2 2 2 2 2 2 2 2
left_child=1 6 -2 -4 -3 -5 7 -1
right_child=2 4 3 5 -6 -7 -8 -9
leaf_value=0.004320751405906092 -0.027130910215611623 -0.019889783141226344 -0.02570770625431466 0.0085287841723848748 0.011387845493933995 -0.011503125173023343 0.00064343312672373665 0.03360319589713457
leaf_weight=12.352454021573065 12.076053395867346 9.6473888605833071 11.55261519551277 46.145486429333687 13.849904313683508 22.143567845225334 9.6671321839094144 21.352351993322372
leaf_count=50 49 39 47 187 56 90 39 86
internal_value=0.00127908 0.0120963 -0.00652067 -0.00263326 -0.00141849 0.0016773 0.0194886 0.0241348
internal_weight=158.787 66.8692 91.9177 79.8417 23.4973 68.2891 43.3719 33.7048
internal_count=643 270 373 324 95 277 175 136
is_linear=0
shrinkage=0.03


Tree=21
num_leaves=11
num_cat=0
split_feature=37 38 38 19 21 15 1 11 32 37
split_gain=14.5693 7.80657 7.69667 6.85475 5.85506 8.13069 5.9611 5.8246 4.17635 1.09788
threshold=0.011209293072427464 0.0091083170291591693 0.0074589959269974601 0.027695925778503994 0.0093960566564450943 0.47457034101315804 -0.0059468065996567945 0.019413002173341524 0.0028965554832040001 0.048460305823888501
decision_type=2 2 2 2 2 2 2 2 2 2
left_child=2 3 -1 -2 6 -6 -4 -5 9 -3
right_child=1 8 4 7 5 -7 -8 -9 -10 -11
leaf_value=-0.0094124637874185499 -0.021637455203600581 -0.030594425442977441 0 0.013544631981488713 0.020335935202193279 -0.012001493679748534 0.031073805699415011 -0.0070037250185476232 -0.0024700613567146461 -0.0096279630649141711
leaf_weight=10.672722414135931 8.1137785911560041 13.46573628485203 7.9447191655635825 29.160172909498215 11.626399427652361 12.046248242259024 24.559965863823891 17.9641083329916 14.531423702836035 8.6211841255426389
leaf_count=43 33 55 32 118 47 49 99 73 59 35
internal_value=0.00123152 -0.00637001 0.011776 0.000583415 0.0162445 0.00364316 0.024244 0.00543988 -0.0167345 -0.0245123
internal_weight=158.706 91.8564 66.8501 55.2381 56.1773 23.6726 32.5047 47.1243 36.6183 22.0869
internal_count=643 373 270 224 227 96 131 191 149 90
is_linear=0
shrinkage=0.03


Tree=22
num_leaves=10
num_cat=0
split_feature=37 19 20 38 34 3 28 18 34
split_gain=13.8674 7.81505 9.74374 7.40732 5.47988 4.22973 3.49712 3.0952 1.86288
threshold=-0.00076089866575368415 0.030010668457225841 0.015668522909115353 0.011608288433260254 0.0038157787156543059 -0.018491470822762309 8.5000000000000018 0.77047489712306183 0.016536368096459756
decision_type=2 2 2 2 2 2 2 2 2
left_child=5 8 3 -3 -4 -1 7 -7 -2
right_child=1 2 4 -5 -6 6 -8 -9 -10
leaf_value=-0.0022395820176090717 -0.0066327217175579222 0.0081289503189740427 0 -0.015931193406492957 -0.030260002785599663 0.033011507235146467 0.0039623134246326019 0.0079409846605835426 -0.032489497815803368
leaf_weight=9.4044859707355482 7.3994649350643149 62.662467494606972 7.546813219785693 11.792526289820669 11.873016983270643 15.337763801217081 13.868633210659025 10.637884542345999 8.0723634213209134
leaf_count=38 30 253 31 48 49 62 56 43 33
internal_value=0.0011729 -0.00468515 -0.00106478 0.00380494 -0.0190474 0.0141474 0.0182959 0.0245822 -0.0231567
internal_weight=158.595 109.347 93.8748 74.455 19.4198 49.2488 39.8443 25.9756 15.4718
internal_count=643 444 381 301 80 199 161 105 63
is_linear=0
shrinkage=0.03


Tree=23
num_leaves=11
num_cat=0
split_feature=40 23 36 23 36 17 5 5 0 28
split_gain=12.8919 8.33682 7.40115 7.31402 5.73702 5.30591 6.46873 6.16563 5.68994 4.35153
threshold=0.020321626672549557 1.0552429230122866 0.0039385476318963518 1.1595079731281348 0.0064712341951762295 0.10452128964090653 -0.015523728007288294 0.029586450282283797 0.0099703604269149055 8.5000000000000018
decision_type=2 2 2 2 2 2 2 2 2 2
left_child=1 2 -1 -3 -4 6 -2 -8 -7 -5
right_child=5 3 4 9 -6 8 7 -9 -10 -11
leaf_value=-0.0058294199768143887 0.016520172955989589 -0.019887465645409615 0.034375638925034688 0.019986790039458621 0.0097292506891031427 -0.032905871405718351 -0.014659612531117939 0.006647444844230588 0 -0.005543492044698505
leaf_weight=8.6777293384075147 10.614704400300978 11.366686388850214 18.271907195448875 10.626250699162485 22.497085928916931 10.79485332965851 32.87454491853714 16.23755045235157 7.6566044986248007 8.8572610765695554
leaf_count=35 43 46 74 43 91 44 134 66 31 36
internal_value=0.00112202 0.00953006 0.0169681 -0.00224225 0.022217 -0.0073491 -0.00245626 -0.00733709 -0.0206646 0.00824684
internal_weight=158.475 80.2969 49.4467 30.8502 40.769 78.1783 59.7268 49.1121 18.4515 19.4835
internal_count=643 325 200 125 165 318 243 200 75 79
is_linear=0
shrinkage=0.03


Tree=24
num_leaves=10
num_cat=0
split_feature=37 23 23 15 35 17 17 35 1
split_gain=12.7427 6.97759 6.70136 5.64478 5.70405 6.05794 3.74051 5.96803 3.49024
threshold=0.011209293072427464 1.0552429230122866 1.1595079731281348 -0.65857616059806567 0.054654599517179332 -0.066359920384810298 0.079244697769249153 0.014507376580019994 -0.00094867285330713081
decision_type=2 2 2 2 2 2 2 2 2
left_child=1 6 -3 8 5 -5 7 -1 -2
right_child=3 2 -4 4 -6 -7 -8 -9 -10
leaf_value=0.0034960470796925472 -0.0027764321541581009 -0.019280333466940879 0.010608702731355007 -0.011204280186205852 -0.018935483686400568 0.0082574535675961382 0 0.031464100144521806 -0.031327069945338376
leaf_weight=12.369059488177298 8.3543497473001498 9.6157429069280642 13.815508171916006 19.055380076169968 12.524614080786703 42.220150277018547 9.6524984985589963 21.270431041717529 9.4711325764656049
leaf_count=50 34 39 56 78 51 171 39 86 39
internal_value=0.00108907 0.0109647 -0.00161901 -0.00602293 -0.00192341 0.00180537 0.0178774 0.0223746 -0.0203327
internal_weight=158.349 66.7232 23.4313 91.6256 73.8001 61.2755 43.292 33.6395 17.8255
internal_count=643 270 95 373 300 249 175 136 73
is_linear=0
shrinkage=0.03


Tree=25
num_leaves=5
num_cat=0
split_feature=38 38 17 5
split_gain=9.9546 10.518 7.42025 6.64345
threshold=0.015777847931726683 0.012673391633790916 -0.2036800817764742 0.040468682185499157
decision_type=2 2 2 2
left_child=1 2 -1 -4
right_child=-2 -3 3 -5
leaf_value=-0.023027017390215884 0.028568509294335246 -0.027963922502191343 -0.0011853164508758443 0.01591906554786476
leaf_weight=9.6326694339513761 7.8342849910259238 11.361613392829893 104.48776403069496 23.016371682286263
leaf_count=40 32 47 423 93
internal_value=-0.000559217 -0.0025548 0 0.00198461
internal_weight=156.333 148.498 137.137 127.504
internal_count=635 603 556 516
is_linear=0
shrinkage=0.03


Tree=26
num_leaves=6
num_cat=0
split_feature=38 38 21 35 28
split_gain=9.51476 10.0244 7.20216 16.4006 7.01177
threshold=0.015777847931726683 0.012673391633790916 0.0068340578105952083 0.02950493322693826 9.5000000000000018
decision_type=2 2 2 2 2
left_child=1 2 3 -1 -4
right_child=-2 -3 4 -5 -6
leaf_value=-0.010909313683177126 0.027975833871969748 -0.027352708209124027 -0.009638292033683547 0.026614028514674534 0.0072182578036485943
leaf_weight=16.293564528226852 7.8030894100666037 11.312466144561766 68.973494023084641 22.190870836377144 29.632362589240074
leaf_count=66 32 47 280 90 120
internal_value=-0.000545927 -0.00249742 0 0.0106027 -0.00438079
internal_weight=156.206 148.403 137.09 38.4844 98.6059
internal_count=635 603 556 156 400
is_linear=0
shrinkage=0.03


Tree=27
num_leaves=6
num_cat=0
split_feature=38 38 21 35 34
split_gain=9.08949 9.56583 6.78909 15.5384 7.52108
threshold=0.015777847931726683 0.012673391633790916 0.0068340578105952083 0.02950493322693826 0.03082235894928809
decision_type=2 2 2 2 2
left_child=1 2 3 -1 -4
right_child=-2 -3 4 -5 -6
leaf_value=-0.010623865687913256 0.027402582368035239 -0.026761288602290757 -0.00031767108151903924 0.025900421875016153 -0.022265880998748173
leaf_weight=16.283302038908005 7.7696808874607077 11.260581061244009 83.27170242369175 22.173555508255959 15.296709299087523
leaf_count=66 32 47 338 90 62
internal_value=-0.000521998 -0.00243016 0 0.010304 -0.004248
internal_weight=156.056 148.286 137.025 38.4569 98.5684
internal_count=635 603 556 156 400
is_linear=0
shrinkage=0.03


Tree=28
num_leaves=5
num_cat=0
split_feature=38 38 17 12
split_gain=8.69421 9.11944 6.95659 4.24612
threshold=0.015777847931726683 0.012673391633790916 -0.2036800817764742 75.996094817967204
decision_type=2 2 2 2
left_child=1 2 -1 -4
right_child=-2 -3 3 -5
leaf_value=-0.022360104770260146 0.026847602317470312 -0.026188485764588935 0 0.016475627378871042
leaf_weight=9.5758736878633481 7.7342614680528632 11.20623831450939 113.55992446839809 13.821902483701704
leaf_count=40 32 47 460 56
internal_value=-0.000512289 -0.00237894 0 0.00191262
internal_weight=155.898 148.164 136.958 127.382
internal_count=635 603 556 516
is_linear=0
shrinkage=0.03


Tree=29
num_leaves=6
num_cat=0
split_feature=38 38 20 19 19
split_gain=8.3157 8.69898 6.37989 9.63184 6.64386
threshold=0.015777847931726683 0.012673391633790916 0.014782687894752624 0.092828587835569756 0.032958294695786768
decision_type=2 2 2 2 2
left_child=1 2 4 -4 -1
right_child=-2 -3 3 -5 -6
leaf_value=-0.0079566827624093315 0.026309835128358744 -0.025633219736865206 -0.027243606156599213 0.0058406088366367813 0.0079243444133433334
leaf_weight=31.054515168070793 7.6970209777355185 11.14969979226589 15.203647643327715 12.467753499746321 78.182406276464462
leaf_count=126 32 47 63 51 316
internal_value=-0.000499143 -0.0023249 0 -0.0124426 0.00321286
internal_weight=155.755 148.058 136.908 27.6714 109.237
internal_count=635 603 556 114 442
is_linear=0
shrinkage=0.03


Tree=30
num_leaves=12
num_cat=0
split_feature=37 26 15 5 5 24 16 34 11 4 13
split_gain=12.9014 8.41149 5.41993 8.01136 5.7057 5.30134 4.97243 4.41054 4.40346 1.80209 1.40204
threshold=0.022108062311542834 0.2105253647525864 0.60688142774877984 0.029262192280547387 0.0097027217821006335 -0.31579158708310878 -0.2259019109796524 -0.010616597967966821 0.01888802775935872 0.023752291876469881 -3.9064566653128554
decision_type=2 2 2 2 2 2 2 2 2 2 2
left_child=2 6 4 10 7 -3 -2 -1 -7 -8 -4
right_child=1 5 3 -5 -6 8 9 -9 -10 -11 -12
leaf_value=0.03275379454143082 0 0.016440565202102676 -0.00066726874242265726 0.014676708245811868 -0.0048674914546106198 0.00053441973955895916 -0.03302742190460943 0.0091782842042857984 -0.023344587470338456 -0.0095540629515266234 -0.018157665811763736
leaf_weight=12.457103267312048 8.0902295708656293 10.074976593255995 8.3867329955100995 13.951639920473097 9.8121022433042508 18.682140916585926 16.656413808465008 24.200522884726524 8.0274299085140211 8.5544493198394758 13.495684668421747
leaf_count=51 33 41 34 57 40 76 69 98 33 35 55
internal_value=-0.000907506 -0.0102994 0.00696679 -0.00143201 0.0135447 0 -0.020762 0.0188579 -0.00724613 -0.0269014 -0.0126996
internal_weight=152.389 70.0856 82.3038 35.8341 46.4697 36.7845 33.3011 36.6576 26.7096 25.2109 21.8824
internal_count=622 287 335 146 189 150 137 149 109 104 89
is_linear=0
shrinkage=0.03


Tree=31
num_leaves=11
num_cat=0
split_feature=40 33 32 21 38 23 21 4 9 32
split_gain=7.86979 8.79461 7.10279 6.87028 6.9706 6.35518 4.54806 4.47493 3.30079 3.15158
threshold=0.021619436998289724 0.51702644690906518 0.0046207404435892893 0.0072962037176987861 0.014373774980379292 1.047306949062371 0.009729073933494271 0.023752291876469881 0.025176938058971966 -1.0000000180025095e-35
decision_type=2 2 2 2 2 2 2 2 2 2
left_child=3 6 7 8 5 -5 9 -3 -1 -2
right_child=1 2 -4 4 -6 -7 -8 -9 -10 -11
leaf_value=0.02734637871424217 0.025410455110073549 -0.030279787801731503 0.0052713078002342498 0.003942367886265394 0.022262530661914214 -0.016722280346856456 -0.0090156351586441752 -0.00520910945228404 0.001993616499332428 0
leaf_weight=13.364348664879801 7.9437176734209105 21.900800868868828 8.8666532188653928 29.122483372688293 8.3470950424671155 20.819977685809135 11.110916927456854 12.276658862829207 9.0442208349704725 9.419060155749321
leaf_count=54 32 91 36 118 35 85 46 50 37 38
internal_value=-0.000887979 -0.00810096 -0.0164461 0.00536438 0 -0.00469569 0.00427365 -0.0224748 0.0187302 0.0136053
internal_weight=152.216 71.5178 43.0441 80.6981 58.2896 49.9425 28.4737 34.1775 22.4086 17.3628
internal_count=622 293 177 329 238 203 116 141 91 70
is_linear=0
shrinkage=0.03


Tree=32
num_leaves=9
num_cat=0
split_feature=17 8 19 16 26 19 21 8
split_gain=6.35582 8.05509 7.40431 7.14302 8.30584 6.62597 5.58848 4.07169
threshold=-0.26221341720922675 0.0025379568042541941 0.049886961261635276 0.10306026031918016 0.27271907588947691 0.090723585177030011 0.008611278048755994 0.0087415495063820747
decision_type=2 2 2 2 2 2 2 2
left_child=-1 2 6 7 -5 -4 -2 -3
right_child=1 3 5 4 -6 -7 -8 -9
leaf_value=-0.024036168251827257 0.0083493039329744553 -0.005211084231106472 -0.013607112006133359 -0.010021766414114928 0.011408709499175209 0.015962011195448874 0.035605400642806727 -0.034568133065886832
leaf_weight=7.9826850891113272 27.985940083861351 11.26986610889435 17.545516133308414 33.591895803809166 27.967669174075127 8.2702458351850492 9.1906596273183805 8.2000419795513135
leaf_count=34 113 46 72 138 114 34 37 34
internal_value=-0.000842236 0.000652213 0.00864387 -0.00543841 0 -0.00312859 0.016944 -0.0203423
internal_weight=152.005 144.022 62.9924 81.0295 61.5596 25.8158 37.1766 19.4699
internal_count=622 588 256 332 252 106 150 80
is_linear=0
shrinkage=0.03


Tree=33
num_leaves=10
num_cat=0
split_feature=37 26 35 13 13 11 34 20 13
split_gain=11.6551 7.72114 6.21295 6.14152 9.12394 4.03127 4.02373 6.16569 1.42737
threshold=0.022108062311542834 0.2105253647525864 0.062741177410862395 -8.8479471358117845 -3.6178534216493428 0.027771156559717073 -0.0043324841583393106 0.010045387239697367 0.72349676388053308
decision_type=2 2 2 2 2 2 2 2 2
left_child=2 5 3 -1 -5 8 -3 -8 -2
right_child=1 6 -4 4 -6 -7 7 -9 -10
leaf_value=-0.011920251623755346 -0.012996037458441485 0.013772091190812278 -0.010660674564977326 0.035081535732339277 0.0067829883170234693 0 0.013302707161974242 -0.015743877224106168 -0.033566347335956898
leaf_weight=7.5809447765350333 13.515546798706056 10.810958802700041 13.04351471364498 12.329824656248091 49.14751523733139 7.2637427747249594 7.4066414982080486 18.478495076298714 12.294577389955519
leaf_count=31 56 44 53 50 201 30 30 76 51
internal_value=-0.000824281 -0.00977982 0.00665936 0.0103498 0.0136213 -0.0198454 0 -0.00653671 -0.0250433
internal_weight=151.872 69.77 82.1018 69.0583 61.4773 33.0739 36.6961 25.8851 25.8101
internal_count=622 287 335 282 251 137 150 106 107
is_linear=0
shrinkage=0.03


Tree=34
num_leaves=12
num_cat=0
split_feature=37 35 15 36 33 21 4 32 6 32 33
split_gain=11.0319 5.89125 6.09758 7.21809 4.84522 8.4306 6.91948 5.16757 3.14737 2.66621 2.05419
threshold=0.022108062311542834 0.062741177410862395 0.60688142774877984 0.0064025124615287952 0.51702644690906518 0.01125093454355444 0.023752291876469881 0.0023197005179913526 -0.0041600676542882858 0.0003250678097288518 0.89574677624515908
decision_type=2 2 2 2 2 2 2 2 2 2 2
left_child=1 2 8 -4 5 9 7 -6 -1 -2 -8
right_child=4 -3 3 -5 6 -7 10 -9 -10 -11 -12
leaf_value=0.03112867122892499 0.022270685218722094 -0.010385945294996682 0.013552131403457393 -0.013856901679613313 -0.034962723860296467 -0.022155235721422629 0.0096729810392625296 -0.0058045873381696528 0.010182447049815519 0 -0.0086775423625412088
leaf_weight=10.847169995307921 8.8492338061332756 13.039844453334807 15.441542133688928 15.149626985192297 15.414865374565126 7.4041844755411139 7.7933365404605892 11.391355186700819 27.612192124128342 8.4198558926582319 10.383058682084082
leaf_count=44 36 53 63 62 65 31 32 47 113 34 42
internal_value=-0.000806684 0.00646883 0.0100656 0 -0.00953154 0.000612417 -0.0152041 -0.0243559 0.0177076 0.0124389 0
internal_weight=151.746 82.0904 69.0505 30.5912 69.6559 24.6733 44.9826 26.8062 38.4594 17.2691 18.1764
internal_count=622 335 282 125 287 101 186 112 157 70 74
is_linear=0
shrinkage=0.03


Tree=35
num_leaves=7
num_cat=0
split_feature=24 32 19 31 5 35
split_gain=6.11402 5.97938 5.75044 5.67736 6.09467 1.8432
threshold=0.68188938757145656 0.0068442990528916345 0.050759359731475259 -2.4999999999999996 -0.019805884731822317 0.032465131591025827
decision_type=2 2 2 2 2 2
left_child=1 3 -2 5 -5 -1
right_child=2 -3 -4 4 -6 -7
leaf_value=0.026371276324058852 0.0045319988722009831 0.023413102395245994 -0.026679904119394464 0.013386123607582154 -0.0035834292710077605 0.0030463997306503813
leaf_weight=8.8273295313119906 7.5864837318658855 12.240884244441984 9.6330896317958814 22.161437898874283 88.005179792642593 7.3391880691051474
leaf_count=36 31 50 40 91 360 30
internal_value=0.00260709 0.00482525 -0.0131077 0.00257051 0 0.0181092
internal_weight=155.794 138.574 17.2196 126.333 110.167 16.1665
internal_count=638 567 71 517 451 66
is_linear=0
shrinkage=0.03


Tree=36
num_leaves=11
num_cat=0
split_feature=37 20 33 5 33 23 19 19 36 37
split_gain=6.42684 6.30835 10.2388 11.7035 6.05788 5.18584 4.41293 2.96366 2.7782 0.317128
threshold=-0.0032447397178275157 0.015668522909115353 0.44347976717737186 0.029586450282283797 0.24427851941885864 0.97643763008823192 0.062827264404752017 0.04182853971578146 0.006157900997307098 -0.019614390437973913
decision_type=2 2 2 2 2 2 2 2 2 2
left_child=5 2 4 -4 -2 7 -7 -1 -3 -9
right_child=1 8 3 -5 -6 6 -8 9 -10 -11
leaf_value=0.001323048504373036 0.0004132337046847796 -0.029058355959515964 -0.015777611285340998 0.0096641367545113807 0.028150388184786563 -0.009390930880178729 0.016269419558653343 0.013224175780014218 -0.0033443977080454676 0.03328783613257854
leaf_weight=7.4250815510749844 14.285037845373155 7.4441861212253597 36.253560394048691 25.854380592703819 14.851528376340864 13.727559208869936 7.7645808905363074 9.2209997028112447 9.8791839033365232 9.0474180728197062
leaf_count=30 58 31 149 105 60 56 32 38 42 37
internal_value=0.00255053 -0.00137848 0.00173464 -0.00498162 0.0159332 0.0115841 0 0.0201709 -0.0170344 0.026205
internal_weight=155.754 108.568 91.2445 62.1079 29.1366 47.1856 21.4921 25.6935 17.3234 18.2684
internal_count=638 445 372 254 118 193 88 105 73 75
is_linear=0
shrinkage=0.03


Tree=37
num_leaves=9
num_cat=0
split_feature=24 19 13 33 5 34 26 4
split_gain=5.73042 5.56889 5.26556 6.30565 11.8552 9.35958 4.48969 4.04904
threshold=0.68188938757145656 0.050759359731475259 3.9200441025610826 0.4950866802060464 0.036140424518830712 0.034090042733269994 0.19999779595269099 0.018402591199844335
decision_type=2 2 2 2 2 2 2 2
left_child=2 -2 3 5 -5 -1 -4 -8
right_child=1 -3 6 4 -6 -7 7 -9
leaf_value=0.014077582807081686 0.0045853358490970404 -0.026133485421219585 -0.001124474568588305 -0.016814917266177842 0.010615940266639182 -0.018301428560874737 0.030053753414296423 0.0013606088283158208
leaf_weight=44.528537958860397 7.5779792666435268 9.591943144798277 9.2634622007608431 32.834116533398628 21.516140967607498 7.5586933046579352 14.909958437085153 7.8064895570278159
leaf_count=182 31 40 38 135 88 31 61 32
internal_value=0.00249925 -0.0127293 0.00464949 0.00118948 -0.00569805 0.00859855 0.0149761 0.0217082
internal_weight=155.587 17.1699 138.417 106.437 54.3503 52.0872 31.9799 22.7164
internal_count=638 71 567 436 223 213 131 93
is_linear=0
shrinkage=0.03


Tree=38
num_leaves=11
num_cat=0
split_feature=37 38 32 10 12 4 36 2 26 4
split_gain=6.21573 6.91173 6.29565 5.48091 5.96318 4.82125 5.91047 4.54235 2.9539 2.43633
threshold=-0.010198208577822885 0.0090826978939952448 0.0028965554832040001 -0.0048515039012347319 75.996094817967204 -0.013737796796487454 0.0065992573228417662 -0.0064599512071582535 0.21429369403907209 -0.034424734932052552
decision_type=2 2 2 2 2 2 2 2 2 2
left_child=5 3 7 -2 -5 9 -7 -3 -4 -1
right_child=1 2 8 4 -6 6 -8 -9 -10 -11
leaf_value=0.0097375441490151031 0.020519264299180578 0 -0.0084571372256228051 -0.0047595446429651396 0.018891518806143988 0.035198539969154494 0.0037033474122599649 -0.023414440657867804 0.01325658660333757 -0.011575102221844527
leaf_weight=7.9960586130619049 14.228706344962118 9.6163909882307035 7.2477931678295162 41.298866406083107 10.296085998415945 10.816956892609598 12.203540384769438 23.253971680998802 11.251475736498831 7.2912719547748548
leaf_count=33 58 40 30 169 42 44 50 96 46 30
internal_value=0.00242477 -0.000936494 -0.00910319 0.00529623 0.00020914 0.0126161 0.0207326 -0.0167275 0.00402256 0
internal_weight=155.501 117.193 51.3696 65.8237 51.595 38.3078 23.0205 32.8704 18.4993 15.2873
internal_count=638 481 212 269 211 157 94 136 76 63
is_linear=0
shrinkage=0.03


Tree=39
num_leaves=9
num_cat=0
split_feature=40 10 16 35 12 12 4 16
split_gain=5.21156 7.199 13.0486 7.86111 5.14205 8.3534 5.14486 2.14617
threshold=0.071665812940453169 0.0065779933983908254 0.13111478994643933 0.053387747164957096 46.786865543122339 43.57538422969553 0.0055647789224811959 0.047752020113911345
decision_type=2 2 2 2 2 2 2 2
left_child=1 4 -3 -4 5 -1 -6 -2
right_child=7 2 3 -5 6 -7 -8 -9
leaf_value=0.0087440605373851864 -0.020598266332884415 -0.032186162212000755 0.010684273709411548 -0.017606824784532071 0.027564049147890495 -0.022423569157195358 0.0030918581040263082 -0.00019790580375779631
leaf_weight=40.759448483586311 8.8842597156763095 9.636951416730879 32.664907947182655 9.6858433783054334 20.647525787353516 7.3373349756002417 14.888256475329397 10.864585041999815
leaf_count=167 37 40 134 40 84 30 61 45
internal_value=0.00237858 0.0045855 -0.00388848 0.00337353 0.00999606 0.00298452 0.0184217 -0.0111152
internal_weight=155.369 135.62 51.9877 42.3508 83.6326 48.0968 35.5358 19.7488
internal_count=638 556 214 174 342 197 145 82
is_linear=0
shrinkage=0.03


Tree=40
num_leaves=12
num_cat=0
split_feature=40 12 5 21 34 9 12 35 34 15 15
split_gain=7.71842 8.52506 9.80503 5.60173 6.09797 5.78227 4.46576 8.5903 3.88848 2.09977 0.227021
threshold=0.035913360362268561 66.190672954543686 -0.011637162188370851 0.0080741773890430878 -0.027292232755695086 -0.021103654833055822 56.265974689787775 0.033399540715166161 0.012379088295233378 -0.71424046595225388 1.481391587249494
decision_type=2 2 2 2 2 2 2 2 2 2 2
left_child=3 2 9 6 -5 -6 8 -8 -1 -2 -4
right_child=1 -3 10 4 5 -7 7 -9 -10 -11 -12
leaf_value=0.028491303772100643 -0.0088132839742387295 0.0092521500450575955 -0.030822771712230381 0.012832759869481512 0.010986527887248132 -0.014940820226645469 -0.022105992051699844 0.013860243103602636 0.0012415793442122713 0.010384193759815898 -0.012527081644569185
leaf_weight=13.021925121545793 7.6185499429702785 11.96497857570648 20.638094827532772 12.270751193165777 7.608576998114585 34.047420516610146 7.6476238369941738 13.703359991312025 8.9034913778305036 8.6571508049964887 8.2322104126214963
leaf_count=53 32 49 86 51 31 140 31 56 36 35 35
internal_value=-0.00274968 -0.0113489 -0.0172879 0.00227849 -0.00393157 -0.00957516 0.01018 0 0.0190815 0.000596142 -0.0272413
internal_weight=154.314 57.111 45.146 97.2031 53.9267 41.656 43.2764 21.351 21.9254 16.2757 28.8703
internal_count=635 237 188 398 222 171 176 87 89 67 121
is_linear=0
shrinkage=0.03


Tree=41
num_leaves=11
num_cat=0
split_feature=37 3 18 32 18 19 5 4 4 32
split_gain=6.68633 6.84763 7.82094 5.89476 8.91701 7.94851 3.51138 3.25314 3.19841 2.17271
threshold=-0.0022473854048175031 -0.018044201544446633 0.85487378801233926 0.0037097307357409908 0.40125718524802217 0.071000554812107999 0.024097315386524491 -0.0037892224571320905 0.022750494287324233 0.0013462181397695396
decision_type=2 2 2 2 2 2 2 2 2 2
left_child=1 -1 9 4 5 -2 7 -5 -6 -3
right_child=3 2 -4 6 8 -7 -8 -9 -10 -11
leaf_value=-0.01502264919307251 0.013748647834441937 0.0097737933441656485 -0.011608235035418796 0.0087943506069250964 -0.022671262540956139 -0.018015068987171694 0.016467160429700801 -0.01472271774534272 -0.0047623133772017488 0.029590148122560552
leaf_weight=8.2457126677036268 18.516466543078426 18.604780018329624 7.5969745963811866 7.5492826700210616 36.972483098506927 8.6809288561344129 11.086035892367361 9.1469401568174362 16.363692089915276 11.321262955665587
leaf_count=34 75 76 31 31 155 36 45 38 67 47
internal_value=-0.00266364 0.00659937 0.0122501 -0.00676237 -0.0108605 0.00255694 0.00454486 -0.00348378 -0.0178185 0.0191244
internal_weight=154.085 45.7687 37.523 108.316 80.5336 27.1974 27.7823 16.6962 53.3362 29.926
internal_count=635 188 154 447 333 111 114 69 222 123
is_linear=0
shrinkage=0.03


Tree=42
num_leaves=10
num_cat=0
split_feature=40 7 5 34 19 24 20 11 0
split_gain=7.12418 7.70297 7.59335 5.24772 5.14652 5.8676 4.85417 4.76066 2.50597
threshold=0.035913360362268561 -0.016143344893480075 0.013600581096397503 0.021017568116354694 0.030807979116214485 -0.2413811851909258 0.013988332071893299 0.018179145810030776 0.0090038486555641412
decision_type=2 2 2 2 2 2 2 2 2
left_child=1 -1 7 -4 -2 6 -6 -3 -7
right_child=4 2 3 -5 5 8 -8 -9 -10
leaf_value=-0.01883497978044597 -0.029844078430209375 0.017830667726488839 -0.01119337455669807 0.011713762295829195 0.015452512553608149 -0.019988131998584669 -0.011658985042505121 -0.0042156520516082483 0
leaf_weight=11.310589998960493 9.0524408519268018 38.762001469731331 27.155799195170403 10.662457615137098 13.682199001312258 19.673854395747188 7.2125669866800299 9.0911273360252363 7.2294600158929816
leaf_count=47 38 159 111 44 56 82 31 37 30
internal_value=-0.00259143 0.00223602 0.00555518 -0.00409427 -0.0108776 -0.00593004 0.00523789 0.0133403 -0.014885
internal_weight=153.832 96.982 85.6714 37.8183 56.8505 47.7981 20.8948 47.8531 26.9033
internal_count=635 398 351 155 237 199 87 196 112
is_linear=0
shrinkage=0.03


Tree=43
num_leaves=11
num_cat=0
split_feature=21 36 33 12 10 35 9 11 35 33
split_gain=6.10028 9.70439 8.27171 8.70515 6.94855 5.20371 4.59957 4.31319 3.48172 0.559727
threshold=0.0094529051671314469 0.0086915059876981407 0.44347976717737186 38.745006174964118 0.0091544695894565393 0.022589612287033049 -0.032651117127276474 -0.0092873517245144459 0.047014515513737039 0.29429782315121827
decision_type=2 2 2 2 2 2 2 2 2 2
left_child=2 6 3 -1 7 -6 -2 -4 -8 -5
right_child=1 -3 4 9 5 -7 8 -9 -10 -11
leaf_value=-0.001957360074763713 0.0042606662615740738 0.0179214203759832 -0.030972766641500567 0.012905384138634061 -0.010819703690626419 0.014175490412381392 -0.023583266376195955 -0.0057587987323109609 -0.0011664195503370801 0.036430015609289462
leaf_weight=13.751251831650736 7.2460495978593817 7.2628678083419791 7.0872697830200186 7.6390583515167227 8.5869375914335269 21.719514831900597 32.142777189612389 30.372471332550049 9.6602675020694715 8.1679518073797208
leaf_count=56 30 31 30 31 35 89 135 125 40 33
internal_value=-0.00254191 -0.0102621 0.00189065 0.0147024 -0.00374388 0.00639774 -0.0152677 -0.0122374 -0.0190352 0.02863
internal_weight=153.636 56.312 97.3245 29.5583 67.7662 30.3065 49.0491 37.4597 41.803 15.807
internal_count=635 236 399 120 279 124 205 155 175 64
is_linear=0
shrinkage=0.03


Tree=44
num_leaves=11
num_cat=0
split_feature=37 3 18 32 18 19 28 26 28 0
split_gain=5.99722 6.21494 7.42253 5.46734 8.19538 7.2371 6.63808 5.26499 5.24562 2.64242
threshold=-0.0022473854048175031 -0.018044201544446633 0.85487378801233926 0.0037097307357409908 0.40125718524802217 0.071000554812107999 10.500000000000002 0.21428707667398875 8.5000000000000018 0.0054471200648185123
decision_type=2 2 2 2 2 2 2 2 2 2
left_child=1 -1 8 4 5 -2 -6 9 -3 -5
right_child=3 2 -4 7 6 -7 -8 -9 -10 -11
leaf_value=-0.014281902701730666 0.013217517454579601 0.027409941671221707 -0.011486594106101641 -0.017993084495481731 -0.022843316955045052 -0.017149244079300758 0.0005371334351504148 0.017505141442689689 0.00035594980859687169 0.0040060688115808639
leaf_weight=8.2194452881813032 18.475779220461849 18.683776319026951 7.5903408676385871 7.2181360721588153 40.004552572965622 8.6165155768394452 12.983213871717451 12.967711597681044 11.118296116590498 7.521511510014534
leaf_count=34 75 78 31 30 169 36 53 53 45 31
internal_value=-0.00246534 0.00631139 0.0117142 -0.00636328 -0.0103302 0.00252898 -0.0170306 0.00452053 0.0184457 -0.00673365
internal_weight=153.399 45.6119 37.3924 107.787 80.0801 27.0923 52.9878 27.7074 29.8021 14.7396
internal_count=635 188 154 447 333 111 222 114 123 61
is_linear=0
shrinkage=0.03


Tree=45
num_leaves=10
num_cat=0
split_feature=4 16 19 21 16 37 2 8 32
split_gain=6.67665 7.17755 5.74534 7.00384 5.50297 5.09894 5.6236 3.09967 2.84985
threshold=0.0026114137070384351 0.04104629255610074 0.04437358258001467 0.0074487563748463917 0.25215217157041458 0.048460305823888501 -0.019392452172547533 0.0025379568042541941 -0.0038736292707345905
decision_type=2 2 2 2 2 2 2 2 2
left_child=5 7 4 -4 -3 6 -1 -2 -8
right_child=1 2 3 -5 -6 -7 8 -9 -10
leaf_value=-0.0091885499881786924 -0.0033173478802896806 0 0.02644011272211012 -0.00059193534323499287 -0.028412258619301953 -0.013482105044632691 0 -0.03218696382037297 0.017034807766596216
leaf_weight=9.2406232506036741 7.3132833987474468 12.366823911666872 8.6617663204669935 39.712134137749672 9.1429202109575254 7.2990609854459754 9.3562112301588041 9.2454699724912626 42.955951482057571
leaf_count=38 30 51 36 164 39 31 39 39 176
internal_value=4.37844e-05 -0.00535862 -0.000710535 0.00480819 -0.013113 0.00699792 0.0100104 -0.0219763 0.0138914
internal_weight=155.294 86.4424 69.8836 48.3739 21.5097 68.8518 61.5528 16.5588 52.3122
internal_count=643 359 290 200 90 284 253 69 215
is_linear=0
shrinkage=0.03


Tree=46
num_leaves=11
num_cat=0
split_feature=4 16 19 21 16 37 6 21 8 19
split_gain=6.29839 6.87024 5.46833 6.68937 5.27304 4.84108 7.60598 4.19994 2.96566 1.62575
threshold=0.0026114137070384351 0.04104629255610074 0.04437358258001467 0.0074487563748463917 0.25215217157041458 0.048460305823888501 -0.0085921767440891566 0.01066050217397658 0.0025379568042541941 0.058316357245972693
decision_type=2 2 2 2 2 2 2 2 2 2
left_child=5 8 4 -4 -3 6 9 -8 -2 -1
right_child=1 2 3 -5 -6 -7 7 -9 -10 -11
leaf_value=-0.016047485088710196 -0.0032394490663331028 0 0.025863373874929225 -0.00057504696365778514 -0.027830021718623452 -0.013189634854252076 0.020719907686017929 0 -0.031566300745839951 0.0008005804532551262
leaf_weight=7.3532674014568311 7.3125760257244137 12.366823911666872 8.634284779429434 39.710824057459831 9.0967171192169172 7.2816979885101309 34.477218061685562 12.029218569397925 9.1846823990344983 7.6856465488672256
leaf_count=30 30 51 36 164 39 31 141 50 39 32
internal_value=1.06642e-05 -0.00523955 -0.00068873 0.00468869 -0.0128075 0.00676802 0.00970616 0.01565 -0.021529 -0.00747361
internal_weight=155.133 86.3059 69.8086 48.3451 21.4635 68.827 61.5454 46.5064 16.4973 15.0389
internal_count=643 359 290 200 90 284 253 191 69 62
is_linear=0
shrinkage=0.03


Tree=47
num_leaves=13
num_cat=0
split_feature=23 38 38 37 13 37 12 10 23 37 24 13
split_gain=5.7877 8.9696 8.62493 8.15778 5.40119 4.78439 4.61071 7.21875 4.60237 3.19038 2.72921 1.37696
threshold=0.96838752773806858 0.0075997108238381079 0.0083726253616534987 0.011209293072427464 -2.8928726749152029 0.02281370140594852 72.567539380856445 0.0047541392372728595 0.83523666625740256 -0.014209895761508438 -0.1357470403794489 -6.2040702869445985
decision_type=2 2 2 2 2 2 2 2 2 2 2 2
left_child=1 5 6 8 11 -1 7 -2 -3 -6 -5 -4
right_child=2 3 4 10 9 -7 -8 -9 -10 -11 -12 -13
leaf_value=-0.023977661847818816 0.010497545454094044 0.0077986016484034295 -0.005406100394443291 0.0090734839912710377 0 0.0038883719922879708 0.023662707664435682 -0.022276553969755274 0.03407585662849523 -0.022385162413360363 -0.0095314080866198327 0.010428452600782659
leaf_weight=9.3313133120536822 15.852747634053236 14.80397665500641 7.683630183339119 11.728974103927614 7.1765283048152915 8.4193501770496351 8.0950950384139997 7.1276847273111335 14.403139576315878 30.473799541592598 12.595902383327482 7.2545276135206205
leaf_count=38 65 61 32 49 30 35 33 30 60 127 53 30
internal_value=0 0.00626703 -0.00521608 0.0124333 -0.0125445 -0.0109457 0.00674075 -3.69622e-05 0.022591 -0.0183843 0 0.00172154
internal_weight=154.947 71.2827 83.664 53.532 52.5885 17.7507 31.0755 22.9804 29.2071 37.6503 24.3249 14.9382
internal_count=643 296 347 223 219 73 128 95 121 157 102 62
is_linear=0
shrinkage=0.03


Tree=48
num_leaves=10
num_cat=0
split_feature=4 16 11 35 37 2 38 8 20
split_gain=5.92485 6.54646 4.82587 6.0177 4.5806 5.09429 3.3212 2.80415 1.87403
threshold=0.0026114137070384351 0.04104629255610074 -0.012001692116721361 -0.057609767237490721 0.048460305823888501 -0.019392452172547533 0.010007311911089684 0.0025379568042541941 0.01385603337754956
decision_type=2 2 2 2 2 2 2 2 2
left_child=4 7 8 -4 5 -1 -7 -2 -3
right_child=1 2 3 -5 -6 6 -8 -9 -10
leaf_value=-0.0088168319548436319 -0.0031837883162737562 -0.024591968748881116 -0.018490342512545631 0.0074535010522560792 -0.012869587505194244 0.020006061667022755 0.0037582813553777971 -0.030872187809432735 -0.0010342768760544573
leaf_weight=9.2359306216239911 7.3038577139377621 7.0291032940149289 7.4235968440771094 48.125581011176109 7.2572055757045737 27.865268513560295 24.366467371582985 9.10782642662525 7.0131818950176239
leaf_count=38 30 30 31 199 31 114 101 39 30
internal_value=0 -0.00510828 -0.000656503 0.00320362 0.00655183 0.00941446 0.0131211 -0.0210488 -0.0153573
internal_weight=154.728 86.0031 69.5915 55.5492 68.7249 61.4677 52.2317 16.4117 14.0423
internal_count=643 359 290 230 284 253 215 69 60
is_linear=0
shrinkage=0.03


Tree=49
num_leaves=11
num_cat=0
split_feature=4 12 37 34 37 6 24 9 10 26
split_gain=5.63647 6.21595 6.52885 4.99611 4.35727 6.93875 3.93055 3.64337 3.26932 2.4414
threshold=0.0026114137070384351 67.833152293551578 -0.011633926972009654 0.019168293790070016 0.048460305823888501 -0.0085921767440891566 0.43478347403991263 -0.0095519651482007927 0.0039319643729766049 0.30151723786588541
decision_type=2 2 2 2 2 2 2 2 2 2
left_child=4 2 -2 9 5 7 -7 -1 -4 -3
right_child=1 3 8 -5 -6 6 -8 -9 -10 -11
leaf_value=0.0052348392071690101 0.007395873127011148 -0.013379811868834962 -0.0047032511156471744 0.018287570923679018 -0.012591272107805713 0.019511553314439035 0 -0.020575738655146225 -0.023127120060255878 0.0060853506399580898
leaf_weight=7.8210481405258179 11.287497431039808 10.279854223132139 18.010494351387024 12.917600780725477 7.2395661473274222 35.306297555565834 11.115198850631712 7.2121407091617566 25.28484970331192 8.1325753629207593
leaf_count=32 47 42 76 54 31 145 46 30 107 33
internal_value=0 -0.00502426 -0.0110787 0.00510545 0.0063534 0.00914805 0.014841 -0.00722912 -0.0163402 -0.00429355
internal_weight=154.607 85.9129 54.5828 31.33 68.6943 61.4547 46.4215 15.0332 43.2953 18.4124
internal_count=643 359 230 129 284 253 191 62 183 75
is_linear=0
shrinkage=0.03


end of trees

feature_importances:
macro_topix_vol_20=33
bb_bandwidth=26
macro_topix_ret_20=26
return_20d=24
return_10d=18
volatility=18
macro_usdjpy_ret_60=18
atr_pct=17
price_position_20d=17
month=15
macro_usdjpy_ret_20=14
div_ma_20=13
macd_hist=13
gap=12
macd_signal=11
macd_hist_change=11
vol_ratio=11
macro_usdjpy_vol_20=11
rsi=10
macro_nikkei_ret_20=10
ma_20_60_cross=9
candle_body_pct=8
lower_shadow_pct=8
return_3d=7
ma_5_20_cross=7
rsi_change=7
div_ma_60=6
bb_pct_b=6
return_1d=5
div_ma_10=5
return_5d=4
macd=4
div_ma_5=3
return_2d=2
vol_change=2
day_of_week=2
streak=1
macro_topix_above_200dma=1

parameters:
[boosting: gbdt]
[objective: binary]
[metric: binary_logloss]
[tree_learner: serial]
[device_type: cpu]
[data_sample_strategy: bagging]
[data: ]
[valid: ]
[num_iterations: 50]
[learning_rate: 0.03]
[num_leaves: 15]
[num_threads: 0]
[seed: 42]
[deterministic: 0]
[force_col_wise: 0]
[force_row_wise: 0]
[histogram_pool_size: -1]
[max_depth: 4]
[min_data_in_leaf: 30]
[min_sum_hessian_in_leaf: 0.001]
[bagging_fraction: 0.7]
[pos_bagging_fraction: 1]
[neg_bagging_fraction: 1]
[bagging_freq: 5]
[bagging_seed: 400]
[bagging_by_query: 0]
[feature_fraction: 0.6]
[feature_fraction_bynode: 1]
[feature_fraction_seed: 30056]
[extra_trees: 0]
[extra_seed: 12879]
[early_stopping_round: 0]
[early_stopping_min_delta: 0]
[first_metric_only: 0]
[max_delta_step: 0]
[lambda_l1: 0.5]
[lambda_l2: 2]
[linear_lambda: 0]
[min_gain_to_split: 0]
[drop_rate: 0.1]
[max_drop: 50]
[skip_drop: 0.5]
[xgboost_dart_mode: 0]
[uniform_drop: 0]
[drop_seed: 17869]
[top_rate: 0.2]
[other_rate: 0.1]
[min_data_per_group: 100]
[max_cat_threshold: 32]
[cat_l2: 10]
[cat_smooth: 10]
[max_cat_to_onehot: 4]
[top_k: 20]
[monotone_constraints: ]
[monotone_constraints_method: basic]
[monotone_penalty: 0]
[feature_contri: ]
[forcedsplits_filename: ]
[refit_decay_rate: 0.9]
[cegb_tradeoff: 1]
[cegb_penalty_split: 0]
[cegb_penalty_feature_lazy: ]
[cegb_penalty_feature_coupled: ]
[path_smooth: 0]
[interaction_constraints: ]
[verbosity: -1]
[saved_feature_importance_type: 0]
[use_quantized_grad: 0]
[num_grad_quant_bins: 4]
[quant_train_renew_leaf: 0]
[stochastic_rounding: 1]
[linear_tree: 0]
[max_bin: 255]
[max_bin_by_feature: ]
[min_data_in_bin: 5]
[bin_construct_sample_cnt: 200000]
[data_random_seed: 175]
[is_enable_sparse: 1]
[enable_bundle: 1]
[use_missing: 1]
[zero_as_missing: 0]
[feature_pre_filter: 1]
[pre_partition: 0]
[two_round: 0]
[header: 0]
[label_column: ]
[weight_column: ]
[group_column: ]
[ignore_column: ]
[categorical_feature: ]
[forcedbins_filename: ]
[precise_float_parser: 0]
[parser_config_file: ]
[objective_seed: 16083]
[num_class: 1]
[is_unbalance: 0]
[scale_pos_weight: 1]
[sigmoid: 1]
[boost_from_average: 1]
[reg_sqrt: 0]
[alpha: 0.9]
[fair_c: 1]
[poisson_max_delta_step: 0.7]
[tweedie_variance_power: 1.5]
[lambdarank_truncation_level: 30]
[lambdarank_norm: 1]
[label_gain: ]
[lambdarank_position_bias_regularization: 0]
[eval_at: ]
[multi_error_top_k: 1]
[auc_mu_weights: ]
[num_machines: 1]
[local_listen_port: 12400]
[time_out: 120]
[machine_list_filename: ]
[machines: ]
[gpu_platform_id: -1]
[gpu_device_id: -1]
[gpu_use_dp: 0]
[num_gpu: 1]

end of parameters

pandas_categorical:[]
