tree
version=v4
num_class=1
num_tree_per_iteration=1
label_index=0
max_feature_idx=44
objective=binary sigmoid:1
feature_names=return_1d return_2d return_3d return_5d return_10d return_20d div_ma_5 div_ma_10 div_ma_20 div_ma_60 ma_5_20_cross ma_20_60_cross rsi rsi_change macd macd_signal macd_hist macd_hist_change bb_pct_b bb_bandwidth atr_pct volatility vol_change vol_ratio candle_body_pct upper_shadow_pct lower_shadow_pct day_of_week month is_month_end is_month_start streak gap price_position_20d macro_usdjpy_ret_20 macro_usdjpy_ret_60 macro_usdjpy_vol_20 macro_topix_ret_20 macro_topix_vol_20 macro_topix_above_200dma macro_nikkei_ret_20 macro_nikkei_above_200dma macro_nikkei_vi macro_jgb10y macro_bias_score
feature_infos=[-0.13655705996131529:0.14340076106549171] [-0.17302704705446459:0.13939515321450036] [-0.24313326551373349:0.13251339020035702] [-0.24772497472194133:0.15508021390374327] [-0.27766990291262139:0.21037463976945237] [-0.32750828562820122:0.26342537692698631] [-0.1709690599115998:0.10665270993254242] [-0.21866521975040698:0.12251518905208526] [-0.26648317791562254:0.15650762268394663] [-0.30432433696010724:0.25280113014694672] [-0.15962449342521501:0.10857407429970878] [-0.12910427792581369:0.16194909857484796] [8.1632653061224403:96.875] [-25.201612903225808:23.316276844748934] [-210.42507191545383:184.00380699638936] [-173.97589317650653:173.50109370230982] [-78.411342885952351:52.014143279971329] [-27.233339646953127:21.410470343030575] [-0.23964468033716274:1.5077731535436663] [0.024762768320547853:0.44524114931100872] [0.010177501581513043:0.063096454107690061] [0.0077007658256716804:0.052397898686469782] [-0.85759104690774146:7.3141979768786118] [0.53504839685636885:2.0088397259980812] [-0.99630996309963105:1] [0:0.92307692307692313] [0:0.97727272727272729] [0:4] [1:12] none [0:1] [-7:7] [-0.065420560747663559:0.13440860215053774] [0:1] [-0.10288784967882303:0.08505611680078462] [-0.13986255140503889:0.13160084488587853] [0.0024251968629527628:0.011841457708833433] [-0.22586490939044479:0.19897850606512013] [0.0040695656522785678:0.036437277456277402] [0:1] [-0.22859537662338159:0.23022297972565586] [0:1] none none none
tree_sizes=1287 994 1190 891 892 1075 1308 1308 1091 1201 1419 1108 1389 1083 996 1317 1304 998 1284 1110 1089 1267 1082 886 986 894 1100 1069 871 1069 1097 1197 780 993 1197 1416 756 994 1305 782 1104 1089 971 1213 1184 951 781 887 775 1292 968 1104 878 998 878 1081 981 1185 1285 996 870 1057 1589 1600 1689 1102 1307 979 1003 1102 1099 1180 1084 876 1209 1110 1191 1188 973 877 665 990 762 667 780

Tree=0
num_leaves=11
num_cat=0
split_feature=37 36 35 14 34 4 14 18 28 26
split_gain=9.36639 16.3026 13.8555 12.0428 8.06168 7.30779 8.88357 7.1739 2.58372 1.15439
threshold=0.0072019260460983734 0.0079246560292421213 0.029204588446373528 17.182084485713634 0.014634405189905665 -0.010963411473494776 -7.2667028278663102 0.089888792939081141 8.5000000000000018 0.22038586076632491
decision_type=2 2 2 2 2 2 2 2 2 2
left_child=5 2 3 -2 -4 7 9 -1 -9 -7
right_child=1 -3 4 -5 -6 6 -8 8 -10 -11
leaf_value=-0.13974674260701253 -0.14582521445194116 -0.17193560869007277 -0.13731577605587431 -0.11392520848908032 -0.16258421257166547 -0.13793004954535207 -0.15774140044114698 -0.10287990991172642 -0.13040343297558499 -0.11890969644423922
leaf_weight=10.448965787887575 16.171018481254578 14.678309082984923 18.658867478370667 23.385780572891235 22.639425873756409 7.4635469913482684 13.185599684715269 12.936814785003664 8.2099016904830915 7.4635469913482666
leaf_count=42 65 59 75 94 91 30 53 52 33 30
internal_value=-0.139231 -0.144924 -0.139541 -0.126996 -0.15124 -0.130002 -0.140717 -0.120526 -0.111194 -0.126206
internal_weight=155.242 95.5334 80.8551 39.5568 41.2983 59.7084 28.1127 31.5957 21.1467 14.9271
internal_count=624 384 325 159 166 240 113 127 85 60
is_linear=0
shrinkage=1


Tree=1
num_leaves=8
num_cat=0
split_feature=5 36 0 28 4 12 7
split_gain=9.00298 20.9014 8.75432 9.18718 4.27205 3.30004 3.23515
threshold=-0.073421242103307291 0.0079246560292421213 -0.0084303975554892979 3.5000000000000004 0.023585646929417673 47.373413355408395 -0.023879032571328958
decision_type=2 2 2 2 2 2 2
left_child=6 2 4 -4 -2 -3 -1
right_child=1 5 3 -5 -6 -7 -8
leaf_value=0.0032062856818247188 -0.0020354640329581192 -0.0091651496874558744 0.023405144661916354 0.0014392233977545059 -0.026585429835243559 -0.039257869409224287 0.030984861065215991
leaf_weight=8.7120866626501101 21.39951823651791 8.4485469907522219 22.157064780592918 65.920749992132187 8.4543781578540784 11.417892545461653 8.7168286144733411
leaf_count=35 86 34 89 265 34 46 35
internal_value=0.000422795 -0.00214546 0.00268978 0.00752852 -0.0106914 -0.0291552 0.0196308
internal_weight=155.227 137.798 117.932 88.0778 29.8539 19.8664 17.4289
internal_count=624 554 474 354 120 80 70
is_linear=0
shrinkage=0.03


Tree=2
num_leaves=10
num_cat=0
split_feature=37 36 35 14 20 24 13 13 36
split_gain=8.71346 14.6789 12.8254 11.4137 7.37332 6.10451 7.21953 4.2882 4.12112
threshold=0.0072019260460983734 0.0079246560292421213 0.029204588446373528 17.182084485713634 0.020997668243689954 -0.22540322580645158 4.4115602782669301 -3.941249717139772 0.0055537524095247833
decision_type=2 2 2 2 2 2 2 2 2
left_child=5 2 3 -2 -4 7 8 -1 -7
right_child=1 -3 4 -5 -6 6 -8 -9 -10
leaf_value=-0.017012579216580594 -0.0062360449527748473 -0.030790476853883746 0.0039423325484433383 0.024784919942081336 -0.020719524997544293 0.0028948633084825066 -0.0024960905661803819 0.0072479203975239692 0.031864004563508394
leaf_weight=8.9522454589605349 16.173340767621994 14.60058209300041 15.663812428712843 23.431714132428169 25.597134113311768 7.7203292101621654 10.951737210154532 13.689212664961813 18.4309221804142
leaf_count=36 65 59 63 94 103 31 44 55 74
internal_value=0.000400099 -0.0050921 0 0.0120657 -0.011261 0.00929978 0.0165415 -0.002338 0.0246579
internal_weight=155.211 95.4666 80.866 39.6051 41.2609 59.7444 37.103 22.6415 26.1513
internal_count=624 384 325 159 166 240 149 91 105
is_linear=0
shrinkage=0.03


Tree=3
num_leaves=7
num_cat=0
split_feature=5 36 36 8 3 18
split_gain=8.37383 19.1759 8.51376 9.59138 3.02559 2.6643
threshold=-0.073421242103307291 0.0079246560292421213 0.003466028208224677 -0.034637076813484026 -0.0065772576403324004 0.15293435722621732
decision_type=2 2 2 2 2 2
left_child=5 2 -2 -4 -3 -1
right_child=1 4 3 -5 -6 -7
leaf_value=0.0029503006962891469 -0.024238946090869008 -0.0076609302232645326 -0.023781737107277962 0.0075700005074169317 -0.036954774909202973 0.028705082129946529
leaf_weight=8.2177611440420169 7.7047804892063132 7.6694878637790707 7.4651369303464881 102.77392742037773 12.10434068739414 9.2333129048347455
leaf_count=33 31 31 30 413 49 37
internal_value=0.000382431 -0.00209345 0.00252458 0.00492735 -0.0280291 0.0188986
internal_weight=155.169 137.718 117.944 110.239 19.7738 17.4511
internal_count=624 554 474 443 80 70
is_linear=0
shrinkage=0.03


Tree=4
num_leaves=7
num_cat=0
split_feature=5 36 36 8 3 18
split_gain=8.00195 18.2358 8.0986 9.12633 2.86977 2.51492
threshold=-0.073421242103307291 0.0079246560292421213 0.003466028208224677 -0.034637076813484026 -0.0065772576403324004 0.15293435722621732
decision_type=2 2 2 2 2 2
left_child=5 2 -2 -4 -3 -1
right_child=1 4 3 -5 -6 -7
leaf_value=0.0028786992185903487 -0.023698975646079631 -0.0074832798444538998 -0.023251027588754539 0.0073437376330606112 -0.036138234338062722 0.027974911316443592
leaf_weight=8.2192194312810916 7.6897151917219153 7.6635827273130444 7.4523061513900748 102.82306471467018 12.052467569708822 9.2421375215053541
leaf_count=33 31 31 30 413 49 37
internal_value=0.000344593 -0.00207448 0.00242055 0.00476522 -0.0274058 0.0184425
internal_weight=155.142 137.681 117.965 110.275 19.7161 17.4614
internal_count=624 554 474 443 80 70
is_linear=0
shrinkage=0.03


Tree=5
num_leaves=9
num_cat=0
split_feature=8 36 36 14 22 19 28 8
split_gain=13.5868 8.88577 10.3881 7.29531 6.40822 6.36163 6.82893 2.77472
threshold=-0.017953273763530262 0.0080213846019836638 0.0037179638870490444 -3.7394461318749559 0.71917049164192193 0.10558470891859272 6.5000000000000009 -0.050649949644148602
decision_type=2 2 2 2 2 2 2 2
left_child=5 2 -2 -3 -4 6 -1 -7
right_child=1 3 4 -5 -6 7 -8 -9
leaf_value=-0.017046957855681229 -0.028578047859478033 0 0.00019292399370281587 -0.040438077532409751 0.026393843991551327 0.0070237811492662701 0.016353999741590568 0.034015554224695779
leaf_weight=7.4524923413991955 8.4244672805070859 7.902540534734726 85.670785933732986 7.8405213207006437 7.4737386256456366 7.9720913618803051 10.940240293741224 14.198182776570318
leaf_count=30 34 32 344 32 30 32 44 57
internal_value=0.00152904 -0.0035794 -9.16054e-06 -0.0231706 0.00296351 0.0161295 0.00174025 0.0263146
internal_weight=157.875 117.312 101.569 15.7431 93.1445 40.563 18.3927 22.1703
internal_count=635 472 408 64 374 163 74 89
is_linear=0
shrinkage=0.03


Tree=6
num_leaves=11
num_cat=0
split_feature=16 35 1 9 14 11 20 35 21 2
split_gain=9.91591 8.20197 7.95657 13.0947 7.93245 5.20062 3.9513 3.93229 3.40765 3.20015
threshold=-7.8254484296668929 0.013356826289609993 0.016376905718753724 -0.028248402891060186 -41.979185830768522 0.0055955596184951171 0.020997668243689954 0.038397542527518043 0.01804632338283985 0.0061871495014067532
decision_type=2 2 2 2 2 2 2 2 2 2
left_child=1 4 3 7 -1 -4 -5 -2 -7 -3
right_child=2 9 5 6 -6 8 -8 -9 -10 -11
leaf_value=0.019899866739383654 0.021794011222770821 0.031868814271297174 -0.0044627104301123433 -0.0061146040430364573 -0.014965921375493135 0.0017099518118226876 -0.022670772023344877 -0.0019798346710129728 0.029159585075687278 0.0059297281442347626
leaf_weight=7.7358275651931789 11.442465558648111 15.68602676689625 12.65216012299061 30.041171208024025 12.685352578759192 8.4581628292799014 30.778423950076103 9.199636444449423 9.9594301581382734 9.1995739042758924
leaf_count=31 46 63 51 121 51 34 124 37 40 37
internal_value=0.0014827 0.0130849 -0.00320447 -0.00818626 -0.00049231 0.00910883 -0.0151868 0.0112972 0.0186905 0.0239921
internal_weight=157.838 45.3068 112.531 81.4617 20.4212 31.0698 60.8196 20.6421 18.4176 24.8856
internal_count=635 182 453 328 82 125 245 83 74 100
is_linear=0
shrinkage=0.03


Tree=7
num_leaves=11
num_cat=0
split_feature=16 9 17 36 17 23 36 36 37 20
split_gain=9.39326 6.98764 11.0695 5.64009 5.39687 4.97714 4.4803 4.25121 3.9995 4.08793
threshold=-7.8254484296668929 -0.028248402891060186 2.0763025389820453 0.0080213846019836638 3.3469652869477424 0.82554897514911041 0.0071638962918784792 0.0041796336832660066 0.011290741771607828 0.023216236331407344
decision_type=2 2 2 2 2 2 2 2 2 2
left_child=5 8 3 -3 -4 -1 7 -7 9 -2
right_child=1 2 4 -5 -6 6 -8 -9 -10 -11
leaf_value=0.029052012395856901 0.0010463413178682668 -0.0086755039550566997 0.025701157355367873 -0.032766435225326032 -0.0009241185769550274 0.013027647491279279 0.019099150086653315 -0.011703393153627296 -0.0050993473277874384 0.031822586601912672
leaf_weight=10.960351616144179 8.4720630198717171 53.712297633290291 8.7018758803606051 10.258140727877615 15.91785156726837 7.9669324159622219 12.213822454214094 14.184179916977881 7.6816100776195517 7.7390104979276648
leaf_count=44 34 216 35 42 64 32 49 57 31 31
internal_value=0.00146078 -0.00310079 -0.00708129 -0.0136423 0.00914706 0.0127507 0.00582726 -0.00184522 0.0104859 0.0184436
internal_weight=157.808 112.483 88.5902 63.9704 24.6197 45.3253 34.3649 22.1511 23.8927 16.2111
internal_count=635 453 357 258 99 182 138 89 96 65
is_linear=0
shrinkage=0.03


Tree=8
num_leaves=9
num_cat=0
split_feature=10 23 13 40 1 31 18 15
split_gain=8.78693 9.30648 6.80809 5.95859 5.95017 6.80281 3.79422 3.41149
threshold=-0.014066992474421612 0.71993085799675371 -0.30193953397220236 -0.0067204079930279761 0.022283175031137307 -2.4999999999999996 0.097050942394970377 17.512991646629001
decision_type=2 2 2 2 2 2 2 2
left_child=2 -2 6 -4 5 -3 -1 -6
right_child=1 4 3 -5 7 -7 -8 -9
leaf_value=0.0045881131993923694 0.021466043703404752 0.01210878231274309 -0.01200893341878344 0.016777954262551138 -0.0039683566831572202 -0.011943554826800273 0.035575460646267008 0.019273616711103957
leaf_weight=7.4636261016130474 10.700668200850485 9.9395033419132215 11.963326469063761 9.943638011813162 7.9415777176618603 78.355957239866257 11.218389749526976 10.225705102086065
leaf_count=30 43 40 48 40 32 316 45 41
internal_value=0.0014399 -0.00265474 0.0131812 0.000740586 -0.00556856 -0.00886161 0.0255618 0.00898395
internal_weight=157.752 117.163 40.589 21.907 106.463 88.2955 18.682 18.1673
internal_count=635 472 163 88 429 356 75 73
is_linear=0
shrinkage=0.03


Tree=9
num_leaves=10
num_cat=0
split_feature=8 1 19 8 1 0 15 23 31
split_gain=11.5629 8.92371 5.80946 6.35156 5.78355 5.5664 5.26008 4.69324 0.222858
threshold=-0.017590971072264868 0.022283175031137307 0.10558470891859272 -0.032815222255626601 -0.019138923876087729 0.0044014375267039671 2.3699333090557344 0.98175017633001416 2.5000000000000004
decision_type=2 2 2 2 2 2 2 2 2
left_child=2 4 3 -1 -2 -4 -3 -6 -8
right_child=1 6 5 -5 7 -7 8 -9 -10
leaf_value=-0.016922413653962506 -0.026128401009072984 -0.0046158574983797126 0.034507134485930645 0.015051917781791329 -0.0099955844439842522 0.0011680759350080944 0.027390833056573156 0.0044105675519862846 0.0095515890696887002
leaf_weight=7.4464305639266994 11.625906273722647 9.1880168020725268 14.474740222096445 11.452371269464491 49.325758248567581 7.7277595698833457 7.9830518811941129 30.514325216412544 7.9741382300853729
leaf_count=30 47 37 58 46 199 31 32 123 32
internal_value=0.00143326 -0.00331821 0.0147904 0.00132197 -0.00776376 0.0245784 0.0116805 -0.00433314 0.0213682
internal_weight=157.712 116.611 41.1013 18.8988 91.466 22.2025 25.1452 79.8401 15.9572
internal_count=635 470 165 76 369 89 101 322 64
is_linear=0
shrinkage=0.03


Tree=10
num_leaves=12
num_cat=0
split_feature=4 11 16 11 4 9 21 21 28 35 4
split_gain=7.95817 10.2589 7.47169 6.62794 8.71777 8.12431 5.94636 4.62504 4.02885 5.38946 1.48678
threshold=-0.010311498841391873 0.043604353157088112 4.9870886047316185 0.0020253463053685476 0.077979101944747678 -0.033899862789733316 0.013317044948423777 0.017740415541524911 6.5000000000000009 0.048026981734366044 1.0000000180025095e-35
decision_type=2 2 2 2 2 2 2 2 2 2 2
left_child=1 6 8 5 -5 -4 -1 -8 10 -10 -2
right_child=2 -3 3 4 -6 -7 7 -9 9 -11 -12
leaf_value=0.018606688333219677 -0.0076471734927062336 0.032712556328247988 0.014874515145917491 0.03063433411903016 -0.0029944757650109972 -0.016934369614221408 -0.017333973565209711 0.0036785226430869618 0.008205513291990256 -0.017852410488038227 -0.031302131419728735
leaf_weight=12.414913341403006 7.4408816397190121 10.969734057784079 8.4610779732465762 11.452835917472841 12.183203428983687 20.258988529443741 12.67468638718128 22.857402965426445 12.142521739006044 11.870882883667944 10.861488178372381
leaf_count=50 30 44 34 46 49 82 51 92 49 48 44
internal_value=0.000363097 0.00893933 -0.00489347 0.00245251 0.0138339 -0.00671673 0.00210787 -0.00394148 -0.0140214 -0.00448161 -0.0241247
internal_weight=153.589 58.9167 94.6719 52.3561 23.636 28.7201 47.947 35.5321 42.3158 24.0134 18.3024
internal_count=619 237 382 211 95 116 193 143 171 97 74
is_linear=0
shrinkage=0.03


Tree=11
num_leaves=9
num_cat=0
split_feature=5 35 11 11 7 21 21 38
split_gain=9.54915 10.2842 6.88048 6.14739 7.01403 4.78705 3.50008 2.58267
threshold=-0.064497429812620063 -0.021399198839975372 -0.0047238851980861965 -0.013343943580837179 0.0018929682174172191 0.017580217921548843 0.019906399583407591 0.011883443035612526
decision_type=2 2 2 2 2 2 2 2
left_child=7 2 6 5 -5 -3 -2 -1
right_child=1 3 -4 4 -6 -7 -8 -9
leaf_value=0.026348338067317224 0.0083137886507639418 -0.026281497288716388 -0.036120029681072113 0.014247112481255082 -0.0021317450236988103 0.0024602298603917743 -0.016433485661922098 0.0017096391028814369
leaf_weight=12.470779642462732 7.6301096528768566 9.433323487639429 10.062817379832266 38.461394444108009 52.186731845140457 7.4337919950485221 8.3658281713724119 7.4863642901182166
leaf_count=50 31 38 41 155 210 30 34 30
internal_value=0.000354759 -0.00252499 -0.0187461 0.00154015 0.00481333 -0.0139012 -0.00418339 0.0187866
internal_weight=153.531 133.574 26.0588 107.515 90.6481 16.8671 15.9959 19.9571
internal_count=619 539 106 433 365 68 65 80
is_linear=0
shrinkage=0.03


Tree=12
num_leaves=12
num_cat=0
split_feature=37 14 9 28 38 4 33 0 18 4 0
split_gain=7.52404 10.6309 9.10483 7.8129 9.97321 7.78119 7.71151 7.24881 6.57144 5.15869 0.602425
threshold=-0.0046578334528463708 24.670596954573401 -0.028248402891060186 9.5000000000000018 0.0078374021876776705 -0.010311498841391873 0.41872702298711273 -0.0069498836178740744 0.12556681701294156 0.09309952511910459 0.0050220451838346456
decision_type=2 2 2 2 2 2 2 2 2 2 2
left_child=2 3 8 4 -2 -4 -5 -3 -1 -9 -10
right_child=1 7 5 6 -6 -7 -8 9 10 -11 -12
leaf_value=0 -0.0026592044159912151 -0.010300230042525753 0.014267529378525561 0.02190448735497736 -0.032111630422144974 -0.020766396609875993 -0.011038617763531142 0.021950923898798748 0.040722358693268949 -0.0021902801523950373 0.014946895273449799
leaf_weight=8.726018890738489 21.173068627715111 12.845361754298208 8.4724319726228732 8.9135962277650851 21.759579539299011 10.173158124089239 13.105955779552458 22.655880615115166 8.4765316247940046 9.7016762644052488 7.4816278070211402
leaf_count=35 86 52 34 36 88 41 53 91 34 39 30
internal_value=0.000333164 -0.00374119 0.0107302 -0.01146 -0.0186853 -0.00428067 0.00238588 0.00704784 0.022102 0.01457 0.0324838
internal_weight=153.485 110.155 43.3298 64.9522 42.9326 18.6456 22.0196 45.2029 24.6842 32.3576 15.9582
internal_count=619 445 174 263 174 75 89 182 99 130 64
is_linear=0
shrinkage=0.03


Tree=13
num_leaves=9
num_cat=0
split_feature=5 0 36 2 9 27 17 8
split_gain=8.84365 11.0401 10.183 7.61751 4.42216 4.14412 4.56312 2.86255
threshold=-0.064497429812620063 -0.0084303975554892979 0.0076943225189459582 0.004867942501275869 0.043901676886274145 1.0000000180025095e-35 -2.2705192714928422 -0.051500978476233431
decision_type=2 2 2 2 2 2 2 2
left_child=7 5 4 -4 -3 -2 -7 -1
right_child=1 2 3 -5 -6 6 -8 -9
leaf_value=0.0010034273692637111 -0.034783197011457025 0.00019730817371763537 8.1003710426430734e-05 -0.034730253306348879 0.01455976145227272 0 -0.023673065356453301 0.026183415739425755
leaf_weight=7.7380661666393307 7.3972506523132315 41.230737298727036 10.99583323299885 8.0554715692996961 38.368692815303802 17.7694081813097 9.6340481042861956 12.204666152596472
leaf_count=31 30 166 45 33 154 72 39 49
internal_value=0.000331891 -0.00243721 0.00261411 -0.0158269 0.00749133 -0.0165278 -0.00905913 0.0180788
internal_weight=153.394 133.451 98.6507 19.0513 79.5994 34.8007 27.4035 19.9427
internal_count=619 539 398 78 320 141 111 80
is_linear=0
shrinkage=0.03


Tree=14
num_leaves=8
num_cat=0
split_feature=5 0 11 21 3 22 13
split_gain=8.42926 10.5092 9.98976 6.70031 3.69901 3.29556 2.55304
threshold=-0.064497429812620063 -0.0084303975554892979 0.014819532211950872 0.011739541433310649 -0.03095201778334666 -0.017818417506461067 1.318158741993088
decision_type=2 2 2 2 2 2 2
left_child=6 4 3 -3 -2 -4 -1
right_child=1 2 5 -5 -6 -7 -8
leaf_value=0.025112994945563256 -0.0002515951889613673 0.012162534412733499 0.020926913606494717 -0.011523259311439103 -0.022453780030967516 0.0035422948477397843 0.00094703522221995418
leaf_weight=12.450766563415529 11.122944325208662 11.848427116870878 21.684893861413002 42.432132631540298 23.625807955861092 22.664310589432716 7.4822021871805182
leaf_count=50 45 48 87 172 96 91 30
internal_value=0.000306694 -0.00239513 0.00252857 -0.00583809 -0.0161556 0.0129025 0.0176393
internal_weight=153.311 133.379 98.6298 54.2806 34.7488 44.3492 19.933
internal_count=619 539 398 220 141 178 80
is_linear=0
shrinkage=0.03


Tree=15
num_leaves=11
num_cat=0
split_feature=37 11 11 38 5 35 11 16 5 28
split_gain=8.6849 9.20861 8.31642 7.72313 7.23315 10.3977 4.94982 6.79763 3.4034 1.50637
threshold=-0.00076089866575368415 0.00081784746699054011 -0.032661251247974026 0.007996741483552958 -0.022769785875812184 0.029204588446373528 -0.0096222754470768317 -7.7070401674442035 0.0012702686901878704 4.5000000000000009
decision_type=2 2 2 2 2 2 2 2 2 2
left_child=2 3 -1 9 -3 -6 -4 -8 -5 -2
right_child=1 4 6 8 5 -7 7 -9 -10 -11
leaf_value=0.028316891307852188 0.0098332382611469125 -0.022623016180011599 -0.016809147558591048 -0.0091782643338590309 0.019224658942688402 -0.004845836484297047 0.018985564843249581 -0.010621379786239355 -0.03474805597970692 -0.0069747082397510303
leaf_weight=13.673789873719214 7.3827718049287778 7.399549961090087 7.7079931050539008 12.063395842909815 26.105176448822021 34.990592151880264 16.44475020468235 8.90081635117531 14.233971118927 7.3893476724624634
leaf_count=55 30 30 31 49 105 141 66 36 58 30
internal_value=-0.000208054 -0.00491181 0.0102622 -0.015821 0.00167977 0.00548471 0.00117589 0.00802332 -0.0250262 0.000702062
internal_weight=156.292 109.565 46.7273 41.0695 68.4953 61.0958 33.0536 25.3456 26.2974 14.7721
internal_count=631 443 188 167 276 246 133 102 107 60
is_linear=0
shrinkage=0.03


Tree=16
num_leaves=11
num_cat=0
split_feature=37 15 15 16 21 38 23 0 25 16
split_gain=8.2327 8.9464 7.1582 9.84372 6.89557 5.95755 3.89867 3.7624 2.89763 2.09376
threshold=-0.00076089866575368415 -30.014145348282948 3.5074703156372218 20.20291953172282 0.020790913627456522 0.007996741483552958 1.1411495598101664 -0.0093908784310333653 0.15203632361034677 1.0000000180025095e-35
decision_type=2 2 2 2 2 2 2 2 2 2
left_child=1 -1 5 4 -4 8 7 -3 -2 -7
right_child=2 6 3 -5 -6 9 -8 -9 -10 -11
leaf_value=0.027618111112989032 0.011686650395678119 -0.0079709198730333036 0.00016782069922266057 -0.024831747293981604 0.024613396498766506 -0.0071547951475422937 -0.015693682692924735 0.014607809396586636 -0.010731756345859086 -0.029329184605746718
leaf_weight=14.907558158040045 7.9076169729232815 7.9420338869094875 46.156990647315979 8.9094384759664518 11.913411200046538 9.5878888219594973 7.6980131417512885 16.160284385085109 8.8943667411804181 16.106649190187454
leaf_count=60 32 32 186 36 48 39 31 65 36 66
internal_value=-0.00021912 0.00997358 -0.00480329 0.00115451 0.00608516 -0.0141605 0.000113528 0.00655248 0 -0.0227107
internal_weight=156.184 46.7079 109.476 66.9798 58.0704 42.4965 31.8003 24.1023 16.802 25.6945
internal_count=631 188 443 270 234 173 128 97 68 105
is_linear=0
shrinkage=0.03


Tree=17
num_leaves=8
num_cat=0
split_feature=34 38 16 33 10 17 4
split_gain=10.8329 7.18701 8.69446 9.90568 6.62643 5.54278 4.40008
threshold=0.034767185142621455 0.010899820236199332 -18.001030650414616 0.92387267161894815 0.011083022329605343 -0.54922452787416087 0.00093611092246248539
decision_type=2 2 2 2 2 2 2
left_child=1 2 -1 -4 5 -3 -2
right_child=6 4 3 -5 -6 -7 -8
leaf_value=0.022094763737933329 -0.0024379056391608598 0.00060628085153611392 -0.0082441422766951628 0.021961107286999366 -0.0028439704995664927 0.032218705161387952 -0.030905571006599422
leaf_weight=10.472920611500738 10.398605257272722 8.4497763216495514 78.951791688799858 8.977400526404379 12.106787666678427 15.65273354947567 11.062591984868048
leaf_count=42 42 34 320 36 49 63 45
internal_value=-0.000219425 0.00292251 -0.00120233 -0.00457362 0.0140009 0.0226064 -0.0191351
internal_weight=156.073 134.611 98.4021 87.9292 36.2093 24.1025 21.4612
internal_count=631 544 398 356 146 97 87
is_linear=0
shrinkage=0.03


Tree=18
num_leaves=11
num_cat=0
split_feature=10 18 4 40 1 1 1 23 17 5
split_gain=7.5453 8.52746 5.857 7.26279 5.05635 5.75417 6.25642 4.16681 3.56605 3.44002
threshold=-0.0056210138275404877 0.089888792939081141 -0.018990293239764696 0.012756092995770964 0.022565777370360144 -0.0060549119664708986 -0.010506994629448039 0.99963325218677279 5.2830030493754725 -0.0023170626957976222
decision_type=2 2 2 2 2 2 2 2 2 2
left_child=1 -1 7 -4 5 6 -2 -3 -6 -7
right_child=4 2 3 -5 8 9 -8 -9 -10 -11
leaf_value=-0.011214849609378756 -0.0067409590459009761 0.035141920857688289 -0.010443600882596066 0.022332852049029118 0.020336654025326095 0 0.02081694017366709 0.0081201914538762913 -0.0041640377940576649 -0.020072637464098802
leaf_weight=13.893806755542753 27.524731516838074 12.128382563591002 14.125903785228735 7.6682163327932349 8.4473724365234393 8.6135204136371595 7.897785320878028 13.426518544554709 8.2000717520713788 34.042334154248238
leaf_count=56 112 49 57 31 34 35 32 54 33 138
internal_value=-0.000197961 0.00776411 0.013866 0.00136615 -0.00555484 -0.00883244 0 0.0231089 0.00831165 -0.0159957
internal_weight=155.969 61.2428 47.349 21.7941 94.7258 78.0784 35.4225 25.5549 16.6474 42.6559
internal_count=631 247 191 88 384 317 144 103 67 173
is_linear=0
shrinkage=0.03


Tree=19
num_leaves=9
num_cat=0
split_feature=34 37 11 3 5 4 4 4
split_gain=10.2677 8.58275 9.25816 7.3296 5.48393 4.1583 3.87526 3.80345
threshold=0.034767185142621455 -0.00076089866575368415 -0.012999402913592249 -0.038196247375334828 -0.0077839407403560426 0.00093611092246248539 -0.0079148514095321292 0.0054779341108426314
decision_type=2 2 2 2 2 2 2 2
left_child=1 3 7 -1 -4 -2 -5 -3
right_child=5 2 4 6 -6 -7 -8 -9
leaf_value=-0.0053897634373921048 -0.0023450857303388283 -0.027531033080260323 -0.009537077402803339 0.032058397060559553 0.0084592740194757102 -0.030092748701037508 0.0074626201880069838 -0.0021225123003906225
leaf_weight=10.455585598945616 10.391170397400858 12.775258034467699 18.671430081129074 14.866621077060699 52.575498968362808 11.009749025106428 14.137629136443138 10.999714538455008
leaf_count=42 42 52 76 60 212 45 57 45
internal_value=-0.000167152 0.00288806 -0.0019052 0.0143274 0.00340661 -0.0186128 0.0218082 -0.0174344
internal_weight=155.883 134.482 95.0219 39.4598 71.2469 21.4009 29.0043 23.775
internal_count=631 544 385 159 288 87 117 97
is_linear=0
shrinkage=0.03


Tree=20
num_leaves=9
num_cat=0
split_feature=1 33 23 2 4 37 35 11
split_gain=7.25335 9.58306 8.14533 7.70637 6.86847 5.51695 3.21268 2.37545
threshold=0.030455769991614371 0.18089143036189884 0.75921566238250515 -0.0076223703376969145 0.0098193491923003213 0.017018739364093264 -0.011499424473297713 0.037127613508198716
decision_type=2 2 2 2 2 2 2 2
left_child=1 3 4 6 -3 -4 -1 -2
right_child=7 2 5 -5 -6 -7 -8 -9
leaf_value=-0.011773685552597177 0.0038082602318524747 0.027285829662955657 -0.0017669950169653165 0.033674099735901138 -0.0071504544810664043 -0.01653746234128832 0.011257773797037258 0.026997322975285804
leaf_weight=8.1464898884296471 11.158814340829851 8.6777418851852435 42.802357316017151 7.9380283653736106 7.9006619751453391 55.19676099717617 9.7163894027471525 7.7238948047161093
leaf_count=33 45 35 173 32 32 225 39 31
internal_value=-0.000711725 -0.0032126 -0.00702964 0.012485 0.0110643 -0.0104006 0 0.0156891
internal_weight=159.261 140.378 114.578 25.8009 16.5784 97.9991 17.8629 18.8827
internal_count=645 569 465 104 67 398 72 76
is_linear=0
shrinkage=0.03


Tree=21
num_leaves=11
num_cat=0
split_feature=8 1 3 16 19 19 16 16 16 4
split_gain=6.90668 8.40973 6.06648 5.44903 5.36426 9.05423 5.17997 3.67952 3.23011 0.566338
threshold=-0.017033364660338942 0.030455769991614371 -0.037713677593741494 -14.81754059102075 0.11247269495766131 0.15700925205285127 4.9870886047316185 12.68141615674144 -19.044246239853607 -0.023438556457065603
decision_type=2 2 2 2 2 2 2 2 2 2
left_child=2 4 8 -4 6 -6 -2 -3 -1 -5
right_child=1 7 3 9 5 -7 -8 -9 -10 -11
leaf_value=0.0071089645789807962 -0.0076173305101238393 0.026002177394780196 -0.00046471115122285756 0.032377524908850819 -0.026671755027609788 0 0.011150486965137686 0 -0.017264646179109597 0.01099002707097475
leaf_weight=7.4769642651081085 37.395465150475502 8.2251473963260668 8.6661895513534528 10.63567888736725 25.069030195474625 20.648005813360214 17.711268752813339 8.4320445805788022 7.430253326892851 7.4514436423778561
leaf_count=30 152 33 35 43 102 84 72 34 30 30
internal_value=-0.000660961 -0.00447014 0.00944992 0.0176685 -0.00786126 -0.0152572 -0.00114344 0.0138943 -0.00475765 0.0262847
internal_weight=159.141 117.481 41.6605 26.7533 100.824 45.717 55.1067 16.6572 14.9072 18.0871
internal_count=645 477 168 108 410 186 224 67 60 73
is_linear=0
shrinkage=0.03


Tree=22
num_leaves=9
num_cat=0
split_feature=1 4 37 38 10 38 20 16
split_gain=6.58638 8.63772 6.76046 6.91374 5.75269 4.29028 6.67732 3.91301
threshold=0.030455769991614371 0.018302486635814578 0.011909668693732224 0.0075669445492070981 -0.0079001469518120131 0.0072885904398247965 0.028346261496897989 12.68141615674144
decision_type=2 2 2 2 2 2 2 2
left_child=1 2 3 -1 -4 -3 -7 -2
right_child=7 5 4 -5 -6 6 -8 -9
leaf_value=-0.0105335398631549 0.025702431004591863 0.0037615182529206451 0.0089897623415291367 0.015420596566442485 -0.01300785777712943 -0.024080787300023353 0.0034237536878836427 0
leaf_weight=9.6541664153337461 10.441345825791361 8.6607054919004423 13.33484126627445 39.214327856898308 31.064883157610893 29.415127903223038 8.8190267980098707 8.4320445805788022
leaf_count=39 42 35 54 158 127 120 36 34
internal_value=-0.000625267 -0.00301636 0.00215752 0.00978582 -0.00597518 -0.0132807 -0.017509 0.0150012
internal_weight=159.036 140.163 93.2682 48.8685 44.3997 46.8949 38.2342 18.8734
internal_count=645 569 378 197 181 191 156 76
is_linear=0
shrinkage=0.03


Tree=23
num_leaves=7
num_cat=0
split_feature=23 4 11 18 0 0
split_gain=6.69592 7.60189 4.87897 4.2338 6.4666 3.36564
threshold=0.75921566238250515 0.0098193491923003213 0.085749424847581759 0.40628497640781175 0.02176475771117781 0.0068298202484001766
decision_type=2 2 2 2 2 2
left_child=1 -1 3 5 -5 -2
right_child=2 -3 -4 4 -6 -7
leaf_value=0.029708941906284047 0.0065022408941897156 -0.0045296190146247211 0.016004548280853865 -0.012578357126183022 0.0086802963096274284 -0.011094419889298979
leaf_weight=10.906449913978578 37.811033338308334 8.6176878958940488 8.914223447442053 68.60037599503994 13.391135111451147 10.657058790326117
leaf_count=44 153 35 36 280 54 43
internal_value=-0.00059652 0.014883 -0.00305093 -0.00468821 -0.00880371 0.00204958
internal_weight=158.898 19.5241 139.374 130.46 81.9915 48.4681
internal_count=645 79 566 530 334 196
is_linear=0
shrinkage=0.03


Tree=24
num_leaves=8
num_cat=0
split_feature=23 1 37 35 27 35 0
split_gain=6.33021 7.32024 7.11866 6.45544 5.23128 3.72288 1.56483
threshold=0.75921566238250515 0.030455769991614371 0.026214240685226046 0.027902596173809194 1.5000000000000002 0.031891721255214008 0.02885779474762518
decision_type=2 2 2 2 2 2 2
left_child=5 2 4 -4 -2 -1 -3
right_child=1 6 3 -5 -6 -7 -8
leaf_value=0.027497541903139092 -0.0094842381571387819 0.020842012162018954 -0.0035243679103954366 -0.02656812640510452 0.0063286873374210012 0.00083898291748840832 0.0010690519480847484
leaf_weight=8.3927866518497485 29.111682832241058 9.9176831394433993 26.095554798841476 20.535547643899918 45.678515955805779 11.130063027143477 7.9473154842853537
leaf_count=34 118 40 107 84 185 45 32
internal_value=-0.000561286 -0.00295182 -0.00572085 -0.0146562 0 0.0144866 0.0137942
internal_weight=158.809 139.286 121.421 46.6311 74.7902 19.5228 17.865
internal_count=645 566 494 191 303 79 72
is_linear=0
shrinkage=0.03


Tree=25
num_leaves=7
num_cat=0
split_feature=34 12 37 40 11 4
split_gain=7.46324 5.86092 7.84277 7.3814 7.28121 3.45686
threshold=0.034767185142621455 75.291707150311282 -0.0014610797180495958 0.018620239876719461 -0.028804253924085695 0.00093611092246248539
decision_type=2 2 2 2 2 2
left_child=1 2 4 -4 -1 -2
right_child=5 -3 3 -5 -6 -7
leaf_value=0.027885972985354428 -0.0014806746953199795 0.02339149916674077 -0.017028122915856193 0.0017851577448580863 0.0014801977007680926 -0.025053029155928035
leaf_weight=13.832515254616736 12.622933581471445 9.9360600262880308 25.094567388296127 56.478202849626541 27.011147201061249 11.371311664581297
leaf_count=56 51 40 102 230 109 47
internal_value=0.000315947 0.0032502 0.00114511 -0.00409196 0.0116574 -0.0142972
internal_weight=156.347 132.352 122.416 81.5728 40.8437 23.9942
internal_count=635 537 497 332 165 98
is_linear=0
shrinkage=0.03


Tree=26
num_leaves=9
num_cat=0
split_feature=23 6 18 2 5 23 3 27
split_gain=6.93278 5.56283 7.72837 6.88209 6.95754 3.58597 3.16118 2.07394
threshold=0.66408849843061513 -0.00082301825377250129 0.40034064925640506 0.0039511035138986026 0.14291731023382306 1.1830047257265301 0.0090211634093621002 2.5000000000000004
decision_type=2 2 2 2 2 2 2 2
left_child=-1 2 5 6 -5 -2 -3 -4
right_child=1 3 7 4 -6 -7 -8 -9
leaf_value=0.024680468277039406 0.0059176340452209014 0.02820284411368091 -0.02584513468959183 -0.0052142801229071063 0.022273384088461346 -0.012966822892800304 0.0020520602443998949 -0.005165842781014519
leaf_weight=7.9127168059349051 30.892698645591736 10.880828499794008 16.584385395050052 53.275654673576355 7.6974024772644034 10.393447548151014 8.6165661066770536 9.9912576973438245
leaf_count=32 125 44 68 217 31 42 35 41
internal_value=0.000310695 -0.00120057 -0.00749076 0.00397516 -0.000908782 0.00043763 0.0186098 -0.0195013
internal_weight=156.245 148.332 67.8618 80.4705 60.9731 41.2861 19.4974 26.5756
internal_count=635 603 276 327 248 167 79 109
is_linear=0
shrinkage=0.03


Tree=27
num_leaves=9
num_cat=0
split_feature=34 19 35 21 21 19 35 1
split_gain=7.15936 7.67994 6.37461 5.75578 5.42333 5.39726 4.81062 3.38329
threshold=0.034767185142621455 0.18114840796184503 0.044371599406066504 0.018350847819862383 0.012055396617269244 0.11752086912206532 0.05536943604096279 -0.00057665966274805791
decision_type=2 2 2 2 2 2 2 2
left_child=1 2 4 -4 -1 6 -2 -3
right_child=5 7 3 -5 -6 -7 -8 -9
leaf_value=0.0099758656245804902 0.011989504082726334 0.0021617745644785919 0 0.024634490217632546 -0.0089085102113213542 -0.031195133171801392 -0.017440605987890868 0.028258044808449193
leaf_weight=14.976538598537443 8.1419272273778933 9.0301587134599703 21.390342071652412 12.904402777552603 61.809421494603157 8.1693644970655424 7.6210428774356833 12.114854410290716
leaf_count=61 33 37 87 52 251 34 31 49
internal_value=0.000314236 0.00318966 0 0.0103189 -0.00487512 -0.0140147 -0.00175647 0.0189113
internal_weight=156.158 132.226 111.081 34.2947 76.786 23.9323 15.763 21.145
internal_count=635 537 451 139 312 98 64 86
is_linear=0
shrinkage=0.03


Tree=28
num_leaves=7
num_cat=0
split_feature=34 33 37 24 11 16
split_gain=6.84449 5.53544 7.02636 6.3352 6.29293 3.13695
threshold=0.034767185142621455 0.92387267161894815 -0.0014610797180495958 0.091736694677871169 -0.028804253924085695 -1.3220376614501335
decision_type=2 2 2 2 2 2
left_child=1 2 4 -4 -1 -2
right_child=5 -3 3 -5 -6 -7
leaf_value=0.026178276382857069 0 0.021097697670456602 -0.010640472768707016 0.0062035741224161769 0.0014251872293257182 -0.022459581564754569
leaf_weight=13.530152499675749 10.644030228257181 11.91541802883148 49.7223811596632 30.023755803704262 26.997111096978188 13.236857593059538
leaf_count=55 43 48 203 122 109 55
internal_value=0.000316429 0.00312823 0.000909356 -0.00411871 0.0108843 -0.0137072
internal_weight=156.07 132.189 120.273 79.7461 40.5273 23.8809
internal_count=635 537 489 325 164 98
is_linear=0
shrinkage=0.03


Tree=29
num_leaves=9
num_cat=0
split_feature=34 19 19 20 38 15 19 0
split_gain=6.52547 7.14239 5.14489 5.14196 5.98353 3.22376 3.20812 1.36824
threshold=0.034767185142621455 0.18114840796184503 0.11752086912206532 0.028115976521445128 0.010926169668663256 -3.3620483014763383 0.12474674347788241 -0.0064559623551240777
decision_type=2 2 2 2 2 2 2 2
left_child=1 3 5 4 -1 -2 -5 -3
right_child=2 7 -4 6 -6 -7 -8 -9
leaf_value=-0.00089089562095466058 -0.013767388729673858 0.0036027649033544148 -0.030228972832767396 -0.026567893726634113 0.017447633918720139 0.010294632370902342 0 0.023591806715545869
leaf_weight=76.442403599619865 8.1363877654075605 7.2944200038909939 8.0940337777137739 7.6467289328575161 17.804255872964859 7.6001851260662106 9.1180664151906949 13.805416479706762
leaf_count=311 33 30 34 31 72 31 37 56
internal_value=0.000315835 0.00306266 -0.0133893 0 0.00270818 -0.00145018 -0.0144569 0.018241
internal_weight=155.942 132.111 23.8306 111.011 94.2467 15.7366 16.7648 21.0998
internal_count=635 537 98 451 383 64 68 86
is_linear=0
shrinkage=0.03


Tree=30
num_leaves=9
num_cat=0
split_feature=23 34 36 23 23 15 5 23
split_gain=6.42044 5.83864 6.36581 6.52587 4.31041 3.36285 8.17679 0.946248
threshold=0.66408849843061513 0.022731445952080102 0.0049452748353441744 0.90275184537417408 0.91526039531894665 2.0004557287149245 0.073155955370743944 0.99445225272289173
decision_type=2 2 2 2 2 2 2 2
left_child=-1 2 3 -2 -4 7 -7 -3
right_child=1 5 4 -5 -6 6 -8 -9
leaf_value=0.022362133035034953 -0.0070584090108869596 -0.0073497468946876485 0.0048444457215849005 0.022238305009779292 -0.0091199640212470158 0.014261940647300242 -0.01900924421269061 -0.02843768410444425
leaf_weight=7.4031050503253928 8.1635059118270892 7.2326033711433437 29.574593916535378 18.306379452347755 48.743169590830803 10.065104424953462 12.43578192591667 10.018551632761953
leaf_count=30 33 30 121 74 198 41 51 41
internal_value=-0.00150496 -0.00311828 0.000515292 0.012815 -0.0036706 -0.0126216 -0.00356483 -0.0220577
internal_weight=151.943 144.54 104.788 26.4699 78.3178 39.752 22.5009 17.2512
internal_count=619 589 426 107 319 163 92 71
is_linear=0
shrinkage=0.03


Tree=31
num_leaves=10
num_cat=0
split_feature=14 14 15 33 0 34 36 24 32
split_gain=7.20247 11.2585 7.33349 5.44808 4.99469 5.7479 4.32536 4.07919 0.980239
threshold=25.726274141858315 48.524415042565813 -69.092221002378508 0.1292751651768364 0.014258524434012989 0.022731445952080102 0.0070624294123895282 -0.58257575757575741 0.0017910760571091535
decision_type=2 2 2 2 2 2 2 2 2
left_child=2 8 -1 6 5 -3 -4 -5 -2
right_child=1 4 3 7 -6 -7 -8 -9 -10
leaf_value=0.018178496960293691 0.010344147078640785 0.0001913971659121122 -0.0084032483561224634 0.0018614414698836621 0.015475439534957856 -0.02677353795901875 0.018438176149585341 -0.015551868261932448 0.032797729719330947
leaf_weight=7.7933471500873557 8.1349119693040866 18.757821097970012 8.131434693932535 12.63672126829624 7.954350233078002 8.4828710407018644 8.9351992756128293 61.402308329939842 9.6431653797626478
leaf_count=32 33 76 33 52 32 35 36 251 39
internal_value=-0.00146354 0.0071683 -0.00628611 -0.0088855 -0.00249072 -0.00894953 0.00532282 -0.0124118 0.0253668
internal_weight=151.872 52.9731 98.899 91.1057 35.195 27.2407 17.0666 74.039 17.7781
internal_count=619 215 404 372 143 111 69 303 72
is_linear=0
shrinkage=0.03


Tree=32
num_leaves=6
num_cat=0
split_feature=23 33 31 15 15
split_gain=6.02763 5.30455 6.82283 4.97992 3.63064
threshold=0.66408849843061513 0.92387267161894815 -2.4999999999999996 -38.034695630677184 -2.1692189425581296
decision_type=2 2 2 2 2
left_child=-1 2 4 -4 -2
right_child=1 -3 3 -5 -6
leaf_value=0.021752792991719089 -0.0014826031567974339 0.013747719272648992 0.0075578227644915305 -0.010098927174267013 0.022989182851601703
leaf_weight=7.3877073675394049 8.3581091761589068 13.034061983227728 14.253792598843573 99.7763302475214 8.9187948852777463
leaf_count=30 34 53 58 408 36
internal_value=-0.00138841 -0.00295643 -0.00490845 -0.00767032 0.0114467
internal_weight=151.729 144.341 131.307 114.03 17.2769
internal_count=619 589 536 466 70
is_linear=0
shrinkage=0.03


Tree=33
num_leaves=8
num_cat=0
split_feature=36 36 34 34 36 37 25
split_gain=4.18742 7.05026 8.98301 4.02687 6.72925 2.56319 1.39805
threshold=0.0035674632617735623 0.0049452748353441744 0.020501285779181203 -0.038408734281792027 0.0080213846019836638 -0.040488264814745094 0.10408333333333335
decision_type=2 2 2 2 2 2 2
left_child=-1 2 6 5 -5 -3 -2
right_child=1 3 -4 4 -6 -7 -8
leaf_value=-0.019853203840494642 0.0065958730097402923 -0.0019998320831672006 -0.0092908542182567628 -0.0020148522806385204 -0.022799448539348628 0.019080500995404499 0.028450269682837856
leaf_weight=8.2383136600255948 7.4290928840637269 7.3464131802320471 9.8082235753536207 80.712308719754219 15.698946386575697 8.5322694629430753 13.861143380403517
leaf_count=34 30 30 40 328 66 35 56
internal_value=-0.0013177 0 0.0121981 -0.00352533 -0.00594626 0.00935582 0.0226896
internal_weight=151.627 143.388 31.0985 112.29 96.4113 15.8787 21.2902
internal_count=619 585 126 459 394 65 86
is_linear=0
shrinkage=0.03


Tree=34
num_leaves=10
num_cat=0
split_feature=14 14 15 33 7 0 17 36 32
split_gain=6.60689 10.7558 6.7772 5.03959 5.52793 4.71812 5.37391 3.4638 0.924624
threshold=25.726274141858315 48.524415042565813 -69.092221002378508 0.1292751651768364 -0.027942198789676572 0.014258524434012989 -2.0763154601934137 0.0075528760355793477 0.0017910760571091535
decision_type=2 2 2 2 2 2 2 2 2
left_child=2 8 -1 4 -4 6 -3 -5 -2
right_child=1 5 3 7 -6 -7 -8 -9 -10
leaf_value=0.017611695890144694 0.010061939146608205 0.0014243247993558793 -0.0092451257620728058 -0.0062142487388185275 0.021195635386396385 0.014989016212218671 -0.023687620049382341 -0.02070571965398919 0.032015198732103421
leaf_weight=7.7691228240728369 8.127831384539606 16.63517589867115 8.903779938817026 48.33342257142067 8.1540441662073118 7.9438072592020026 10.54004952311516 25.480527937412262 9.6481113433837873
leaf_count=32 33 68 36 197 33 32 43 106 39
internal_value=-0.00128279 0.00698368 -0.00591532 -0.00842424 0.00521647 -0.00246379 -0.00875748 -0.0118288 0.0247686
internal_weight=151.536 52.895 98.6409 90.8718 17.0578 35.119 27.1752 73.814 17.7759
internal_count=619 215 404 372 69 143 111 303 72
is_linear=0
shrinkage=0.03


Tree=35
num_leaves=12
num_cat=0
split_feature=14 14 8 14 19 32 14 38 35 34 14
split_gain=6.13797 16.9612 6.11005 7.97372 9.89465 8.53355 6.70992 7.51655 5.83681 3.99209 0.548546
threshold=23.033664601121249 48.524415042565813 -0.017590971072264868 -3.7394461318749559 0.078147972512184125 0.0089624980791528381 -10.97588642927303 0.0093559764134423674 0.023962378459250647 0.0093445617036196377 28.439259042537973
decision_type=2 2 2 2 2 2 2 2 2 2 2
left_child=2 10 6 4 -4 -5 7 -1 -3 -10 -2
right_child=1 8 3 5 -6 -7 -8 -9 9 -11 -12
leaf_value=-0.018776084109065415 0.013087707928012011 0.012924606554214554 0.021864101709069741 -0.026698209312234471 -0.010736346719706403 0.0068387279600289046 0.02657148620433733 0.010655072360790592 0.0031295013580869592 -0.019821117591028444 0.035027349167837195
leaf_weight=11.049719899892809 7.8665829300880459 10.854516744613646 11.800282791256906 24.916197046637535 19.011962279677391 7.3475743979215613 8.6874727457761747 17.245085254311562 8.6414908766746539 15.834543809294699 13.131706967949865
leaf_count=45 32 44 48 104 78 30 35 70 35 65 53
internal_value=0.00136099 0.00917378 -0.00298391 -0.00865987 0.0018633 -0.0186695 0.0062597 -0.000824064 -0.00332324 -0.0115273 0.0293132
internal_weight=156.387 56.3288 100.058 63.076 30.8122 32.2638 36.9823 28.2948 35.3306 24.476 20.9983
internal_count=639 229 410 260 126 134 150 115 144 100 85
is_linear=0
shrinkage=0.03


Tree=36
num_leaves=6
num_cat=0
split_feature=23 36 22 34 8
split_gain=6.75127 8.83381 6.32982 5.50011 4.30953
threshold=0.71993085799675371 0.0079925233203345814 0.54361824295706485 0.0037337093900741141 -0.017953273763530262
decision_type=2 2 2 2 2
left_child=-1 2 3 -2 -3
right_child=1 4 -4 -5 -6
leaf_value=0.021225146219044234 0.0087955992711599151 0 0.020130972672333564 -0.0049772782272954688 -0.027320336956772055
leaf_weight=12.053776264190672 38.672649830579758 7.8460845649242428 14.051744431257246 70.802462309598923 12.809716820716856
leaf_count=49 157 32 57 289 55
internal_value=0.00135 -0.00047662 0.00253746 0 -0.0177965
internal_weight=156.236 144.183 123.527 109.475 20.6558
internal_count=639 590 503 446 87
is_linear=0
shrinkage=0.03


Tree=37
num_leaves=8
num_cat=0
split_feature=36 38 21 20 16 9 16
split_gain=5.80023 7.90271 9.7543 10.0886 6.3921 5.84412 1.96721
threshold=0.0079925233203345814 0.013724200009663528 0.01860582812871164 0.020997668243689954 -4.4676678764103483 -0.0032489904188480853 3.7169459613709823
decision_type=2 2 2 2 2 2 2
left_child=1 2 3 -1 -2 -4 -6
right_child=4 -3 5 -5 6 -7 -8
leaf_value=0.0081937268649759382 0.007067173922393733 -0.022091621352158846 0.034325406157403628 -0.013408677926161454 -0.031615300680435679 0.0090550752796208101 -0.0056996809367027661
leaf_weight=44.329962998628616 8.5306499600410479 7.6276308745145789 10.88246566057205 31.404311373829842 8.1586690545082075 37.935335919260979 7.2628258764743796
leaf_count=180 35 31 44 129 35 154 31
internal_value=0.00131718 0.0038965 0.00593053 -0.000685574 -0.0115421 0.0161127 -0.0223267
internal_weight=156.132 132.18 124.552 75.7343 23.9521 48.8178 15.4215
internal_count=639 538 507 309 101 198 66
is_linear=0
shrinkage=0.03


Tree=38
num_leaves=11
num_cat=0
split_feature=14 14 12 38 35 26 4 12 22 4
split_gain=5.7227 14.3317 6.37309 7.92901 5.501 4.64747 4.03957 3.62534 3.30029 1.09934
threshold=20.81002087441539 48.524415042565813 34.609375000000014 0.0087736564674753825 0.023962378459250647 0.088692232055063921 -0.03893600519194778 51.405923249253568 0.11597452988152913 -0.0037677256218822115
decision_type=2 2 2 2 2 2 2 2 2 2
left_child=2 7 3 -1 -3 9 -7 -2 -6 -4
right_child=1 4 5 -5 8 6 -8 -9 -10 -11
leaf_value=-0.0082331594131347056 0.0052255327967706709 0.012455808139000716 -0.0060799131473700451 0.027000689903434478 -0.018781261874217529 -0.020235992334905611 0.00041846868683262741 0.033703506384719424 0.0020483406790173029 -0.026771942583388612
leaf_weight=8.3416670858860034 8.0910894870758074 10.853419020771979 7.5814739167690304 10.604971840977667 15.827355384826662 7.8676004558801642 53.108561903238297 15.555951982736586 8.6009878367185575 9.6186959743499738
leaf_count=34 33 44 31 43 65 32 219 63 35 40
internal_value=0.00126978 0.0085579 -0.00308436 0.0114672 -0.00329936 -0.00699619 -0.00256636 0.0257117 -0.0112798 -0.0200159
internal_weight=156.052 58.9288 97.123 18.9466 35.2818 78.1763 60.9762 23.647 24.4283 17.2002
internal_count=639 240 399 77 144 322 251 96 100 71
is_linear=0
shrinkage=0.03


Tree=39
num_leaves=6
num_cat=0
split_feature=23 36 16 38 21
split_gain=6.45552 8.05057 6.88296 6.69136 11.329
threshold=0.71993085799675371 0.0079925233203345814 -4.4676678764103483 0.013724200009663528 0.01860582812871164
decision_type=2 2 2 2 2
left_child=-1 3 -3 4 -2
right_child=1 2 -4 -5 -6
leaf_value=0.020684780416042527 -0.003050825211278621 0.0032157829605840562 -0.029411374285322606 -0.021551334510418935 0.015716443004572436
leaf_weight=12.0358529984951 70.242333129048347 7.7862302064895657 12.696026161313055 7.6143182814121237 45.575781136751175
leaf_count=49 287 32 55 31 185
internal_value=0.0012326 -0.000552638 -0.0171584 0.00231297 0.00434843
internal_weight=155.951 143.915 20.4823 123.432 115.818
internal_count=639 590 87 503 472
is_linear=0
shrinkage=0.03


Tree=40
num_leaves=9
num_cat=0
split_feature=36 1 1 35 4 36 21 32
split_gain=7.2409 6.42968 5.24007 6.27405 7.34622 4.68948 4.99147 2.47884
threshold=0.0078773298394208182 0.0019901013930799798 -0.016226541727974383 0.004257431469596896 -0.0095508760455750279 0.0035674632617735623 0.018820775359697544 -0.00047601707965555512
decision_type=2 2 2 2 2 2 2 2
left_child=2 7 3 -1 -5 -4 -7 -2
right_child=1 -3 5 4 -6 6 -8 -9
leaf_value=-0.025185994468000936 0.010268544242189382 -0.026700283234392226 -0.011402647558892278 0.019207380403763599 -0.012524454861858299 0.0039276245798474585 0.01909105850654225 -0.010560665252566713
leaf_weight=8.317768335342409 9.2471953779459017 11.889273598790167 7.752301797270774 10.650098159909252 11.369707494974133 53.829687610268593 33.545805037021637 7.3711633384227779
leaf_count=34 39 51 32 43 47 219 136 31
internal_value=0.00139784 -0.0116142 0.00460789 -0.00570038 0.00251988 0.00809946 0.010214 8.19946e-05
internal_weight=153.973 28.5076 125.465 30.3376 22.0198 95.1278 87.3755 16.6184
internal_count=632 121 511 124 90 387 355 70
is_linear=0
shrinkage=0.03


Tree=41
num_leaves=9
num_cat=0
split_feature=36 6 6 3 21 37 36 22
split_gain=6.86314 7.26358 6.19133 5.94821 4.90133 8.72432 3.30732 3.10829
threshold=0.0078773298394208182 -0.014462055751124647 -0.026490372676707962 0.0059547469259364503 0.018565096601182916 0.023418890181349687 0.0066063857072216113 -0.11198592751813934
decision_type=2 2 2 2 2 2 2 2
left_child=1 2 -1 7 5 -3 -6 -2
right_child=3 4 -4 -5 6 -7 -8 -9
leaf_value=0.0050012943432989005 -0.012396210526842338 0.012705928603148141 -0.022973132541625588 -0.026186870925308126 0.0079717334918768274 -0.0093515296875891617 0.027463442380475024 0.010833058457963514
leaf_weight=11.551106825470926 7.3894173502922085 32.020094260573387 12.42328706383705 11.517794594168661 27.335385426878929 28.281955972313881 13.820754557847975 9.5429746210575122
leaf_count=47 31 130 51 50 111 116 56 40
internal_value=0.0013376 0.00446389 -0.00957 -0.011341 0.00804596 0.002152 0.0158343 0
internal_weight=153.883 125.433 23.9744 28.4502 101.458 60.3021 41.1561 16.9324
internal_count=632 511 98 121 413 246 167 71
is_linear=0
shrinkage=0.03


Tree=42
num_leaves=8
num_cat=0
split_feature=38 28 5 11 23 34 9
split_gain=6.2022 3.82603 7.09846 7.1319 4.83895 2.57224 0.479706
threshold=0.013724200009663528 2.5000000000000004 0.061852088756430675 0.014819532211950872 1.1082278842858999 -0.01566275675201689 0.078496889640880405
decision_type=2 2 2 2 2 2 2
left_child=1 5 3 -3 -4 -1 -7
right_child=-2 2 4 -5 -6 6 -8
leaf_value=0 -0.016790705782998721 -0.00068445219101484185 -0.019609079363944622 0.017151169790420154 0.0043955095512534141 0.024947086679154705 0.007673190255712452
leaf_weight=8.5355680733919161 13.188913628458975 57.904233157634735 19.421953305602077 27.703375086188316 9.3428807556629163 9.3844443112611788 8.3035008460283262
leaf_count=35 55 239 80 112 38 39 34
internal_value=0.00129534 0.00330884 0.000715281 0.00517588 -0.0115459 0.0132367 0.0192031
internal_weight=153.785 140.596 114.372 85.6076 28.7648 26.2235 17.6879
internal_count=632 577 469 351 118 108 73
is_linear=0
shrinkage=0.03


Tree=43
num_leaves=10
num_cat=0
split_feature=36 1 38 21 38 20 38 32 23
split_gain=6.37384 6.03381 4.94571 6.6679 8.57705 5.50454 5.41626 2.33332 2.05699
threshold=0.0078773298394208182 0.0019901013930799798 0.007996741483552958 0.018565096601182916 0.0094800925429017018 0.022347383054373646 0.013065718230667824 -0.00047601707965555512 0.99118183982322028
decision_type=2 2 2 2 2 2 2 2 2
left_child=2 7 5 4 -4 8 -5 -2 -1
right_child=1 -3 3 6 -6 -7 -8 -9 -10
leaf_value=0.0075156171460177106 0.010169828931910797 -0.025659620884004263 -0.024256388034517386 0.013083753206212712 0.0020001528883691346 -0.0026713693693203575 -0.011223697148877573 -0.010017475421172388 0.02853990158961138
leaf_weight=11.631858795881273 9.248167037963869 11.794188186526297 15.728048130869864 37.581534653902054 27.224676862359047 11.448628112673758 8.1228032261133176 7.3512914478778866 13.614129409193991
leaf_count=47 39 51 65 153 111 47 33 31 55
internal_value=0.00126237 -0.0109641 0.00427828 0.000195188 -0.00793199 0.0132357 0.00815984 0.000307299 0.0206664
internal_weight=153.745 28.3936 125.352 88.6571 42.9527 36.6946 45.7043 16.5995 25.246
internal_count=632 121 511 362 176 149 186 70 102
is_linear=0
shrinkage=0.03


Tree=44
num_leaves=10
num_cat=0
split_feature=36 6 28 28 2 35 6 2 6
split_gain=6.0526 6.83156 7.2617 6.55614 6.3903 6.04996 7.42078 4.01109 3.16648
threshold=0.0078773298394208182 -0.014462055751124647 2.5000000000000004 11.500000000000002 0.004867942501275869 0.004257431469596896 -0.026490372676707962 -0.011541486790548781 0.0089316787837916811
decision_type=2 2 2 2 2 2 2 2 2
left_child=1 5 8 -4 7 -1 -7 -2 -3
right_child=4 2 3 -5 -6 6 -8 -9 -10
leaf_value=-0.02741114885872627 -0.011385092723670113 0.036394083686678146 0.00030590953398024033 0.02677193488088651 -0.027344783645743557 0.021086397041586272 -0.015722722447979901 0.014273030058133063 0.0073927438827801513
leaf_weight=8.2977235466241854 9.7366081327199954 8.3889343142509478 76.006670370697975 7.6647199243307105 10.342834264039992 7.3900331705808631 8.2387498319149 8.2527239024639147 9.3363360762596113
leaf_count=34 41 34 310 31 45 30 34 35 38
internal_value=0.00121718 0.0041568 0.00763573 0.00347381 -0.010708 -0.00945949 0.00124915 0 0.0241772
internal_weight=153.655 125.323 101.397 83.6714 28.3322 23.9265 15.6288 17.9893 17.7253
internal_count=632 511 413 341 121 98 64 76 72
is_linear=0
shrinkage=0.03


Tree=45
num_leaves=8
num_cat=0
split_feature=16 3 19 4 19 9 16
split_gain=6.29859 4.50202 7.25442 7.44856 5.42584 3.69489 1.86927
threshold=-19.044246239853607 0.033181228292421878 0.18114840796184503 0.023065839060075314 0.18631869224660749 -0.0024770949714980161 6.4638044005030233
decision_type=2 2 2 2 2 2 2
left_child=5 2 3 -2 6 -1 -3
right_child=1 4 -4 -5 -6 -7 -8
leaf_value=0 -0.0025887896970179102 0 0.016217974648493394 -0.022138543531621542 -0.011361385472254218 0.029878304454168971 0.019409306347995446
leaf_weight=7.4228982776403427 75.506888493895531 7.3560099601745632 10.881519287824629 22.134955376386642 7.740771919488906 7.5950998961925489 17.356627210974693
leaf_count=30 311 30 45 92 32 31 71
internal_value=0.000215292 -0.00174583 -0.00475962 -0.00752657 0.00758811 0.0175478 0.0144915
internal_weight=155.995 140.977 108.523 97.6418 32.4534 15.018 24.7126
internal_count=642 581 448 403 133 61 101
is_linear=0
shrinkage=0.03


Tree=46
num_leaves=6
num_cat=0
split_feature=16 12 6 33 0
split_gain=6.01386 4.7629 4.84485 5.58368 2.29569
threshold=-19.044246239853607 74.769945124525137 0.025935242295185502 0.85035401192852811 0.0028080464197407511
decision_type=2 2 2 2 2
left_child=4 2 3 -2 -1
right_child=1 -3 -4 -5 -6
leaf_value=0.027057764244670754 -0.0029302179755709228 0.014713356901939822 0.012729286676266311 -0.023273522513711353 0.0017428878942110833
leaf_weight=7.6276519894599897 104.10498414933681 12.086200207471846 12.305248349905012 12.40609374642372 7.3680946677923203
leaf_count=31 430 49 50 52 30
internal_value=0.000221598 -0.00169235 -0.00354769 -0.00557915 0.0171708
internal_weight=155.898 140.903 128.816 116.511 14.9957
internal_count=642 581 532 482 61
is_linear=0
shrinkage=0.03


Tree=47
num_leaves=7
num_cat=0
split_feature=23 11 11 11 36 7
split_gain=4.3174 4.33987 7.51399 7.51257 6.88556 5.58724
threshold=0.72857052070475714 -0.01444295279865576 -0.024955378886313658 -0.0084584471021369994 0.0076378465208449446 -0.011792369162265432
decision_type=2 2 2 2 2 2
left_child=-1 2 4 -3 -2 -5
right_child=1 3 -4 5 -6 -7
leaf_value=0.015110665295058619 0.011614751421920359 0.025206198482402176 -0.025996640018486339 0.010277321601388723 -0.01562683183494468 -0.0056672592972191408
leaf_weight=13.955693751573561 17.176717624068264 9.2481914311647397 13.525294825434683 26.292620658874512 12.783159762620924 62.815804272890091
leaf_count=57 71 38 56 107 54 259
internal_value=0.000229301 -0.00132033 -0.0090554 0.00206233 0 -0.00067563
internal_weight=155.797 141.842 43.4852 98.3566 29.9599 89.1084
internal_count=642 585 181 404 125 366
is_linear=0
shrinkage=0.03


Tree=48
num_leaves=6
num_cat=0
split_feature=16 12 7 8 0
split_gain=5.71378 4.58442 4.60305 7.01 2.18083
threshold=-19.044246239853607 74.769945124525137 0.042497539098081606 0.044982409572716077 0.0028080464197407511
decision_type=2 2 2 2 2
left_child=4 2 3 -2 -1
right_child=1 -3 -4 -5 -6
leaf_value=0.026415544825169512 -0.002878575307013478 0.014456330136360383 0.01383137237937721 -0.02929628512992398 0.0016739737499072036
leaf_weight=7.6090593189001066 110.23945477604866 12.084551930427549 10.246087387204168 8.1873744875192624 7.3655902296304703
leaf_count=31 456 49 42 34 30
internal_value=0.000227953 -0.001636 -0.00346026 -0.00528572 0.0167607
internal_weight=155.732 140.757 128.673 118.427 14.9746
internal_count=642 581 532 490 61
is_linear=0
shrinkage=0.03


Tree=49
num_leaves=11
num_cat=0
split_feature=14 14 14 34 2 15 24 37 32 12
split_gain=3.46933 7.46805 6.58929 6.54122 5.91097 5.84187 4.09767 3.12087 2.76138 1.74949
threshold=24.670596954573401 -2.3977006181735301 -10.97588642927303 0.029222108494573965 -0.015242225828211052 -21.004055970488636 -0.077647438656909165 0.050128477521635968 0.0089624980791528381 65.714208177951079
decision_type=2 2 2 2 2 2 2 2 2 2
left_child=1 2 5 7 -3 -1 -4 9 -6 -2
right_child=3 4 6 -5 8 -7 -8 -9 -10 -11
leaf_value=0.0044839727875755622 0.0083652706086807527 0.0056933284430058326 0.00098863791742333966 -0.012168175087427921 -0.024684599546433223 -0.016621809497811314 0.03152120488524434 0 -0.00097203696671216997 0.026990808805303051
leaf_weight=33.302192732691765 16.647902697324756 9.2183705121278745 8.5009655505418795 10.787670776247976 21.538778662681583 15.427262693643568 8.069729730486868 13.996794030070303 7.3170152157545081 10.834506332874296
leaf_count=137 68 38 35 45 92 63 33 57 30 44
internal_value=0.000233253 -0.00284527 0.00314135 0.00647889 -0.0131315 -0.0022941 0.0184587 0.0120102 -0.0196106 0.0175497
internal_weight=155.641 103.374 65.3002 52.2669 38.0742 48.7295 16.5707 41.4792 28.8558 27.4824
internal_count=642 428 268 214 160 200 68 169 122 112
is_linear=0
shrinkage=0.03


Tree=50
num_leaves=8
num_cat=0
split_feature=15 27 28 28 4 15 4
split_gain=6.39507 6.61175 4.15998 5.85606 3.11577 1.59281 1.10368
threshold=-69.092221002378508 3.5000000000000004 2.5000000000000004 9.5000000000000018 0.0079872912317263695 47.555582922448032 -0.020985735833644211
decision_type=2 2 2 2 2 2 2
left_child=-1 2 5 -4 6 -2 -3
right_child=1 4 3 -5 -6 -7 -8
leaf_value=0.023462993142934381 -0.000776484183061429 0.0046401376099563163 -0.012267711039834282 0.0026759332747347247 0 0.013908246979951383 0.024576312215114516
leaf_weight=8.0136735588312131 9.6482966989278811 7.3052404820919064 65.689566567540169 33.063620984554291 12.315418019890783 10.935521870851515 10.079049080610277
leaf_count=33 40 30 271 136 51 45 41
internal_value=0.000167587 -0.00127979 -0.00453862 -0.00716174 0.0108016 0.00690165 0.0183157
internal_weight=157.05 149.037 119.337 98.7532 29.6997 20.5838 17.3843
internal_count=647 614 492 407 122 85 71
is_linear=0
shrinkage=0.03


Tree=51
num_leaves=9
num_cat=0
split_feature=15 20 38 20 36 11 11 7
split_gain=6.09441 6.66807 8.47395 8.44145 7.5885 5.30881 8.15187 7.1422
threshold=-69.092221002378508 0.022307813803188938 0.0098216860171829439 0.025051790266365882 0.0061335412762187442 -0.012431430383287477 -0.025735032106351138 0.015608753862482229
decision_type=2 2 2 2 2 2 2 2
left_child=-1 5 3 -3 -4 6 -2 -7
right_child=1 2 4 -5 -6 7 -8 -9
leaf_value=0.022958754482507164 0.0086502195995550469 -0.031527418700710026 -0.0097194034492089718 -0.0031548544993004481 0.015390721518345493 0.018788985403884118 -0.02450477238597391 -0.0044147533550435982
leaf_weight=7.988295540213584 12.815309360623361 17.083865240216255 19.885639518499374 22.312027812004089 19.063718616962433 31.978512436151505 9.8242828845977765 16.009296059608459
leaf_count=33 53 71 81 92 79 131 41 66
internal_value=0.000187108 -0.00122258 -0.00724244 -0.0167496 0.00235585 0.00526412 -0.0059496 0.010881
internal_weight=156.961 148.973 78.3453 39.3959 38.9494 70.6274 22.6396 47.9878
internal_count=647 614 323 163 160 291 94 197
is_linear=0
shrinkage=0.03


Tree=52
num_leaves=7
num_cat=0
split_feature=5 27 11 20 26 20
split_gain=5.90376 5.80855 4.00553 5.23249 3.96565 3.77889
threshold=-0.10087014480350608 3.5000000000000004 0.085749424847581759 0.021928976728389147 0.23352613096467675 0.021772669139179308
decision_type=2 2 2 2 2 2
left_child=-1 2 3 -2 5 -3
right_child=1 4 -4 -5 -6 -7
leaf_value=0.022823260211104861 0.00095136576678149639 0.01374476710446597 0.01322572833556852 -0.011711320619486713 0.021245136537205913 -0.012536436717238151
leaf_weight=7.7928430438041678 50.951903566718102 7.2812552154064205 8.512295722961424 60.664177596569061 13.168880000710486 8.4834257215261442
leaf_count=32 210 30 35 251 54 35
internal_value=0.000172752 -0.00119859 -0.00421254 -0.00588388 0.0102933 0
internal_weight=156.855 149.062 120.128 111.616 28.9336 15.7647
internal_count=647 615 496 461 119 65
is_linear=0
shrinkage=0.03


Tree=53
num_leaves=8
num_cat=0
split_feature=15 27 11 39 4 3 1
split_gain=5.71211 5.92745 4.25956 8.67638 6.62242 2.88618 2.15824
threshold=-69.092221002378508 3.5000000000000004 -0.01444295279865576 1.0000000180025095e-35 -0.023438556457065603 0.030392579951035174 -0.012568316812196166
decision_type=2 2 2 2 2 2 2
left_child=-1 2 3 -2 -4 6 -3
right_child=1 5 4 -5 -6 -7 -8
leaf_value=0.022289664731041221 0.0075269946595941896 7.227215106580356e-06 0.012651496648898005 -0.024598239959238825 -0.0055628597188871701 -0.0038566117242600575 0.021437769242224868
leaf_weight=7.944464609026908 9.5283532440662402 7.5586031824350419 22.058737725019455 19.715819478034973 67.844412356615067 7.2937017232179633 14.841479167342184
leaf_count=33 39 31 90 83 280 30 61
internal_value=0.000191306 -0.00116866 -0.00426384 -0.0138393 -0.000752484 0.0102629 0.0154144
internal_weight=156.786 148.841 119.147 29.2442 89.9032 29.6938 22.4001
internal_count=647 614 492 122 370 122 92
is_linear=0
shrinkage=0.03


Tree=54
num_leaves=7
num_cat=0
split_feature=5 27 11 28 26 22
split_gain=5.47813 5.19302 3.7743 4.49634 3.75802 1.79112
threshold=-0.10087014480350608 3.5000000000000004 0.085749424847581759 9.5000000000000018 0.23352613096467675 0.020437994135589558
decision_type=2 2 2 2 2 2
left_child=-1 2 3 -2 5 -3
right_child=1 4 -4 -5 -6 -7
leaf_value=0.022068607535791002 -0.0094349053603140498 -0.01004892409307947 0.012945166808040106 0.0033525535933503253 0.02039987367891347 0.0080318312921525761
leaf_weight=7.7500728815793982 79.163508370518684 7.2394638061523464 8.5065368264913541 32.283960402011871 13.178669750690458 8.5254009366035444
leaf_count=32 328 30 35 133 54 35
internal_value=0.000199705 -0.00111657 -0.00397545 -0.00560463 0.00973821 0
internal_weight=156.648 148.898 119.954 111.447 28.9435 15.7649
internal_count=647 615 496 461 119 65
is_linear=0
shrinkage=0.03


Tree=55
num_leaves=9
num_cat=0
split_feature=15 11 11 15 0 17 33 2
split_gain=6.1732 6.48748 6.56388 7.75936 4.29016 4.35825 1.21153 0.0406216
threshold=-19.272453912074543 -0.013343943580837179 -0.0047238851980861965 7.695155465428031 0.0091411696983401142 -0.63253967194932403 0.69044165054803364 0.0012153640029959336
decision_type=2 2 2 2 2 2 2 2
left_child=4 6 -3 -4 5 -1 -2 -7
right_child=1 2 3 -5 -6 7 -8 -9
leaf_value=0 -0.030728135429153772 0.01830681595597268 -0.019028509869858712 0.00028565357274478527 -0.005011800066644756 0.030072459166897256 -0.0070430115911233188 0.011120000780847687
leaf_weight=10.163897663354874 7.3346007764339429 10.722872659564016 22.710799872875214 71.055420577526093 11.140571609139441 8.5134720802307111 6.9828003197908401 7.1920504122972497
leaf_count=42 31 44 95 291 46 35 30 30
internal_value=-0.00127195 -0.00468954 -0.00175066 -0.00453543 0.00899238 0.0154883 -0.0223749 0.0244772
internal_weight=155.816 118.806 104.489 93.7662 37.01 25.8694 14.3174 15.7055
internal_count=644 491 430 386 153 107 61 65
is_linear=0
shrinkage=0.03


Tree=56
num_leaves=8
num_cat=0
split_feature=15 11 11 15 0 17 33
split_gain=5.87844 6.24048 6.22385 7.36528 4.09883 4.16828 1.15668
threshold=-19.272453912074543 -0.013343943580837179 -0.0047238851980861965 7.695155465428031 0.0091411696983401142 -0.63253967194932403 0.69044165054803364
decision_type=2 2 2 2 2 2 2
left_child=4 6 -3 -4 5 -1 -2
right_child=1 2 3 -5 -6 -7 -8
leaf_value=0 -0.030171233164148083 0.017817434393839222 -0.018553837400677717 0.00027731504924374134 -0.0048845517022251504 0.023939831208177054 -0.0068871639576552008
leaf_weight=10.163897663354874 7.2835721224546415 10.741511508822439 22.645233660936356 71.056307077407837 11.139984115958212 15.682313144207001 6.9720104038715363
leaf_count=42 31 44 95 291 46 65 30
internal_value=-0.00123331 -0.00457231 -0.00169089 -0.00440958 0.00878253 0.0151396 -0.0219548
internal_weight=155.685 118.699 104.443 93.7015 36.9862 25.8462 14.2556
internal_count=644 491 430 386 153 107 61
is_linear=0
shrinkage=0.03


Tree=57
num_leaves=10
num_cat=0
split_feature=5 35 14 39 40 38 38 8 26
split_gain=5.50292 8.37493 5.48591 5.81531 10.012 5.32019 5.09388 1.8799 2.13963
threshold=0.061852088756430675 0.023962378459250647 25.297714442809937 1.0000000180025095e-35 0.027192400917149587 0.010040062377045673 0.011608288433260254 0.040803591429131029 0.26768653321201097
decision_type=2 2 2 2 2 2 2 2 2
left_child=2 -2 3 6 -5 -4 -1 -3 -9
right_child=1 7 5 4 -6 -7 -8 8 -10
leaf_value=-0.0013870858542741732 0.0061581269514005121 -0.033562918225483761 0.00024126069657518827 -0.013970261751130831 0.0087078199696368347 0.031648434047098564 0.022625465735403225 -0.019766950909328434 0
leaf_weight=14.305209368467333 14.266283765435217 7.6675814390182522 11.339487656950952 45.052460461854935 25.399495720863342 8.0821648389101011 12.880891516804693 9.1963164806365985 7.3571487963199607
leaf_count=59 59 32 46 186 108 33 53 38 30
internal_value=-0.00120497 -0.010805 0.00195388 -0.000900007 -0.00557259 0.0157459 0.010247 -0.0210761 -0.0114892
internal_weight=155.547 38.4873 117.06 97.6381 70.452 19.4217 27.1861 24.221 16.5535
internal_count=644 159 485 406 294 79 112 100 68
is_linear=0
shrinkage=0.03


Tree=58
num_leaves=11
num_cat=0
split_feature=15 35 40 5 35 7 21 9 5 22
split_gain=5.43608 5.21991 17.5846 11.5815 6.53672 5.03437 3.85693 3.07711 4.94927 2.63416
threshold=-19.272453912074543 0.011270950048906882 0.0442318699495532 0.060053771749221226 0.029204588446373528 -0.018615127662741041 0.012120568940613077 -0.062335680846191351 -0.087798812028410042 -0.070867667064107118
decision_type=2 2 2 2 2 2 2 2 2 2
left_child=7 2 6 5 -5 -3 -2 8 -1 -9
right_child=1 3 -4 4 -6 -7 -8 9 -10 -11
leaf_value=0.012438317876765847 -0.0065109591502629741 0.023601981086254088 0.011461486958711157 0.0074699568724640088 -0.021839111550565452 0.0022511580136219322 -0.038404426314218927 0 -0.016084047732848984 0.024103282585643263
leaf_weight=10.056106537580492 7.1101824790239361 12.320197254419325 13.295185580849646 7.3228828608989742 23.419188290834427 40.795834198594093 14.212400525808333 7.2305809408426311 8.0083436816930753 11.654797747731207
leaf_count=42 30 50 55 30 97 169 60 30 33 48
internal_value=-0.00116235 -0.00438099 -0.0138359 -7.18132e-05 -0.0143696 0.00815235 -0.0298828 0.00846782 0 0.0163194
internal_weight=155.426 118.476 34.6178 83.8581 30.7421 53.116 21.3226 36.9498 18.0645 18.8854
internal_count=644 491 145 346 127 219 90 153 75 78
is_linear=0
shrinkage=0.03


Tree=59
num_leaves=8
num_cat=0
split_feature=15 11 11 15 0 37 33
split_gain=5.15739 6.02352 5.7155 6.85891 3.88915 3.53413 1.0789
threshold=-19.272453912074543 -0.013343943580837179 -0.0047238851980861965 7.695155465428031 0.0091411696983401142 -0.0046578334528463708 0.69044165054803364
decision_type=2 2 2 2 2 2 2
left_child=4 6 -3 -4 5 -1 -2
right_child=1 2 3 -5 -6 -7 -8
leaf_value=0.02375102534472404 -0.029404577650635297 0.017243362209473929 -0.01774758503858832 0.00045955548149363267 -0.0050142745415131286 0.00060642359144169025 -0.0066842090391323501
leaf_weight=13.956176042556763 7.2034681141376478 10.753909677267073 22.532138183712959 70.85127030313015 11.134498447179793 11.83543761074543 6.9549926370382309
leaf_count=58 31 44 95 291 46 49 30
internal_value=-0.0011192 -0.00426007 -0.00143198 -0.00405633 0.00825938 0.014478 -0.0213808
internal_weight=155.222 118.296 104.137 93.3834 36.9261 25.7916 14.1585
internal_count=644 491 430 386 153 107 61
is_linear=0
shrinkage=0.03


Tree=60
num_leaves=7
num_cat=0
split_feature=5 5 37 5 14 5
split_gain=3.93064 7.12025 5.45355 4.47653 11.7436 7.50869
threshold=-0.073421242103307291 -0.048053191167066127 -0.038547142789501603 0.077713323069878007 23.033664601121249 0.10744740765468853
decision_type=2 2 2 2 2 2
left_child=2 -2 -1 4 -3 -5
right_child=1 3 -4 5 -6 -7
leaf_value=-0.0049211026705142441 -0.023050322532033325 -0.0053428500229526481 0.024134800475487533 -0.030315266378042043 0.016725491704855242 0
leaf_weight=9.3764282166957873 13.868553221225737 66.23525781929493 9.391918331384657 9.7885150909423846 29.635980188846588 18.437203779816628
leaf_count=39 57 278 39 41 121 76
internal_value=-0.00219399 -0.00405255 0.00982057 -0.00147856 0.0015281 -0.0116126
internal_weight=156.734 137.966 18.7683 124.097 95.8712 28.2257
internal_count=651 573 78 516 399 117
is_linear=0
shrinkage=0.03


Tree=61
num_leaves=9
num_cat=0
split_feature=28 5 14 17 11 37 33 4
split_gain=5.19105 7.09323 10.3072 6.18841 5.35945 5.32108 3.43588 5.073
threshold=2.5000000000000004 0.077713323069878007 23.033664601121249 -0.80900460416038456 0.052424432984286902 0.061208946648307457 0.78374547503176484 -0.0073041745532451676
decision_type=2 2 2 2 2 2 2 2
left_child=6 2 3 -2 -4 -3 7 -1
right_child=1 5 4 -5 -6 -7 -8 -9
leaf_value=0.017358719606575004 -0.016340805349510726 -0.030477159274452967 0.029507269392617119 0 0.00054554942493238712 0 0.023024403982002121 -0.011454056790797876
leaf_weight=7.7127524316310927 32.152894929051399 12.940709963440897 10.36523160338402 54.172128945589066 12.951386123895643 7.2494692653417578 8.4889225214719755 10.531044006347656
leaf_count=32 135 54 42 226 53 30 35 44
internal_value=-0.00214082 -0.00471076 -0.00140573 -0.00633975 0.0153267 -0.0202383 0.00927761 0.000497419
internal_weight=156.565 129.832 109.642 86.325 23.3166 20.1902 26.7327 18.2438
internal_count=651 540 456 361 95 84 111 76
is_linear=0
shrinkage=0.03


Tree=62
num_leaves=14
num_cat=0
split_feature=21 21 24 37 36 28 20 19 20 21 15 33 4
split_gain=5.97924 7.10146 5.35364 4.40696 5.6029 5.25038 5.13717 3.71722 3.5924 2.98643 2.78022 2.48338 1.71086
threshold=0.0185087128932977 0.021005943117295731 -0.049391480730223113 0.026896490183179526 0.0065854072448085143 5.5000000000000009 0.021079922825658435 0.084253054170802547 0.02756336179331546 0.026012946056479153 42.82998754838264 0.64118458367555686 0.010909762892398424
decision_type=2 2 2 2 2 2 2 2 2 2 2 2 2
left_child=3 8 10 4 11 -6 7 -5 12 -4 -3 -1 -2
right_child=1 2 9 6 5 -7 -8 -9 -10 -11 -12 -13 -14
leaf_value=0.011385384783480026 0.027006276193141193 -0.024097862910008434 -0.0045016584261013282 -0.015850804778592985 0.005381831913409285 -0.021158298397286824 -0.030867723717048833 0.0077199711024894943 0 0.017779376589888009 0 -0.0059428174954583085 0.0070374759870137629
leaf_weight=22.601668402552608 12.993924617767336 10.752007141709329 8.4359319210052508 10.776833012700086 8.2216257303953189 16.662326037883759 11.285657465457914 8.7643917649984342 10.738834947347639 8.3294756263494474 7.7610985189676276 7.9357185065746298 11.139486342668532
leaf_count=93 53 46 35 46 34 70 48 36 44 35 32 33 46
internal_value=-0.00206792 0.00423783 -0.00484095 -0.00734654 -0.00180767 -0.0120835 -0.0161307 -0.00484756 0.0135936 0.00648388 -0.0154602 0.00633282 0.019607
internal_weight=156.399 70.1508 35.2785 86.2482 55.4213 24.884 30.8269 19.5412 34.8722 16.7654 18.5131 30.5374 24.1334
internal_count=651 291 148 360 230 104 130 82 143 70 78 126 99
is_linear=0
shrinkage=0.03


Tree=63
num_leaves=14
num_cat=0
split_feature=21 21 34 1 3 20 14 9 19 38 20 12 23
split_gain=5.68143 6.74922 5.80184 4.7018 5.80761 4.14402 9.17495 6.09414 4.63857 3.21141 2.66767 0.786233 0.162668
threshold=0.0185087128932977 0.021005943117295731 1.0000000180025095e-35 0.0061145469499365177 0.018727264645087675 0.020943389381897642 22.117404916678883 0.024349996273677621 0.066554661278711305 0.0093559764134423674 0.027632811551028091 41.278575505322316 0.95449418564562538
decision_type=2 2 2 2 2 2 2 2 2 2 2 2 2
left_child=5 3 11 12 -5 6 8 9 -1 -7 -4 -3 -2
right_child=1 2 10 4 -6 7 -8 -9 -10 -11 -12 -13 -14
leaf_value=0.0013298257589027178 0.01074473979012568 0 -0.02791860640263305 -0.016064679516656858 0.015861644824406971 -0.01223072110111945 0.017299259821512664 -0.027303711977396332 -0.01822402931643374 0.011331452297757854 -0.0038289142546258943 0.012753214503274182 0.02835491760000226
leaf_weight=17.752262741327286 8.3215871155262011 7.1578090935945502 7.2502554506063488 7.514865234494212 9.0257105380296689 9.5187202394008654 14.247215092182158 16.241062864661217 21.064688161015511 7.2700369507074347 12.09868088364601 8.7302853465080243 10.00548794865608
leaf_count=75 34 30 30 31 37 41 58 68 88 30 51 37 41
internal_value=-0.00201984 0.00412389 -0.00472644 0.013246 0.000379311 -0.00717288 -0.00150733 -0.015241 -0.00928694 -0.00110914 -0.015328 0.00761615 0.0229407
internal_weight=156.199 70.1047 35.237 34.8677 16.5406 86.094 53.0642 33.0298 38.817 16.7888 19.3489 15.8881 18.3271
internal_count=651 291 148 143 68 360 221 139 163 71 81 67 75
is_linear=0
shrinkage=0.03


Tree=64
num_leaves=15
num_cat=0
split_feature=21 21 34 37 35 6 27 31 20 7 15 18 24 21
split_gain=5.38477 6.43286 5.54521 4.17499 7.30925 4.69335 7.08161 5.17013 3.38978 3.61129 2.89236 2.35049 0.92437 0.076344
threshold=0.0185087128932977 0.021005943117295731 1.0000000180025095e-35 0.026896490183179526 0.029204588446373528 -0.009357243213274238 1.5000000000000002 -2.4999999999999996 0.02756336179331546 0.0066894556144295389 38.214792534782994 0.74180836910937731 -1.0000000180025095e-35 0.016837039634192832
decision_type=2 2 2 2 2 2 2 2 2 2 2 2 2 2
left_child=3 8 12 5 11 7 -7 -1 9 -2 -4 -5 -3 -6
right_child=1 2 10 4 13 6 -8 -9 -10 -11 -12 -13 -14 -15
leaf_value=0.0038477446755417724 0.028076149896244084 0 -0.024692846144391961 0.010581454578183798 -0.014668910641341414 -0.011681875807005073 0.014536509011823547 -0.024057893442400283 0 0.0028349447152226392 -0.00046422743765190593 -0.01053080270450928 0.013346910836307905 -0.036331062949179017
leaf_weight=8.2235032767057437 13.680033281445505 7.6635093688964835 10.132795944809915 7.3677920550107974 8.3285425752401334 12.495811998844145 22.664417162537575 11.916373103857039 10.736938208341597 10.444287851452826 9.1848631203174573 7.6174568831920624 8.2156185507774335 7.3380583673715583
leaf_count=34 56 32 43 31 35 52 94 50 44 43 38 32 35 32
internal_value=-0.00195933 0.00401892 -0.00462098 -0.00698324 -0.0155558 -0.00159275 0.00468771 -0.0126677 0.0129263 0.0187761 -0.015001 0 0.00743324 -0.0286286
internal_weight=156.01 70.058 35.1968 85.952 30.6518 55.3001 35.1602 20.1399 34.8613 24.1243 19.3177 14.9852 15.8791 15.6666
internal_count=651 291 148 360 130 230 146 84 143 99 81 63 67 67
is_linear=0
shrinkage=0.03


Tree=65
num_leaves=9
num_cat=0
split_feature=23 34 7 25 25 16 26 15
split_gain=3.85352 4.54609 3.82519 3.62934 4.33226 2.98289 2.80866 2.82406
threshold=0.75921566238250515 0.023982079793153258 -0.00064762057145329767 0.32667984189723326 0.26598639455782319 -9.8854155673466035 0.37979601748421571 2.7387884078563327
decision_type=2 2 2 2 2 2 2 2
left_child=2 3 -1 4 -2 -5 7 -3
right_child=1 6 -4 5 -6 -7 -8 -9
leaf_value=0.021799254590586944 0.00090154772487637447 -0.027598526889701928 -0.0012463091814732571 0.0042482252761380851 0.02235086728645868 -0.013960706719370801 0.0014571153085425235 -0.005531685078499415
leaf_weight=10.429414555430414 61.098168075084686 10.749413579702379 10.768966943025587 9.710373520851137 8.2406981438398343 20.986766114830971 8.1807185709476453 14.724717140197752
leaf_count=43 254 46 45 40 34 88 34 62
internal_value=-0.000827955 -0.00283685 0.0103472 0.000290204 0.00421614 -0.00783442 -0.0120473 -0.0167205
internal_weight=154.889 133.691 21.1984 100.036 69.3389 30.6971 33.6548 25.4741
internal_count=646 558 88 416 288 128 142 108
is_linear=0
shrinkage=0.03


Tree=66
num_leaves=11
num_cat=0
split_feature=21 23 2 28 36 14 8 19 15 19
split_gain=4.10887 7.06663 6.04547 6.74653 4.82197 4.46253 6.78845 3.89434 2.80012 2.01875
threshold=0.018565096601182916 1.2673513356654678 0.011404254418825756 3.5000000000000004 0.0066063857072216113 26.137408988460496 -0.014748612010099405 0.1015068118612602 3.8664766588110826 0.17662283287043531
decision_type=2 2 2 2 2 2 2 2 2 2
left_child=2 5 3 -1 -5 6 -2 8 -4 -7
right_child=1 -3 7 4 -6 9 -8 -9 -10 -11
leaf_value=0.018603460506234314 0.01816899997022799 -0.015846474034037352 -0.014692991293016367 0.0032853010958771058 -0.014925209016953682 0.0065329060138136505 -0.0068086804682897777 -0.026912773032837709 0.0075890163225628658 0.030213756387331304
leaf_weight=12.327967092394827 13.550316885113714 10.169274374842642 8.2659199088811892 26.650860875844955 21.108441546559334 9.5187188833951968 23.736675128340721 13.203677043318747 7.3840126842260352 8.8664615899324399
leaf_count=51 56 42 36 111 89 39 100 55 30 37
internal_value=-0.00079721 0.00468781 -0.00503642 0.000254129 -0.00473824 0.00911823 0.0023494 -0.0158424 -0.0036613 0.0205329
internal_weight=154.782 65.8414 88.9409 60.0873 47.7593 55.6722 37.287 28.8536 15.6499 18.3852
internal_count=646 274 372 251 200 232 156 121 66 76
is_linear=0
shrinkage=0.03


Tree=67
num_leaves=8
num_cat=0
split_feature=9 14 8 16 34 23 2
split_gain=4.00601 8.29578 5.57019 5.42113 3.69338 3.61209 5.0674
threshold=0.086018177473055277 34.314710196464382 0.040803591429131029 16.65030964360427 0.012278932202614225 0.73807959093795461 0.035415988718950027
decision_type=2 2 2 2 2 2 2
left_child=1 5 -2 -4 -3 -1 -7
right_child=2 4 3 -5 -6 6 -8
leaf_value=0.013569197034689008 -0.026797759471551212 0.029076777533795131 0.013565558416517656 -0.015488136793659499 0.00020892592224815737 -0.0058839776342469192 0.016657502753777351
leaf_weight=10.139965653419493 9.7377467006444949 10.735217198729517 9.9796934276819247 9.149060130119322 7.4132657200098029 89.727761372923851 7.7480223327875128
leaf_count=42 41 44 41 38 31 377 32
internal_value=-0.000766537 0.00148437 -0.0105199 0 0.0192206 -0.00166597 -0.00364256
internal_weight=154.631 125.764 28.8665 19.1288 18.1485 107.616 97.4758
internal_count=646 526 120 79 75 451 409
is_linear=0
shrinkage=0.03


Tree=68
num_leaves=8
num_cat=0
split_feature=25 38 28 18 33 20 40
split_gain=3.70778 3.5483 7.66751 5.38855 4.99534 4.84856 4.74708
threshold=1.0000000180025095e-35 0.0094800925429017018 5.5000000000000009 0.38088327270985739 0.80660945683444407 0.018413042509234891 -0.028973753552395783
decision_type=2 2 2 2 2 2 2
left_child=-1 2 3 -2 6 -4 -3
right_child=1 4 5 -5 -6 -7 -8
leaf_value=-0.015282587680863179 0.023283416109910918 -0.0025946290436481981 0.00062381383924138838 -0.00092889075851814047 -0.010527017928854344 -0.019682810406433486 0.015279394037003066
leaf_weight=12.393116444349287 9.5334019660949689 17.34467376768589 14.569406419992445 25.049757495522499 11.477679952979086 26.069375246763229 38.063389033079147
leaf_count=52 39 72 61 105 48 111 158
internal_value=-0.00072606 0.000633797 -0.00367431 0.0062436 0.0056626 -0.0123631 0.00952744
internal_weight=154.501 142.108 75.2219 34.5832 66.8857 40.6388 55.4081
internal_count=646 594 316 144 278 172 230
is_linear=0
shrinkage=0.03


Tree=69
num_leaves=9
num_cat=0
split_feature=27 34 19 37 34 13 20 24
split_gain=3.3781 5.03319 4.48606 6.32532 3.95654 3.42751 3.26004 2.90807
threshold=1.5000000000000002 0.034167136794334148 0.17434228308216032 0.045067047498428499 0.045104625287707874 5.9774222404976287 0.017055744855490846 -0.014238667183262299
decision_type=2 2 2 2 2 2 2 2
left_child=5 2 3 -2 -3 6 -1 -8
right_child=1 4 -4 -5 -6 -7 7 -9
leaf_value=0.0044631700241669547 0.0066222602923504239 -0.023070914986626188 0.020479106861714721 -0.016908451103711423 0.0033533452661744841 0.0080476147683473838 -0.019111389760273653 -0.0015036618577113317
leaf_weight=9.5814366787672025 53.650785237550735 8.8872157186269778 13.815755873918532 10.456375062465666 7.1695788055658332 9.8722176849842054 25.390934139490124 15.577660590410234
leaf_count=40 223 38 58 44 30 41 107 65
internal_value=-0.000711612 0.00272328 0.00602842 0.00216188 -0.0113768 -0.00621055 -0.00948087 -0.013147
internal_weight=154.402 93.9797 77.9229 64.1072 16.0568 60.4222 50.55 40.9686
internal_count=646 393 325 267 68 253 212 172
is_linear=0
shrinkage=0.03


Tree=70
num_leaves=9
num_cat=0
split_feature=8 38 14 22 2 17 40 7
split_gain=4.87589 5.36611 7.77155 4.86335 5.72001 4.98013 3.59794 1.70768
threshold=-0.017590971072264868 0.0093559764134423674 -10.97588642927303 0.74099074719868985 -0.01198991962561574 -2.0763154601934137 -0.034485947363535212 -0.010505547217812059
decision_type=2 2 2 2 2 2 2 2
left_child=1 2 -1 4 7 -6 -3 -2
right_child=3 6 -4 -5 5 -7 -8 -9
leaf_value=-0.018985760161857459 -0.0062297276695479162 0.0016627952277310138 0.015271344957785343 0.015621185890434786 0.01371276153285639 -0.006175260735893166 0.026721362979925702 -0.028917713228662871
leaf_weight=11.747198447585108 8.3718333542346972 11.081134453415872 8.2836216390132886 7.1384073942899695 11.018360733985899 75.134733572602272 11.412003517150877 10.548443108797072
leaf_count=49 35 46 34 30 46 314 47 46
internal_value=-0.00176323 0.00653989 -0.00403781 -0.00510055 -0.00691391 -0.00320816 0.0161326 -0.0211511
internal_weight=154.736 42.524 20.0308 112.212 105.073 86.1531 22.4931 18.9203
internal_count=647 176 83 471 441 360 93 81
is_linear=0
shrinkage=0.03


Tree=71
num_leaves=10
num_cat=0
split_feature=8 18 36 36 26 35 34 26 25
split_gain=4.63426 6.44356 5.46399 5.38044 4.62574 4.05907 2.45765 1.76662 1.59533
threshold=-0.017590971072264868 0.17620235687531974 0.0037179638870490444 0.0080213846019836638 0.019704911667637357 0.041078361526139202 -0.019056532167070758 0.2085622710622711 0.22853890451319139
decision_type=2 2 2 2 2 2 2 2 2
left_child=1 5 -2 4 -4 8 -5 -3 -1
right_child=2 7 3 6 -6 -7 -8 -9 -10
leaf_value=-0.019436540179532481 -0.026245573323082319 0.0059359295867341347 0.020174769924981718 -0.0024292635253355265 -0.0020592777324474473 0.011997682440911539 -0.029546536788708909 0.028371922212684045 0
leaf_weight=8.4577872008085304 8.0925580710172635 9.4316152334213275 7.3468355983495703 7.1599247455596924 82.610197752714157 7.776378482580184 6.9020058661699277 8.604034483432768 8.2014458775520307
leaf_count=35 35 39 30 32 342 32 32 36 34
internal_value=-0.00170162 0.00639474 -0.00495853 -0.00269707 0 -0.00319009 -0.0186948 0.0191516 -0.0116096
internal_weight=154.583 42.4713 112.112 104.019 89.957 24.4356 14.0619 18.0356 16.6592
internal_count=647 176 471 436 372 101 64 75 69
is_linear=0
shrinkage=0.03


Tree=72
num_leaves=9
num_cat=0
split_feature=5 20 11 35 11 11 26 18
split_gain=4.6276 5.18379 6.43421 8.90321 5.61413 3.86087 5.20376 2.12537
threshold=-0.073421242103307291 0.022144479167005297 0.0055955596184951171 0.039027212967684639 -0.0056251705627379791 0.081280326302733977 0.040202020202020211 0.12556681701294156
decision_type=2 2 2 2 2 2 2 2
left_child=7 2 4 -4 -2 6 -3 -1
right_child=1 5 3 -5 -6 -7 -8 -9
leaf_value=0 0.0026697475486139352 0.0074454631582988066 -0.0035413687251437012 0.028852172728340838 -0.019871904584932949 0.0069304775199386642 -0.015187728235777785 0.021292500976928211
leaf_weight=7.8410120755434063 25.990860402584076 8.6813167929649335 12.835806712508203 13.546378195285795 12.949003070592878 9.3421108573675138 54.806047916412354 8.4071362763643247
leaf_count=32 109 36 53 56 56 39 230 36
internal_value=-0.00166041 -0.00357435 0.0023569 0.0134242 -0.00506442 -0.00901545 -0.0117309 0.0123992
internal_weight=154.4 138.152 65.322 26.3822 38.9399 72.8295 63.4874 16.2481
internal_count=647 579 274 109 165 305 266 68
is_linear=0
shrinkage=0.03


Tree=73
num_leaves=7
num_cat=0
split_feature=23 36 14 16 36 18
split_gain=5.01552 5.08356 4.07471 5.09514 4.69885 3.84641
threshold=0.72857052070475714 0.0079925233203345814 56.451531223291347 -2.0529745264796193 0.0049597557690506501 0.40034064925640506
decision_type=2 2 2 2 2 2
left_child=-1 2 3 -2 -4 -3
right_child=1 5 4 -5 -6 -7
leaf_value=0.015350411089492125 -0.0046635124074106268 -0.0029135434390976734 0 0.0089533742567120909 -0.022514368576379999 -0.031022189413965898
leaf_weight=12.064880847930906 46.370582327246666 11.220872804522516 16.474053084850315 47.367522582411766 12.922549247741697 7.7973693162202826
leaf_count=50 192 48 69 197 54 37
internal_value=-0.00159214 -0.00332718 -0.000856416 0.00210396 -0.0103067 -0.0170069
internal_weight=154.218 142.153 123.135 93.7381 29.3966 19.0182
internal_count=647 597 512 389 123 85
is_linear=0
shrinkage=0.03


Tree=74
num_leaves=10
num_cat=0
split_feature=8 18 36 36 26 35 37 34 26
split_gain=4.40136 6.06224 5.24748 4.94843 4.2515 3.81282 4.16234 2.34056 1.72854
threshold=-0.017590971072264868 0.17620235687531974 0.0037179638870490444 0.0080213846019836638 0.019704911667637357 0.041078361526139202 -0.0086018101931820672 -0.019056532167070758 0.2085622710622711
decision_type=2 2 2 2 2 2 2 2 2
left_child=1 5 -2 4 -4 6 -1 -5 -3
right_child=2 8 3 7 -6 -7 -8 -9 -10
leaf_value=0.0019562200544198435 -0.025658848481531445 0.005687627182337983 0.019374818657272988 -0.0021009180036829821 -0.001932547317758229 0.011740925583661476 -0.024703877004332912 -0.028676104485920003 0.027847986464535342
leaf_weight=8.757508128881458 8.0369053333997709 9.4101540744304675 7.3524251878261557 7.0878262668848038 82.528588265180588 7.7661513090133658 7.8656819015741357 6.7496332377195341 8.564504459500311
leaf_count=36 35 39 30 32 342 32 33 32 36
internal_value=-0.00156037 0.00633586 -0.00474428 -0.00252701 3.09753e-05 -0.00295623 -0.0111515 -0.0179952 0.0187286
internal_weight=154.119 42.364 111.755 103.718 89.881 24.3893 16.6232 13.8375 17.9747
internal_count=647 176 471 436 372 101 69 64 75
is_linear=0
shrinkage=0.03


Tree=75
num_leaves=9
num_cat=0
split_feature=11 3 11 0 7 11 37 32
split_gain=3.69046 5.68806 5.33951 5.61809 8.20784 5.23774 6.11953 1.49055
threshold=-0.01444295279865576 0.029379528936451352 -0.0047238851980861965 0.02176475771117781 -0.010070195280630747 -0.023973007295740086 -0.0051777922061011497 0.0030103211163819981
decision_type=2 2 2 2 2 2 2 2
left_child=1 5 7 4 -4 6 -1 -2
right_child=2 -3 3 -5 -6 -7 -8 -9
leaf_value=0.011341539922313251 0.027790753493503812 0.010836997071760149 0.0098006577702593693 0.019546221278923356 -0.0091875030879128884 -0.028792194756581044 -0.016024537513513577 0.0046265085869473333
leaf_weight=10.995771899819372 7.2229087054729444 10.256524264812468 29.835692971944809 10.170266926288603 54.239234745502472 10.268544286489488 14.352022156119345 7.2972614616155624
leaf_count=46 30 43 124 42 229 44 62 30
internal_value=0.000175339 -0.00668554 0.00327287 0.000344904 -0.00220375 -0.0124382 -0.00364349 0.0190268
internal_weight=154.638 45.8729 108.765 94.2452 84.0749 35.6163 25.3478 14.5202
internal_count=650 195 455 395 353 152 108 60
is_linear=0
shrinkage=0.03


Tree=76
num_leaves=10
num_cat=0
split_feature=11 35 11 35 7 19 7 36 12
split_gain=3.52 5.54743 5.08863 5.0787 7.82622 3.69706 3.65452 3.38921 2.86151
threshold=-0.01444295279865576 -0.013830724059302966 -0.0047238851980861965 -0.010530900344071279 -0.0049104468723040699 0.091986819795617444 -0.0032841553822919004 0.0078367398957515672 49.602701246729261
decision_type=2 2 2 2 2 2 2 2 2
left_child=1 7 8 5 -5 -4 -3 -1 -2
right_child=2 6 3 4 -6 -7 -8 -9 -10
leaf_value=0.012228820226441468 0.029759939937081453 -0.027701901565935348 -0.028122098413378965 0.015503725865203618 -0.0033476574089745651 0 -0.0014851276324594756 -0.0082693865150806605 0.0015896224788308757
leaf_weight=13.751168742775919 7.3297873884439451 11.158844187855722 6.7338759154081327 28.991361260414124 51.264191970229149 7.1915426850318909 9.9270242005586606 10.912580177187918 7.2043834775686264
leaf_count=57 30 48 30 120 215 30 42 48 30
internal_value=0.000187189 -0.0065215 0.00321264 0.000347284 0.00349121 -0.014993 -0.017207 0.00265676 0.0185849
internal_weight=154.465 45.7496 108.715 94.181 80.2556 13.9254 21.0859 24.6637 14.5342
internal_count=650 195 455 395 335 60 90 105 60
is_linear=0
shrinkage=0.03


Tree=77
num_leaves=10
num_cat=0
split_feature=1 1 26 2 0 25 0 24 21
split_gain=3.24221 4.97604 4.81878 3.91228 3.78356 2.82818 2.20228 2.08605 1.44151
threshold=-0.017376925427323549 -0.007784530745503059 0.10457963089542038 -0.045291647561358166 0.02176475771117781 0.30816714150047492 -0.0032693544720716612 -0.10403138528138527 0.01860582812871164
decision_type=2 2 2 2 2 2 2 2 2
left_child=3 7 6 -1 -4 8 -3 -2 -5
right_child=1 2 4 5 -6 -7 -8 -9 -10
leaf_value=0.0071082461347771507 0.021956429438510942 -0.023817488065968933 0.00020578520630424441 -0.028870234741958718 0.018776633962828651 0 -0.0037912940466744921 0.0022708799131124125 -0.0057055046205558612
leaf_weight=8.7405059039592725 12.656792998313906 7.1035069823265102 62.795912370085716 8.380157873034479 10.135124906897543 8.031915679574011 18.399189025163651 10.828779384493826 7.2634211778640738
leaf_count=36 53 31 265 36 42 34 77 45 31
internal_value=0.000173215 0.00252561 -0.000378072 -0.00787112 0.00341902 -0.0141083 -0.0112412 0.0143588 -0.0208308
internal_weight=154.335 121.919 98.4337 32.416 72.931 23.6755 25.5027 23.4856 15.6436
internal_count=650 513 415 137 307 101 108 98 67
is_linear=0
shrinkage=0.03


Tree=78
num_leaves=8
num_cat=0
split_feature=16 23 34 38 22 3 33
split_gain=3.3564 3.87058 3.89946 5.13295 3.99245 3.0639 2.34467
threshold=-19.651994821450334 0.75921566238250515 1.0000000180025095e-35 0.0085545268139082704 0.74099074719868985 0.00050583255381730929 0.1997942386831276
decision_type=2 2 2 2 2 2 2
left_child=6 5 3 -3 -4 -2 -1
right_child=1 2 4 -5 -6 -7 -8
leaf_value=0 0.020609302292343947 -0.0077103761833883198 -0.010067471011551107 0.011729167865317245 0.01037261213242362 -0.00082506692240404882 0.022084975804414354
leaf_weight=7.3239499926567069 9.879558667540552 19.009012520313263 67.132798179984093 26.088713616132736 7.4726928621530524 9.2984129488468152 8.0581358075141889
leaf_count=30 41 82 284 109 31 39 34
internal_value=0.000164345 -0.00127596 -0.00341212 0.00323731 -0.00760697 0.0104121 0.012682
internal_weight=154.263 138.881 119.703 45.0977 74.6055 19.178 15.3821
internal_count=650 586 506 191 315 80 64
is_linear=0
shrinkage=0.03


Tree=79
num_leaves=7
num_cat=0
split_feature=16 9 35 35 17 40
split_gain=3.19278 4.5203 3.78629 3.13448 2.58522 2.22527
threshold=-19.651994821450334 -0.052815994498567102 -0.037469770689070529 -0.0098583106455546448 -0.74727750000213422 -0.027404487536900942
decision_type=2 2 2 2 2 2
left_child=5 4 -3 -4 -2 -1
right_child=1 2 3 -5 -6 -7
leaf_value=0 -0.025618268763176976 0.015396924871422383 -0.012711430320105197 0.0010545866315900161 -0.0015383662699179563 0.021980456106166293
leaf_weight=7.6844728887081146 7.9025065004825619 12.285037860274313 15.426443964242933 93.490275621414185 9.6577612012624723 7.6654668599367124
leaf_count=32 34 53 66 392 41 32
internal_value=0.000176961 -0.00122537 0.000804643 -0.000953979 -0.0146531 0.0123984
internal_weight=154.112 138.762 121.202 108.917 17.5603 15.3499
internal_count=650 586 511 458 75 64
is_linear=0
shrinkage=0.03


Tree=80
num_leaves=5
num_cat=0
split_feature=23 12 18 7
split_gain=5.65196 6.97486 4.19406 5.12577
threshold=1.427252391699491 77.098857117998378 0.93695357435040461 0.015608753862482229
decision_type=2 2 2 2
left_child=1 2 3 -1
right_child=-2 -3 -4 -5
leaf_value=0.0015493517533663622 -0.022518274862029571 0.02689478869822012 0.017206569077365286 -0.012755520456076024
leaf_weight=98.97983792424202 7.1407572478055945 7.3157308250665656 9.7493389844894391 26.683278515934944
leaf_count=419 30 30 40 113
internal_value=0.000246657 0.00178468 0 -0.00152289
internal_weight=149.869 142.728 135.412 125.663
internal_count=632 602 572 532
is_linear=0
shrinkage=0.03


Tree=81
num_leaves=8
num_cat=0
split_feature=23 14 34 28 19 32 16
split_gain=5.40226 6.00566 5.01051 4.96481 7.67387 4.91839 4.54087
threshold=1.427252391699491 23.033664601121249 0.033671953777037585 9.5000000000000018 0.066554661278711305 0.006569698981099604 6.4638044005030233
decision_type=2 2 2 2 2 2 2
left_child=1 3 6 4 -1 -5 -3
right_child=-2 2 -4 5 -6 -7 -8
leaf_value=0.01123597953375445 -0.022031820424229218 0.0042606470112866472 -0.010092461452045546 0.014557900156179594 -0.013369418260192967 -0.0082523890930952838 0.024739009961550342
leaf_weight=12.509400963783262 7.1238837093114844 25.155181810259819 7.2276191413402548 21.199073120951653 47.532190635800362 10.914644703269003 18.147678717970848
leaf_count=52 30 105 31 89 204 46 75
internal_value=0.000243403 0.00174839 0.00991811 -0.00268743 -0.00780427 0.00633625 0.0138873
internal_weight=149.81 142.686 50.5305 92.1553 60.0416 32.1137 43.3029
internal_count=632 602 211 391 256 135 180
is_linear=0
shrinkage=0.03


Tree=82
num_leaves=6
num_cat=0
split_feature=23 18 23 15 3
split_gain=5.16113 5.19813 4.69554 4.94644 2.6314
threshold=1.427252391699491 0.93695357435040461 0.75921566238250515 41.523222115127318 0.00050583255381730929
decision_type=2 2 2 2 2
left_child=1 2 4 -4 -1
right_child=-2 -3 3 -5 -6
leaf_value=0.022628604627831249 -0.021558960386909347 0.018946409308549642 -0.0062765445935452444 0.0078985801256453003 0
leaf_weight=9.394179433584215 7.1058691293001166 12.204379916191099 83.958741024136543 27.263479053974152 9.7941628247499448
leaf_count=39 30 50 357 115 41
internal_value=0.000233505 0.00170619 -5.57459e-05 -0.00259122 0.0127902
internal_weight=149.721 142.615 130.411 111.222 19.1883
internal_count=632 602 552 472 80
is_linear=0
shrinkage=0.03


Tree=83
num_leaves=5
num_cat=0
split_feature=23 12 18 18
split_gain=4.93823 6.33394 3.68587 4.39257
threshold=1.427252391699491 77.098857117998378 0.93695357435040461 0.66264118538578209
decision_type=2 2 2 2
left_child=1 2 3 -1
right_child=-2 -3 -4 -5
leaf_value=0.0018774646506884351 -0.021099069567614589 0.025669785605896372 0.016119486831057416 -0.010380581914534724
leaf_weight=91.414728581905365 7.0868134796619406 7.2699816673994055 9.7402250617742521 34.107059791684151
leaf_count=387 30 30 40 145
internal_value=0.000237781 0.00167973 0 -0.00144626
internal_weight=149.619 142.532 135.262 125.522
internal_count=632 602 572 532
is_linear=0
shrinkage=0.03


Tree=84
num_leaves=6
num_cat=0
split_feature=23 8 23 38 3
split_gain=4.72263 5.30949 3.3052 4.04129 3.45517
threshold=1.427252391699491 0.06382162871332224 0.75921566238250515 0.013724200009663528 0.00050583255381730929
decision_type=2 2 2 2 2
left_child=1 2 4 -4 -1
right_child=-2 -3 3 -5 -6
leaf_value=0.022078679188337134 -0.020651562673361913 0.019872927250431303 -0.00025855646914336419 -0.0204458471129812 -0.0011200516584552753
leaf_weight=9.374106630682947 7.0668107569217673 11.090955004096029 104.98693716526031 7.9426024109125128 9.066949710249899
leaf_count=39 30 46 445 34 38
internal_value=0.000235562 0.00164707 -5.41154e-05 -0.00213998 0.0109451
internal_weight=149.528 142.462 131.371 112.93 18.4411
internal_count=632 602 556 479 77
is_linear=0
shrinkage=0.03


end of trees

feature_importances:
macro_usdjpy_vol_20=40
ma_20_60_cross=38
vol_ratio=33
macd=29
macd_signal=27
macro_usdjpy_ret_60=27
return_10d=26
macd_hist=26
volatility=25
macro_usdjpy_ret_20=25
return_20d=24
macro_topix_vol_20=24
macro_topix_ret_20=23
return_1d=21
return_2d=19
bb_bandwidth=19
atr_pct=19
div_ma_20=18
bb_pct_b=18
month=17
price_position_20d=15
return_5d=14
div_ma_10=14
return_3d=12
div_ma_60=12
lower_shadow_pct=12
rsi=11
macd_hist_change=11
vol_change=9
day_of_week=9
div_ma_5=8
candle_body_pct=8
gap=8
macro_nikkei_ret_20=8
upper_shadow_pct=7
rsi_change=5
ma_5_20_cross=4
streak=4
macro_topix_above_200dma=2

parameters:
[boosting: gbdt]
[objective: binary]
[metric: binary_logloss]
[tree_learner: serial]
[device_type: cpu]
[data_sample_strategy: bagging]
[data: ]
[valid: ]
[num_iterations: 500]
[learning_rate: 0.03]
[num_leaves: 15]
[num_threads: 0]
[seed: 42]
[deterministic: 0]
[force_col_wise: 0]
[force_row_wise: 0]
[histogram_pool_size: -1]
[max_depth: 4]
[min_data_in_leaf: 30]
[min_sum_hessian_in_leaf: 0.001]
[bagging_fraction: 0.7]
[pos_bagging_fraction: 1]
[neg_bagging_fraction: 1]
[bagging_freq: 5]
[bagging_seed: 400]
[bagging_by_query: 0]
[feature_fraction: 0.6]
[feature_fraction_bynode: 1]
[feature_fraction_seed: 30056]
[extra_trees: 0]
[extra_seed: 12879]
[early_stopping_round: 0]
[early_stopping_min_delta: 0]
[first_metric_only: 0]
[max_delta_step: 0]
[lambda_l1: 0.5]
[lambda_l2: 2]
[linear_lambda: 0]
[min_gain_to_split: 0]
[drop_rate: 0.1]
[max_drop: 50]
[skip_drop: 0.5]
[xgboost_dart_mode: 0]
[uniform_drop: 0]
[drop_seed: 17869]
[top_rate: 0.2]
[other_rate: 0.1]
[min_data_per_group: 100]
[max_cat_threshold: 32]
[cat_l2: 10]
[cat_smooth: 10]
[max_cat_to_onehot: 4]
[top_k: 20]
[monotone_constraints: ]
[monotone_constraints_method: basic]
[monotone_penalty: 0]
[feature_contri: ]
[forcedsplits_filename: ]
[refit_decay_rate: 0.9]
[cegb_tradeoff: 1]
[cegb_penalty_split: 0]
[cegb_penalty_feature_lazy: ]
[cegb_penalty_feature_coupled: ]
[path_smooth: 0]
[interaction_constraints: ]
[verbosity: -1]
[saved_feature_importance_type: 0]
[use_quantized_grad: 0]
[num_grad_quant_bins: 4]
[quant_train_renew_leaf: 0]
[stochastic_rounding: 1]
[linear_tree: 0]
[max_bin: 255]
[max_bin_by_feature: ]
[min_data_in_bin: 5]
[bin_construct_sample_cnt: 200000]
[data_random_seed: 175]
[is_enable_sparse: 1]
[enable_bundle: 1]
[use_missing: 1]
[zero_as_missing: 0]
[feature_pre_filter: 1]
[pre_partition: 0]
[two_round: 0]
[header: 0]
[label_column: ]
[weight_column: ]
[group_column: ]
[ignore_column: ]
[categorical_feature: ]
[forcedbins_filename: ]
[precise_float_parser: 0]
[parser_config_file: ]
[objective_seed: 16083]
[num_class: 1]
[is_unbalance: 0]
[scale_pos_weight: 1]
[sigmoid: 1]
[boost_from_average: 1]
[reg_sqrt: 0]
[alpha: 0.9]
[fair_c: 1]
[poisson_max_delta_step: 0.7]
[tweedie_variance_power: 1.5]
[lambdarank_truncation_level: 30]
[lambdarank_norm: 1]
[label_gain: ]
[lambdarank_position_bias_regularization: 0]
[eval_at: ]
[multi_error_top_k: 1]
[auc_mu_weights: ]
[num_machines: 1]
[local_listen_port: 12400]
[time_out: 120]
[machine_list_filename: ]
[machines: ]
[gpu_platform_id: -1]
[gpu_device_id: -1]
[gpu_use_dp: 0]
[num_gpu: 1]

end of parameters

pandas_categorical:[]
