tree
version=v4
num_class=1
num_tree_per_iteration=1
label_index=0
max_feature_idx=44
objective=binary sigmoid:1
feature_names=return_1d return_2d return_3d return_5d return_10d return_20d div_ma_5 div_ma_10 div_ma_20 div_ma_60 ma_5_20_cross ma_20_60_cross rsi rsi_change macd macd_signal macd_hist macd_hist_change bb_pct_b bb_bandwidth atr_pct volatility vol_change vol_ratio candle_body_pct upper_shadow_pct lower_shadow_pct day_of_week month is_month_end is_month_start streak gap price_position_20d macro_usdjpy_ret_20 macro_usdjpy_ret_60 macro_usdjpy_vol_20 macro_topix_ret_20 macro_topix_vol_20 macro_topix_above_200dma macro_nikkei_ret_20 macro_nikkei_above_200dma macro_nikkei_vi macro_jgb10y macro_bias_score
feature_infos=[-0.15695067264573992:0.17073587160662451] [-0.21190526095158246:0.18446160835983649] [-0.2397897290739992:0.20212201591511936] [-0.23110592354829296:0.2873283504258648] [-0.32740005836008168:0.33006881948120692] [-0.40543959519291584:0.53331842576028632] [-0.16858305324606404:0.12832720190434971] [-0.22902272096176149:0.21028892665707935] [-0.29864485501907273:0.27941125660781535] [-0.41306794277412445:0.40613485486854989] [-0.19058880897232722:0.17508408993196944] [-0.22903081981831352:0.23523233042549396] [11.386138613861391:93.882352941176464] [-25.182635504533565:35.891993764806372] [-5099.6009670768399:5215.9073731333629] [-4404.3536375832327:4459.0217067180138] [-1988.1756047945346:1227.3955900676447] [-521.25302541706333:419.38777915496746] [-0.2732851888827062:1.3915914456882568] [0.051386985629926635:0.68799164660566792] [0.020159626360381482:0.093939969604863227] [0.014922797528912396:0.066512303692305819] [-0.6299026835741669:4.6024992561737577] [0.56144416205710868:1.9381791602371476] [-1:1] [0:0.93150684931506844] [0:1] [0:4] [1:12] none [0:1] [-8:10] [-0.16772209155056994:0.18427518427518419] [0:1] [-0.10288784967882303:0.08505611680078462] [-0.13986255140503889:0.1344631365590534] [0.0024251968629527628:0.011841457708833433] [-0.22586490939044479:0.19897850606512013] [0.0040695656522785678:0.036437277456277402] [0:1] [-0.22859537662338159:0.23022297972565586] [0:1] none none none
tree_sizes=1256 1304 1196 890 1093 1308 1206 1393 1095 1103 998 1205 1099 1172 1099 1176 1201 984 1102 1203 1395 1099 1091 984 1280 978 1313 1193 1214 1417 1205 1207 1069 996 1094 988 891 989 787 993 785 992 887 893 893 994 1203 890 1103 1287

Tree=0
num_leaves=11
num_cat=0
split_feature=15 28 1 36 14 9 16 16 28 16
split_gain=11.6186 12.9313 11.3363 10.7872 8.63751 9.70239 14.5632 5.21429 3.11747 3.00545
threshold=194.38150948267295 7.5000000000000009 -0.017204807309104838 0.0045834287078394802 -2078.956532986705 0.022100373217217657 48.790545512191386 256.37152604884733 5.5000000000000009 -131.21928431850026
decision_type=2 2 2 2 2 2 2 2 2 2
left_child=4 3 -3 -2 -1 8 -7 -5 -6 -4
right_child=1 2 9 7 5 6 -8 -9 -10 -11
leaf_value=0.11184737169555831 0.10213966790505354 0.12284557550224084 0.10975956580286553 0.13609430606865103 0.16234456433308603 0.09345764178738937 0.14245802735309895 0.11278898950974819 0.13681627848400291 0.081106469803282913
leaf_weight=13.451646208763121 13.451646208763121 12.704332530498503 8.4695550203323364 35.372847437858582 9.2168686985969561 8.2204504609107989 9.7150778174400312 8.9677641391754133 21.67209666967392 14.44806444644928
leaf_count=54 54 51 34 142 37 33 39 36 87 58
internal_value=0.121607 0.115053 0.101276 0.12363 0.131516 0.137331 0.119839 0.130956 0.147011 0.0894348
internal_weight=155.69 93.4142 35.622 57.7923 62.2761 48.8245 17.9355 44.3406 30.889 22.9176
internal_count=625 375 143 232 250 196 72 178 124 92
is_linear=0
shrinkage=1


Tree=1
num_leaves=11
num_cat=0
split_feature=9 28 3 20 17 20 16 38 38 23
split_gain=10.9019 10.8815 9.68326 9.78273 9.53582 6.21656 9.85214 5.90076 5.57892 2.1429
threshold=0.022100373217217657 7.5000000000000009 0.10413295422156434 0.034271045797789619 -39.34455134239635 0.035748825342043641 55.508490217694693 0.013174673246516774 0.0090280601714333112 1.1362825528790295
decision_type=2 2 2 2 2 2 2 2 2 2
left_child=4 2 3 -2 -1 6 -3 9 -7 -6
right_child=1 5 -4 -5 7 8 -8 -9 -10 -11
leaf_value=-0.0087769024840163874 -0.0045809847871834198 -0.040953060316803527 -0.023386203279868491 0.020068868114974606 0.033022906710884141 0.013297040716282023 -0.00023528078227079608 0.00019463312699889883 -0.014222407451819475 0.0079423386990492267
leaf_weight=11.454627990722654 23.65856622159481 12.467920437455179 7.4734296202659598 30.377476677298546 19.152865678071979 9.2204618901014346 9.7173543721437436 10.953503072261809 13.710686832666395 7.4666031748056403
leaf_count=46 95 50 30 122 77 37 39 44 55 30
internal_value=0.00170837 -0.00357941 0.00441966 0.00923045 0.0131918 -0.014528 -0.0252328 0.0203734 -0.00237634 0.0275587
internal_weight=155.653 106.626 61.5095 54.036 49.0276 45.1164 22.1853 37.573 22.9311 26.6195
internal_count=625 428 247 217 197 181 89 151 92 107
is_linear=0
shrinkage=0.03


Tree=2
num_leaves=10
num_cat=0
split_feature=15 28 36 33 15 11 14 11 22
split_gain=10.7912 11.6628 10.1363 10.0624 12.5721 9.20542 8.19008 6.35941 5.97515
threshold=194.38150948267295 7.5000000000000009 0.0045834287078394802 0.75342129792657953 543.18585619379598 0.052441380641446107 -2078.956532986705 0.036838488298358681 0.3038859257022915
decision_type=2 2 2 2 2 2 2 2 2
left_child=6 2 -2 4 -3 -4 -1 8 -8
right_child=1 3 5 -5 -6 -7 7 -9 -10
leaf_value=-0.0079139451610868768 -0.017325031416371074 -0.030797189471341802 -0.0097047642569809116 -0.037001388857763308 0.011587589090804668 0.018882537854165715 0.027083524188122873 -0.0045180778651582156 -0.0002216226967565083
leaf_weight=13.453275069594381 13.461301788687704 7.981066599488261 12.197018027305601 12.980011716485022 14.70792034268379 32.087293282151222 32.564009755849838 8.4599290788173658 7.7110792547464362
leaf_count=54 54 32 49 52 59 129 131 34 31
internal_value=0.0016456 -0.00466446 0.00348157 -0.0177352 -0.00400115 0.0106057 0.0112078 0.0168859 0.0217377
internal_weight=155.603 93.4146 57.7456 35.669 22.689 44.2843 62.1883 48.735 40.2751
internal_count=625 375 232 143 91 178 250 196 162
is_linear=0
shrinkage=0.03


Tree=3
num_leaves=7
num_cat=0
split_feature=9 14 23 20 36 38
split_gain=10.1101 9.91848 10.9057 9.14714 9.9425 7.22128
threshold=0.022100373217217657 -2078.956532986705 1.0605354223650381 0.026891509459608238 0.0037357669776730451 0.0069205199773228164
decision_type=2 2 2 2 2 2
left_child=1 -1 -3 -2 -5 -6
right_child=3 2 -4 4 5 -7
leaf_value=-0.0077042131037203506 -0.026425823797786525 0.032676911599454801 -0.00010232266955852146 -0.025815968010923909 0.018993748698867403 -0.0012153352803668841
leaf_weight=13.459283053874968 11.71737965941429 22.313465237617493 13.167436838150023 9.9810920357704145 18.405481442809105 66.483867928385735
leaf_count=54 47 90 53 40 74 267
internal_value=0.00156407 0.012639 0.0207556 -0.00352204 -5.11793e-05 0.00333005
internal_weight=155.528 48.9402 35.4809 106.588 94.8704 84.8893
internal_count=625 197 143 428 381 341
is_linear=0
shrinkage=0.03


Tree=4
num_leaves=9
num_cat=0
split_feature=9 21 21 21 36 14 0 11
split_gain=9.56733 14.0012 13.8266 10.0893 11.7925 6.97997 4.71415 2.07357
threshold=0.022100373217217657 0.037043838657681835 0.019307022223948814 0.039400367842918969 0.0037357669776730451 -2078.956532986705 -0.021171794079459846 0.016962242825827704
decision_type=2 2 2 2 2 2 2 2
left_child=1 6 -2 4 -4 -3 -1 -8
right_child=2 5 3 -5 -6 -7 7 -9
leaf_value=0.0012565087985081424 -0.031896535369743323 -0.022932531182647233 -0.0235887707929987 -0.02257599318140904 0.0088972255668124632 0.009731458043813309 0.038204709582305797 0.011038331306096142
leaf_weight=7.4559597373008755 11.476562425494192 9.7258109003305453 9.4900264739990217 12.455627202987669 73.165272012352943 9.4118852168321592 14.601867631077768 7.6793781816959372
leaf_count=30 46 39 38 50 294 38 59 31
internal_value=0.00150301 0.0122879 -0.00343943 0.000426076 0.004521 -0.00675799 0.0246712 0.0311398
internal_weight=155.462 48.8749 106.587 95.1109 82.6553 19.1377 29.7372 22.2812
internal_count=625 197 428 382 332 77 120 90
is_linear=0
shrinkage=0.03


Tree=5
num_leaves=11
num_cat=0
split_feature=21 20 23 28 35 40 21 16 23 2
split_gain=11.4237 15.9984 10.471 10.7093 8.6189 6.57617 5.17464 6.09353 4.91746 2.81961
threshold=0.037816832858682238 0.036467419336227824 1.0453486891454722 5.5000000000000009 0.027029737182413863 -0.034933212424947506 0.044351591633221159 275.57019368162793 0.81267406917044205 0.039356277706054106
decision_type=2 2 2 2 2 2 2 2 2 2
left_child=1 2 3 -1 -4 -3 8 -8 -2 -7
right_child=6 5 4 -5 -6 9 7 -9 -10 -11
leaf_value=0.022447881866368022 -0.0020171882298092303 -0.0045158772088516727 0.0023528017062874871 -0.0060642385826983657 -0.029392835960904997 0.027651922561000616 0.013979381613446402 -0.018733730012529849 -0.033661362671656911 0.0038211909070178826
leaf_weight=16.138845697045326 7.9507840275764492 7.9589784741401663 10.431538805365564 31.35629865527153 18.93067954480648 27.06746344268322 8.7152054756879824 7.7047195583581916 13.953863829374312 7.9433905482292166
leaf_count=65 32 32 42 126 76 109 35 31 56 32
internal_value=-0.00108264 0.00341244 -0.00464212 0.0038367 -0.0182054 0.0177184 -0.0149813 -0.000923655 -0.0239326 0.0231491
internal_weight=158.152 119.827 76.8574 47.4951 29.3622 42.9698 38.3246 16.4199 21.9046 35.0109
internal_count=636 482 309 191 118 173 154 66 88 141
is_linear=0
shrinkage=0.03


Tree=6
num_leaves=10
num_cat=0
split_feature=38 5 14 11 16 20 21 9 37
split_gain=11.3902 11.2933 7.64537 21.0881 7.36762 10.8762 2.47029 4.25961 0.204271
threshold=0.0071143805668462496 0.069130830524258072 -2078.956532986705 -0.0023812869185376169 164.24867478465941 0.033901693819472535 0.033347352149118381 0.044172431601477165 0.037115476363789431
decision_type=2 2 2 2 2 2 2 2 2
left_child=6 2 -2 -4 5 -3 7 -1 -6
right_child=1 4 3 -5 8 -7 -8 -9 -10
leaf_value=0.022235690740020613 -0.014919430593337564 -0.024038477940101801 0.035483568613156123 -0.0027919053304207432 -0.036083751962022348 0.0068893288616459908 0.029897796096326045 -0.0046081383066109262 -0.016136657197290544
leaf_weight=7.4086965322494569 14.714978650212286 14.96147935092449 15.806147366762159 44.53496141731739 9.2329797893762606 23.113842204213142 7.6870935857295981 9.446523576974867 11.208601728081701
leaf_count=30 59 60 64 179 37 93 31 38 45
internal_value=-0.00105905 -0.00465177 0.00288785 0.00781033 -0.0143461 -0.00548244 0.0168065 0.00750252 -0.0282275
internal_weight=158.115 133.573 75.0561 60.3411 58.5169 38.0753 24.5423 16.8552 20.4416
internal_count=636 537 302 243 235 153 99 68 82
is_linear=0
shrinkage=0.03


Tree=7
num_leaves=12
num_cat=0
split_feature=28 36 15 36 40 9 6 37 0 17 16
split_gain=8.60953 16.4303 13.558 17.5019 11.9362 15.2871 8.18083 6.00303 5.38919 5.30333 5.1089
threshold=7.5000000000000009 0.0071638962918784792 263.91515444439761 0.0075745090968123889 0.021619436998289724 0.26459240925029975 -0.01416160256656015 0.016216918756090663 0.0039591108609956524 11.488610999155897 -172.02336298888005
decision_type=2 2 2 2 2 2 2 2 2 2 2
left_child=1 4 3 8 10 -6 -4 -8 -2 -3 -1
right_child=2 9 6 -5 5 -7 7 -9 -10 -11 -12
leaf_value=-0.00073646780371641328 0.030420996598619396 0.035636397743497916 0 -0.021918011540462898 0.020247199134495682 -0.021407874051768711 -0.0094841165214881104 -0.04385696605104069 0.0015824653548925044 0.0062905053227266189 -0.029050164109029258
leaf_weight=10.69616347551346 12.865046694874765 14.310240656137468 11.456680059432982 13.209723070263861 24.320866733789444 9.2157081961631757 10.47898815572262 12.989850923418997 11.901417672634123 12.146372541785238 14.453027725219725
leaf_count=43 52 58 46 53 98 37 42 52 48 49 58
internal_value=-0.00103168 0.00528712 -0.00855584 0.00352313 -0.00345211 0.00781784 -0.0215755 -0.0310482 0.0182769 0.0240797 -0.018502
internal_weight=158.044 85.1424 72.9017 37.9762 58.6858 33.5366 34.9255 23.4688 24.7665 26.4566 25.1492
internal_count=636 343 293 153 236 135 140 94 100 107 101
is_linear=0
shrinkage=0.03


Tree=8
num_leaves=9
num_cat=0
split_feature=38 5 28 18 13 10 6 23
split_gain=10.4883 10.4577 9.15864 8.47972 10.7936 8.38943 3.7495 3.19018
threshold=0.0071143805668462496 0.069130830524258072 3.5000000000000004 0.087796307369354495 3.5686309324542944 0.021516315052680705 0.025351131968303086 0.93858127001418257
decision_type=2 2 2 2 2 2 2 2
left_child=7 3 6 -2 -5 -4 -3 -1
right_child=1 2 5 4 -6 -7 -8 -9
leaf_value=0.026806245327030496 -0.018000899744098756 0.015455111019958319 0.0029105425763794063 0.016504699113186441 -0.0084611943792792365 -0.027999709717885995 -0.0094061781332233693 0.0036541390006778278
leaf_weight=11.323540285229685 12.185766637325285 9.4231657385826129 8.7043600380420667 40.669617429375648 22.108458995819092 32.409994602203369 7.9742097705602637 13.141856029629706
leaf_count=46 49 38 35 164 89 130 32 53
internal_value=-0.0010141 -0.00446339 -0.0137922 0.0027923 0.00749116 -0.0212763 0.00349156 0.0161526
internal_weight=157.941 133.476 58.5117 74.9638 62.7781 41.1144 17.3974 24.4654
internal_count=636 537 235 302 253 165 70 99
is_linear=0
shrinkage=0.03


Tree=9
num_leaves=9
num_cat=0
split_feature=7 21 20 40 25 2 1 7
split_gain=10.7608 9.67691 13.3418 10.2874 9.99534 7.21929 4.23586 1.01851
threshold=0.086825898799824511 0.037816832858682238 0.036467419336227824 0.022014964663940265 0.18738946153095321 -0.028594891259921037 -0.0099150479085475234 -0.0064978853372701642
decision_type=2 2 2 2 2 2 2 2
left_child=1 2 3 -1 7 -4 -6 -3
right_child=-2 4 5 -5 6 -7 -8 -9
leaf_value=-0.013336858952913236 -0.026698378960129377 -0.035858367527404074 0.00099324921523704138 0.0089275479099093537 0.016603914718781004 0.027945494507417106 -0.009157627963068465 -0.011438447688941936
leaf_weight=35.327562153339386 11.466214016079901 8.7150918096303958 15.123937994241713 34.932768180966377 8.6945943385362643 25.963193386793137 9.9391343146562559 7.715149223804473
leaf_count=142 46 35 61 141 35 105 40 31
internal_value=-0.000977621 0.00126827 0.00569347 -0.00211891 -0.0119284 0.0188793 0.00258014 -0.027691
internal_weight=157.878 146.411 111.347 70.2603 35.064 41.0871 18.6337 16.4302
internal_count=636 590 449 283 141 166 75 66
is_linear=0
shrinkage=0.03


Tree=10
num_leaves=8
num_cat=0
split_feature=21 9 21 3 28 21 16
split_gain=11.9091 13.4634 14.0159 8.95798 6.08571 4.88893 2.84259
threshold=0.037043838657681835 0.022100373217217657 0.018519369501544692 -0.062941327469693206 7.5000000000000009 0.048782855013203646 -78.524579167628772
decision_type=2 2 2 2 2 2 2
left_child=1 3 -3 -1 -4 6 -2
right_child=5 2 4 -5 -6 -7 -8
leaf_value=-0.0053927249623638629 -0.0085681445016278085 -0.029533740041366087 0.0093540105778436213 0.029719361026585525 -0.0076943868191978381 0.0010408962880954283 -0.030740024304082125
leaf_weight=7.4360583573579815 14.166768059134483 12.721858635544775 44.41168387234211 21.088143467903137 29.132655620574951 9.9458458572626096 14.684952348470688
leaf_count=30 57 51 179 86 117 40 59
internal_value=-0.00166404 0.00312591 -0.00272135 0.0203209 0.00237726 -0.0156622 -0.0216006
internal_weight=153.588 114.79 86.2662 28.5242 73.5443 38.7976 28.8517
internal_count=619 463 347 116 296 156 116
is_linear=0
shrinkage=0.03


Tree=11
num_leaves=10
num_cat=0
split_feature=21 11 28 12 3 23 21 23 32
split_gain=11.2609 11.8342 10.2961 9.19319 8.19686 5.06218 4.64865 7.9612 1.13909
threshold=0.037043838657681835 0.004664074132067376 7.5000000000000009 43.082191624521577 0.085202604077341274 1.0176172239498777 0.048782855013203646 0.81267406917044205 -0.0060128189667884571
decision_type=2 2 2 2 2 2 2 2 2
left_child=1 5 4 -4 -3 -1 7 -2 -9
right_child=6 2 3 -5 -6 -7 -8 8 -10
leaf_value=0.031906632742186317 0.00034895023844118119 0.011570984868990043 0.010365326573971396 -0.022305873400188907 -0.017042587056700965 0.0033371041937726269 0.0010149456382977119 -0.012717951599150911 -0.038127048901341831
leaf_weight=13.468238160014154 9.4222952872514742 44.587584659457207 8.4460122287273389 27.642618402838707 8.9679436832666379 11.575548514723776 9.9452846199274045 7.4785522520542171 11.970702201128004
leaf_count=55 38 180 34 111 36 47 40 30 48
internal_value=-0.00163367 0.00302565 -0.00202725 -0.0141231 0.00606856 0.0204795 -0.0152413 -0.0210298 -0.031153
internal_weight=153.505 114.688 89.6442 36.0886 53.5555 25.0438 38.8168 28.8715 19.4493
internal_count=619 463 361 145 216 102 156 116 78
is_linear=0
shrinkage=0.03


Tree=12
num_leaves=9
num_cat=0
split_feature=21 9 21 3 40 21 23 23
split_gain=10.6867 12.3513 13.3627 8.5133 7.14722 4.42792 7.58666 2.77543
threshold=0.037043838657681835 0.022100373217217657 0.018519369501544692 -0.062941327469693206 0.028723253190595991 0.048782855013203646 0.81267406917044205 1.0676455028539704
decision_type=2 2 2 2 2 2 2 2
left_child=1 3 -3 -1 -4 6 -2 -5
right_child=5 2 4 7 -6 -7 -8 -9
leaf_value=-0.0055057605347951866 0.00034032261025525784 -0.028821306037942491 -0.0061795967746293918 0.037240544499826327 0.011976587217611785 0.00098964180427511166 -0.030376656628098797 0.0090058658456384187
leaf_weight=7.4328475594520595 9.4220596551895159 12.718488961458204 38.558342188596725 12.833144381642343 34.92915153503418 9.9447324126958829 19.452727526426315 8.1179311573505384
leaf_count=30 38 51 155 53 141 40 78 33
internal_value=-0.00158889 0.00295073 -0.0026365 0.0194702 0.00234014 -0.0148447 -0.0204949 0.0286921
internal_weight=153.409 114.59 86.206 28.3839 73.4875 38.8195 28.8748 20.9511
internal_count=619 463 347 116 296 156 116 86
is_linear=0
shrinkage=0.03


Tree=13
num_leaves=10
num_cat=0
split_feature=40 8 38 32 23 13 7 24 23
split_gain=6.15424 15.3502 7.53022 5.51316 5.24522 4.76427 4.33713 3.84805 1.3055
threshold=0.02762581564899769 0.025454397498877648 0.010791728037763145 -0.025430177774901138 1.1362825528790295 1.7568172154221531 -0.0061046151635920321 0.52415966386554635 1.1953728587600791
decision_type=2 2 2 2 2 2 2 2 2
left_child=1 3 5 -1 -5 6 -2 -7 -3
right_child=2 8 -4 4 -6 7 -8 -9 -10
leaf_value=-0.019845814061322301 0 -0.03037141693893403 -0.012765050056288507 0.010524600773232418 -0.0084327529879627237 0.012250350612040783 0.024367456394689919 -0.011780826984279168 -0.0088051449435168228
leaf_weight=7.4596810191869727 7.4006529748439815 17.647161215543751 13.42700235545635 40.779093205928802 16.395279109477997 9.3507800996303576 22.196930140256882 10.679906129837034 7.9561053961515418
leaf_count=30 30 71 54 165 66 38 90 43 32
internal_value=-0.00154061 -0.00658087 0.00542242 0.00116119 0.00473364 0.0109375 0.018198 0 -0.0253368
internal_weight=153.293 90.2373 63.0553 64.6341 57.1744 49.6283 29.5976 20.0307 25.6033
internal_count=619 364 255 261 231 201 120 81 103
is_linear=0
shrinkage=0.03


Tree=14
num_leaves=9
num_cat=0
split_feature=21 11 23 11 13 25 16 10
split_gain=9.93032 10.9473 6.95264 8.7626 6.50606 5.16242 8.30492 4.34398
threshold=0.037043838657681835 -0.0058332215596735839 0.93709558051671271 0.061660541225777583 3.7513625076273347 0.1539981757373062 40.488142620769381 0.021244565721858292
decision_type=2 2 2 2 2 2 2 2
left_child=1 7 4 -4 -3 -2 -7 -1
right_child=5 2 3 -5 -6 6 -8 -9
leaf_value=0.031506803850826305 -0.026868937759929705 0.017324754717747016 -0.019337997769565681 0.0027036693568066802 -0.0090377304982309503 0.012866330702099997 -0.020016543979147355 0.0010767881626223524
leaf_weight=12.609729513525965 15.453788682818411 23.711511522531509 28.041745856404305 32.236014142632484 10.189060777425764 11.167099609971048 12.192761451005934 7.6344397813081732
leaf_count=52 62 96 113 130 41 45 49 31
internal_value=-0.00152067 0.00285666 -0.00143588 -0.00760118 0.00892142 -0.0143002 -0.00393053 0.021834
internal_weight=153.236 114.423 94.1783 60.2778 33.9006 38.8136 23.3599 20.2442
internal_count=619 463 380 243 137 156 94 83
is_linear=0
shrinkage=0.03


Tree=15
num_leaves=10
num_cat=0
split_feature=20 20 11 17 5 26 11 5 17
split_gain=8.52542 12.8678 12.327 9.58632 5.35885 6.90236 6.04701 3.97102 2.9797
threshold=0.04158286431558543 0.024659096996356988 -0.010469706177810066 66.24013512816903 0.067344474262602941 0.15583263285700946 0.10887962564136956 -0.097991797633328367 -25.047799969120657
decision_type=2 2 2 2 2 2 2 2 2
left_child=1 -1 -3 -4 5 7 -6 -2 -7
right_child=4 2 3 -5 6 8 -8 -9 -10
leaf_value=-0.022504430946431977 -0.028229115048596327 0.03381619033896445 0.0081762469001486274 -0.018435095015313759 -0.03640822509533953 -0.0038938745656718356 -0.0010043633127638557 0 0.017583437862982828
leaf_weight=11.849772751331328 8.4741922020912153 12.609283134341238 66.165277272462845 12.669273957610129 9.9226734638214129 7.4638752788305291 8.43929275870323 7.4463675171136847 11.581608861684799
leaf_count=48 34 52 267 51 40 30 34 30 47
internal_value=-0.000604011 0.00431418 0.00835729 0.00336374 -0.010213 -0.0024481 -0.0225699 -0.0163196 0.00888363
internal_weight=156.622 103.294 91.4438 78.8346 53.328 34.966 18.362 15.9206 19.0455
internal_count=633 418 370 318 215 141 74 64 77
is_linear=0
shrinkage=0.03


Tree=16
num_leaves=10
num_cat=0
split_feature=21 21 15 28 38 23 25 21 12
split_gain=8.56719 9.36545 14.7394 14.5963 13.3044 7.65972 4.51445 3.51316 1.49989
threshold=0.037816832858682238 0.020381061353127509 290.59827186395052 5.5000000000000009 0.010791728037763145 1.0634224484116299 0.39444872359154931 0.041641172506411431 49.546255249500611
decision_type=2 2 2 2 2 2 2 2 2
left_child=1 3 5 -1 -4 -3 7 -2 -9
right_child=6 2 4 -5 -6 -7 -8 8 -10
leaf_value=0.011143198885565734 -0.032116546756276322 0.033348598439228154 0.003844181687362969 -0.033740492515770631 -0.034323686002084138 0.0029875742486731682 0.0033866839039973758 -0.015380566415074185 0.00079682630722131863
leaf_weight=9.9998688399791735 10.452863559126856 20.481428816914558 58.96529957652092 12.180014356970785 7.4700097143650046 13.589236229658125 8.4642636626958829 7.4700894057750684 7.4439499080181122
leaf_count=41 42 84 238 49 30 55 34 30 30
internal_value=-0.000610304 0.0030147 0.00702997 -0.0136363 -0.00110592 0.0224919 -0.0136092 -0.0196615 -0.00727976
internal_weight=156.517 122.686 100.506 22.1799 66.4353 34.0707 33.8312 25.3669 14.914
internal_count=633 497 407 90 268 139 136 102 60
is_linear=0
shrinkage=0.03


Tree=17
num_leaves=8
num_cat=0
split_feature=16 10 28 15 11 28 4
split_gain=6.67451 12.2344 9.25716 9.67814 3.85204 4.33706 1.56089
threshold=275.57019368162793 0.067206829934513004 2.5000000000000004 226.9218733037483 0.017724638348473491 7.5000000000000009 0.035206788753848979
decision_type=2 2 2 2 2 2 2
left_child=1 2 6 -4 5 -2 -1
right_child=4 -3 3 -5 -6 -7 -8
leaf_value=0.028193221793081636 0.011489007767170637 0.030725506664428064 0.0060391320586417468 -0.012218686062832726 -0.024083718444197606 -0.016025637640577496 0.0052155386359126
leaf_weight=7.7788384705781919 8.1607187688350731 10.36547566950321 44.265751421451569 56.633861765265465 13.136695012450216 8.1873200982809049 7.8579700291156769
leaf_count=32 33 42 180 228 53 33 32
internal_value=-0.000606404 0.00232753 -0.000547614 -0.00410132 -0.0130562 -0.00171799 0.0193976
internal_weight=156.387 126.902 116.536 100.9 29.4847 16.348 15.6368
internal_count=633 514 472 408 119 66 64
is_linear=0
shrinkage=0.03


Tree=18
num_leaves=9
num_cat=0
split_feature=20 20 23 9 33 20 18 5
split_gain=7.85417 11.8674 12.7206 9.53499 7.02383 6.97063 4.96067 6.69524
threshold=0.04158286431558543 0.024659096996356988 1.0453486891454722 0.045815137845261984 0.14889082480257082 0.036467419336227824 0.31715883256100041 0.069130830524258072
decision_type=2 2 2 2 2 2 2 2
left_child=1 -1 3 -3 -2 -4 -6 -8
right_child=4 2 5 -5 6 -7 7 -9
leaf_value=-0.021602071219735685 0.0078586854768583434 0.036452046767631384 -0.012067767086070371 0.0079028716482682313 -0.034409571219338901 0.014189677644417344 0.0056584458078273525 -0.020226667666868779
leaf_weight=11.833705648779867 12.891800984740255 15.225205183029173 29.040460020303726 36.361902743577957 8.6996983885765058 10.603372469544409 14.070491626858713 17.592259183526039
leaf_count=48 52 63 117 147 35 43 57 71
internal_value=-0.000568592 0.00415435 0.00804789 0.0176547 -0.00980005 -0.00434041 -0.0158991 -0.00862532
internal_weight=156.319 103.065 91.2309 51.5871 53.2543 39.6438 40.3624 31.6628
internal_count=633 418 370 210 215 160 163 128
is_linear=0
shrinkage=0.03


Tree=19
num_leaves=10
num_cat=0
split_feature=20 20 23 15 33 20 7 12 24
split_gain=7.44945 11.2741 12.0558 7.28414 6.67527 6.61012 5.82004 8.83655 3.43551
threshold=0.04158286431558543 0.024659096996356988 1.0453486891454722 281.91843119611707 0.14889082480257082 0.036467419336227824 0.0038260640848468562 63.916085996336029 -0.20777027027027026
decision_type=2 2 2 2 2 2 2 2 2
left_child=1 -1 3 -3 -2 -4 8 -8 -6
right_child=4 2 5 -5 6 -7 7 -9 -10
leaf_value=-0.021042893738005299 0.0076579044812484492 0.031726114466054667 -0.011723831961092342 0.0074062991212662157 -0.0062534428204680161 0.013847881700482692 0.01093580991391398 -0.025937032528169104 -0.035861298417172706
leaf_weight=11.836812138557432 12.885449007153509 18.352927699685097 29.054088070988655 33.122175499796867 7.9294497072696712 10.588721632957457 13.07665014266968 7.4150830954313269 11.938081577420233
leaf_count=48 52 76 117 134 32 43 53 30 48
internal_value=-0.000552033 0.00404872 0.00785132 0.0172201 -0.00954414 -0.0041963 -0.0154926 -0.00285989 -0.026383
internal_weight=156.199 102.955 91.1179 51.4751 53.2447 39.6428 40.3593 20.4917 19.8675
internal_count=633 418 370 210 215 160 163 83 80
is_linear=0
shrinkage=0.03


Tree=20
num_leaves=12
num_cat=0
split_feature=23 35 11 9 8 1 2 17 11 21 1
split_gain=8.83434 12.6731 8.62536 7.17118 6.60494 5.09731 3.50043 3.23462 3.05828 3.04484 1.30245
threshold=1.0634224484116299 -0.041501841254739706 -0.0093434693186630873 0.062432460182090498 0.058081348426459435 -0.0048868230874534171 -0.011464567879610253 -51.800752705588302 0.087977406940525485 0.035634394233543969 0.014076918567157206
decision_type=2 2 2 2 2 2 2 2 2 2 2
left_child=1 9 10 6 -5 7 -3 -4 -7 -1 -2
right_child=2 3 5 4 -6 8 -8 -9 -10 -11 -12
leaf_value=-0.00040741391201367972 0.018333185802809911 0.0071150297781320355 -0.0122762184048705 -0.0044410965856612819 0.016765034865653384 -0.030818526069616419 0.030655639430976329 0.0093451776097057751 -0.0062945045653383415 -0.02693444274775128 0
leaf_weight=8.7589951902627963 7.8796984404325467 12.291260123252867 10.64423017203808 28.544969737529755 20.655657351016998 14.155955210328104 20.052447229623795 9.9327401965856534 10.666290268301962 7.4737702906131736 7.4254115968942642
leaf_count=36 32 50 43 115 84 57 83 40 43 30 30
internal_value=0.0018931 0.00749 -0.00683403 0.0124112 0.00447592 -0.0134251 0.0230818 -0.00127164 -0.0220947 -0.0150583 0.0111422
internal_weight=158.481 97.7771 60.7043 81.5443 49.2006 45.3992 32.3437 20.577 24.8222 16.2328 15.3051
internal_count=643 398 245 332 199 183 133 83 100 66 62
is_linear=0
shrinkage=0.03


Tree=21
num_leaves=9
num_cat=0
split_feature=36 21 25 19 9 16 37 37
split_gain=7.75531 5.59874 7.87091 9.43538 6.70037 6.38259 3.9969 5.68549
threshold=0.0044368062295989533 0.018676350745472321 0.24471845983473892 0.21899607850962874 0.02464818588037614 220.26023676526503 0.0020898841203191858 0.031396109507134125
decision_type=2 2 2 2 2 2 2 2
left_child=6 4 3 -3 -2 -4 -1 -8
right_child=1 2 5 -5 -6 -7 7 -9
leaf_value=-0.029088225518152652 0.0098180186630503433 0.0098881921060665328 0.022062991839781148 -0.011839582046353698 -0.023381454203717678 -0.0020436152376630476 0.013586320539638734 -0.018794881895358651
leaf_weight=7.4516085684299496 7.2076839506626156 39.863769099116325 36.792925670742989 29.449700370430946 10.928231820464132 11.369405448436735 7.361962825059889 7.9121045023202896
leaf_count=30 30 162 150 119 44 46 30 32
internal_value=0.00183525 0.00467469 0.0071577 0.000373081 -0.00977754 0.0162187 -0.0135095 -0.00255309
internal_weight=158.337 135.612 117.476 69.3135 18.1359 48.1623 22.7257 15.2741
internal_count=643 551 477 281 74 196 92 62
is_linear=0
shrinkage=0.03


Tree=22
num_leaves=9
num_cat=0
split_feature=28 40 5 12 11 36 20 20
split_gain=11.1309 11.3183 9.98868 8.39286 8.86184 8.33421 4.75101 4.13389
threshold=5.5000000000000009 0.06774389751257294 -0.092409937324525668 48.107161282297554 0.021719504267740389 0.0049415050897072838 0.049407634670509827 0.026891509459608238
decision_type=2 2 2 2 2 2 2 2
left_child=2 3 -1 6 -5 -4 -2 -7
right_child=1 -3 5 4 -6 7 -8 -9
leaf_value=-0.014851644104773109 0.017799871259175433 -0.028141808577892155 -0.0033710289059791817 0.0097484997091598236 -0.015888308448551221 0.0015029284570956297 -0.0042796893078022921 0.028459803248238148
leaf_weight=8.4370802491903287 24.678718119859695 13.15192501246929 11.845447659492491 15.583887264132498 35.432885989546776 7.7735443711280814 10.65691429376602 30.635265365242958
leaf_count=34 101 53 48 64 143 32 43 125
internal_value=0.00176521 -0.00422663 0.0119754 0 -0.00770188 0.0171624 0.0108666 0.0237196
internal_weight=158.196 99.5043 58.6913 86.3524 51.0168 50.2543 35.3356 38.4088
internal_count=643 404 239 351 207 205 144 157
is_linear=0
shrinkage=0.03


Tree=23
num_leaves=8
num_cat=0
split_feature=28 40 21 5 23 18 34
split_gain=10.5125 10.7394 10.8587 9.49587 9.71045 8.85516 3.89792
threshold=5.5000000000000009 0.06774389751257294 0.020381061353127509 -0.092409937324525668 1.1749155402482063 0.43031896882383353 0.023653643876296874
decision_type=2 2 2 2 2 2 2
left_child=3 2 -2 -1 6 -4 -5
right_child=1 -3 5 4 -6 -7 -8
leaf_value=-0.014485303095251041 -0.028448303372761871 -0.02740824210884334 0.016795373001893963 0.028185944553201267 -0.0062003708760258857 -0.0035998219924539341 0.0020768309111253206
leaf_weight=8.4414564073085767 8.6663919091224653 13.152321010828016 27.919946566224098 31.062334984540939 11.084475070238112 49.713108018040657 8.0049690008163434
leaf_count=34 35 53 114 127 45 202 33
internal_value=0.00170524 -0.00411408 0 0.0116398 0.0167117 0.00378434 0.0235631
internal_weight=158.045 99.4518 86.2994 58.5932 50.1518 77.6331 39.0673
internal_count=643 404 351 239 205 316 160
is_linear=0
shrinkage=0.03


Tree=24
num_leaves=11
num_cat=0
split_feature=28 40 10 40 23 40 17 7 1 34
split_gain=9.95058 10.1779 7.18287 9.34662 8.45713 6.70792 5.91388 7.78283 2.8201 2.42622
threshold=5.5000000000000009 0.06774389751257294 0.030423034811174702 0.029552630041328468 0.92592737740444309 0.021619436998289724 -25.9547695677206 0.019763496243989532 0.044037687724476367 0.01434313344237126
decision_type=2 2 2 2 2 2 2 2 2 2
left_child=5 2 4 -4 -2 6 -1 -8 9 -7
right_child=1 -3 3 -5 -6 8 7 -9 -10 -11
leaf_value=-0.016869201571139025 0.018880756133595661 -0.026702574704083982 -0.027336608155296982 0.0054477130486943843 -0.0032758969918511805 0.033641612875789213 0.024763051178322948 -0.010839026017134186 0.0023762299561030276 0.0083682375952511909
leaf_weight=9.4114394783973712 24.022731438279152 13.147810503840445 14.56689688563347 12.603333249688147 35.052150741219521 13.619053825736051 11.0117514282465 7.3694629967212668 8.1167260706424695 8.9541347771882993
leaf_count=38 99 53 59 51 142 56 45 30 33 37
internal_value=0.00163531 -0.00402261 0 -0.012284 0.00581172 0.0113142 0 0.0100904 0.020531 0.0257238
internal_weight=157.875 99.3929 86.2451 27.1702 59.0749 58.4826 27.7927 18.3812 30.6899 22.5732
internal_count=643 404 351 110 241 239 113 75 126 93
is_linear=0
shrinkage=0.03


Tree=25
num_leaves=8
num_cat=0
split_feature=36 25 21 21 18 34 6
split_gain=8.07236 6.27716 7.10854 9.44606 6.68017 3.89223 2.08115
threshold=0.0037357669776730451 0.40271047849788016 0.037816832858682238 0.018307926463294506 0.69340622868854995 -0.018873749580101681 -0.018288125886950894
decision_type=2 2 2 2 2 2 2
left_child=-1 2 3 -2 6 -4 -3
right_child=1 4 5 -5 -6 -7 -8
leaf_value=-0.024872759194067912 -0.021585299329342934 0.0037948648824802835 0 0.0047252509292333772 -0.0050959838484382078 -0.023681557992888784 0.027427761787581058
leaf_weight=11.598902821540831 12.740529283881186 7.375490427017211 7.9184159189462688 71.244943335652351 13.01248951256275 19.015698984265327 12.843909755349161
leaf_count=47 52 30 32 291 53 77 53
internal_value=-0.00274903 -0.000550235 -0.00408811 0.000150281 0.0103943 -0.0169195 0.0205997
internal_weight=155.75 144.151 110.92 83.9855 33.2319 26.9341 20.2194
internal_count=635 588 452 343 136 109 83
is_linear=0
shrinkage=0.03


Tree=26
num_leaves=11
num_cat=0
split_feature=9 21 21 38 38 23 40 23 40 28
split_gain=8.18547 8.94147 8.7773 6.94243 10.1544 5.55891 2.82364 1.79513 1.04386 0.14225
threshold=0.022100373217217657 0.037043838657681835 0.021359345877732284 0.0069205199773228164 0.0077932116399021785 1.0393256199645391 -0.015340260331228593 1.2085306603725956 0.030787553786406411 8.5000000000000018
decision_type=2 2 2 2 2 2 2 2 2 2
left_child=1 5 8 -4 -5 9 -3 -7 -2 -1
right_child=2 6 3 4 -6 7 -8 -9 -10 -11
leaf_value=0.014444085835688032 -0.032932422747470089 0.0023068163348209975 0.015086333169600402 -0.026715527674229848 -0.00064879272048681044 -0.0066323748776387472 -0.018665483156624196 0.011638166041944715 -0.0099163352210369198 0.036264748764733429
leaf_weight=8.3763087838888186 9.8810344189405459 8.9283538758754748 13.432750552892683 15.834730193018911 60.417111068964005 7.3494512736797315 9.1750248223543149 7.3342862278223038 7.6738561987876883 7.2504570931196204
leaf_count=36 40 36 55 64 245 30 37 30 31 31
internal_value=-0.0026815 0.00721208 -0.0073356 -0.00309906 -0.00679805 0.0169284 -0.00837558 0.00189555 -0.0256816 0.0283853
internal_weight=155.653 48.4139 107.239 89.6846 76.2518 30.3105 18.1034 14.6837 17.5549 15.6268
internal_count=635 200 435 364 309 127 73 60 71 67
is_linear=0
shrinkage=0.03


Tree=27
num_leaves=10
num_cat=0
split_feature=9 21 21 38 38 37 14 10 40
split_gain=7.81439 8.54416 8.38102 6.59252 9.6052 3.50594 3.30637 1.14408 0.980186
threshold=0.022100373217217657 0.037043838657681835 0.021359345877732284 0.0069205199773228164 0.0077932116399021785 -0.014209895761508438 -2078.956532986705 0.0043375416183267798 0.030787553786406411
decision_type=2 2 2 2 2 2 2 2 2
left_child=1 5 8 -4 -5 -1 -3 -7 -2
right_child=2 6 3 4 -6 7 -8 -9 -10
leaf_value=0 -0.032182435225277674 -0.019559583398072018 0.014715864666790606 -0.025981397920614702 -0.00062993867543789585 0.027380597346160055 0.0032081097711929166 0.0065063449832819488 -0.0096795569453808905
leaf_weight=8.2603960633277911 9.8549609035253543 8.969995245337488 13.408508166670797 15.849954485893248 60.418478310108185 14.898219496011736 9.1313366740941984 7.0496246814727774 7.674635022878646
leaf_count=34 40 36 55 64 245 63 37 30 31
internal_value=-0.00260905 0.00706699 -0.00715621 -0.00301425 -0.00661936 0.0165919 -0.0081516 0.0224055 -0.0250987
internal_weight=155.516 48.3096 107.207 89.6769 76.2684 30.2082 18.1013 21.9478 17.5296
internal_count=635 200 435 364 309 127 73 93 71
is_linear=0
shrinkage=0.03


Tree=28
num_leaves=10
num_cat=0
split_feature=9 21 21 38 38 20 16 1 2
split_gain=7.43318 8.26388 8.00569 6.26084 9.08934 3.79181 2.85019 1.27538 0.980455
threshold=0.022100373217217657 0.034280037750661213 0.021359345877732284 0.0069205199773228164 0.0077932116399021785 0.053179847334961831 -119.05328027691063 -0.0041516818386976842 0.0064154043340944886
decision_type=2 2 2 2 2 2 2 2 2
left_child=1 6 8 -4 -5 -3 -1 -8 -2
right_child=2 5 3 4 -6 -7 7 -9 -10
leaf_value=0.0025067333196904323 -0.033575870140935708 -0.018353603284440002 0.014355347035776808 -0.025275564465679183 -0.00061163296137652285 0.0039708371722506361 0.034715174401939018 0.009986153020149947 -0.011372785113751945
leaf_weight=9.3730816692113894 7.8602729141712215 9.5434374362230319 13.383498474955557 15.859486073255537 60.419793963432312 13.624803140759466 7.7563084810972214 7.9099053889512998 9.6393094658851606
leaf_count=39 32 39 55 64 245 55 33 34 39
internal_value=-0.00254716 0.00689823 -0.00698217 -0.00293195 -0.00644598 -0.00535676 0.0183497 0.0256226 -0.0245358
internal_weight=155.37 48.2075 107.162 89.6628 76.2793 23.1682 25.0393 15.6662 17.4996
internal_count=635 200 435 364 309 94 106 67 71
is_linear=0
shrinkage=0.03


Tree=29
num_leaves=12
num_cat=0
split_feature=9 20 38 38 38 11 14 38 19 38 40
split_gain=7.10259 7.74077 9.70307 7.72845 8.96743 6.44087 5.8602 4.30739 4.45803 3.0455 2.3213
threshold=0.022100373217217657 0.03469997092248564 0.0066337153159080455 0.01021716255666162 0.0078374021876776705 0.020252599081752701 -420.63344823843175 0.010345850730356506 0.2941430010225084 0.01065014417841669 0.056993125116404871
decision_type=2 2 2 2 2 2 2 2 2 2 2
left_child=6 2 -2 4 -3 -4 7 -1 -9 -8 -5
right_child=1 3 5 10 -6 -7 9 8 -10 -11 -12
leaf_value=-0.019474056382266729 0.012354853468351272 -0.0072700463412699789 0.0013897251246888058 -0.0027252416442566851 0.019735227196369855 -0.026542225222351376 0.02497205701018575 -0.0082011054891109447 0.018806669413080779 0.0010052229369393103 -0.025928900558615516
leaf_weight=7.5552907139062908 7.5389224141836158 17.483088031411171 7.8853521943092337 10.365957617759706 22.807797387242317 33.598599821329117 14.166624590754511 8.8599034100770968 8.5962424427270872 8.9516526311635953 7.4329865723848334
leaf_count=31 31 71 32 42 93 136 61 36 35 37 30
internal_value=-0.00247872 -0.00681514 -0.0153515 0.000410342 0.00787273 -0.0210682 0.00675965 -0.00280857 0.00489392 0.017108 -0.0148133
internal_weight=155.242 107.113 49.0229 58.0898 40.2909 41.484 48.1297 25.0114 17.4561 23.1183 17.7989
internal_count=635 435 199 236 164 168 200 102 71 98 72
is_linear=0
shrinkage=0.03


Tree=30
num_leaves=10
num_cat=0
split_feature=16 20 20 38 11 2 25 2 34
split_gain=8.97649 8.11127 8.43453 6.77 9.35651 5.87944 4.19228 4.18592 5.7873
threshold=275.57019368162793 0.033324706265527741 0.04158286431558543 0.0070848923051476829 0.023995554940363321 -0.018342655294991402 0.43750034332233484 0.0076414664727001433 0.0046943255760739664
decision_type=2 2 2 2 2 2 2 2 2
left_child=1 3 5 -1 -5 -3 -4 -2 -9
right_child=7 2 6 4 -6 -7 -8 8 -10
leaf_value=0.010651541091876892 -0.033516327489829169 -0.0013396299215209418 -0.0070120365441960078 0.010766539152410243 -0.023305197097980658 0.02358855262909397 0.013818315750804042 0.010207440778757852 -0.01942367158432395
leaf_weight=10.787983164191244 7.3725053966045406 9.8163657933473569 31.745398685336113 7.8678246587514868 25.178815945982933 30.004724904894829 9.5382085889577848 8.1448095142841357 11.572918206453322
leaf_count=45 30 40 129 33 102 124 39 33 47
internal_value=-0.00122209 0.00213469 0.00778452 -0.00787513 -0.0146138 0.0173146 -0.0014367 -0.0163015 -0.00668041
internal_weight=152.03 124.939 81.1047 43.8346 33.0466 39.8211 41.2836 27.0902 19.7177
internal_count=622 512 332 180 135 164 168 110 80
is_linear=0
shrinkage=0.03


Tree=31
num_leaves=10
num_cat=0
split_feature=24 13 17 28 26 8 32 36 38
split_gain=5.53323 7.45069 5.57829 5.09143 4.92751 4.79682 4.29965 3.23309 3.19195
threshold=-0.21199280945043655 -2.71827978073734 -51.800752705588302 5.5000000000000009 0.097623675465546442 0.073306432741609071 0.016184884454492291 0.005573244092477979 0.0098216860171829439
decision_type=2 2 2 2 2 2 2 2 2
left_child=1 4 -2 6 -1 -5 -4 -6 -3
right_child=2 8 3 5 7 -7 -8 -9 -10
leaf_value=0.010253553809312168 -0.02152641573281525 0.025832859311852075 0.013908122471845761 -0.0018371610519761156 8.4434877204464623e-05 -0.022532168228450188 -0.0082837043268397005 -0.023248029685657968 0.0029141048562302051
leaf_weight=10.53180053830147 14.536184281110762 14.727105259895326 22.371173292398456 38.989010781049728 7.3422501385211971 12.816890671849249 9.1083259582519513 10.056404098868368 11.396429419517515
leaf_count=43 59 61 92 160 30 52 37 41 47
internal_value=-0.00118954 0.00624655 -0.00549165 -0.00207797 -0.00404282 -0.00788315 0.0069278 -0.0136349 0.0172861
internal_weight=151.876 54.054 97.8216 83.2854 27.9305 51.8059 31.4795 17.3987 26.1235
internal_count=622 222 400 341 114 212 129 71 108
is_linear=0
shrinkage=0.03


Tree=32
num_leaves=9
num_cat=0
split_feature=16 21 21 25 9 19 17 2
split_gain=8.43489 7.89828 10.699 7.74819 6.77761 6.06786 5.61981 4.82121
threshold=275.57019368162793 0.024174381149076215 0.0355062411248648 0.42118084776542503 0.019452008121038634 0.16457385875718308 29.181247391758124 -0.02273173925897309
decision_type=2 2 2 2 2 2 2 2
left_child=1 4 7 -4 -1 -6 -2 -3
right_child=6 2 3 -5 5 -7 -8 -9
leaf_value=0.011989963393634269 -0.028580517934070088 0 -0.016135150783473363 0.015043472113112006 -0.027147334801504011 0.0024115503909984083 -0.00086458235026974975 0.018415711564708555
leaf_weight=7.0820623934268978 13.044633045792581 16.447531715035439 22.940714925527576 7.8433067500591269 16.676021307706836 7.6179536283016196 14.020775362849234 46.122552126646042
leaf_count=30 53 67 93 32 68 31 57 191
internal_value=-0.00116088 0.0020934 0.00655675 -0.00730065 -0.0103343 -0.0178296 -0.0157863 0.0136218
internal_weight=151.796 124.73 93.3541 30.784 31.376 24.294 27.0654 62.5701
internal_count=622 512 383 125 129 99 110 258
is_linear=0
shrinkage=0.03


Tree=33
num_leaves=8
num_cat=0
split_feature=18 21 21 26 36 11 26
split_gain=6.1866 7.30894 10.7439 7.65307 6.97107 6.49416 4.26909
threshold=1.0030918845619239 0.034280037750661213 0.031060921271736947 0.1123247663551402 0.007438277372536343 -0.0040688580593983273 0.047809523809523816
decision_type=2 2 2 2 2 2 2
left_child=1 2 5 6 -5 -1 -3
right_child=-2 3 -4 4 -6 -7 -8
leaf_value=0.022869992206409027 -0.018807186798808957 -0.0058530616122755806 0.029071104652428726 -0.026642912822538976 1.2377739934424337e-05 -0.00207906508386439 0.021793071529593189
leaf_weight=8.7903720587491971 14.045516967773436 7.8989207893609983 13.151527822017668 19.875233024358749 12.942935481667517 67.292255580425262 7.6250457763671875
leaf_count=39 57 32 54 81 53 275 31
internal_value=-0.00113526 0.000805077 0.00595374 -0.00825977 -0.0163028 0.00112333 0.00780761
internal_weight=151.622 137.576 89.2342 48.3421 32.8182 76.0826 15.524
internal_count=622 565 368 197 134 314 63
is_linear=0
shrinkage=0.03


Tree=34
num_leaves=9
num_cat=0
split_feature=17 21 15 28 21 14 28 7
split_gain=4.78341 7.03111 9.06296 11.2478 8.44121 5.27633 5.01122 4.90658
threshold=-54.570540848594469 0.018307926463294506 270.0610984854705 7.5000000000000009 0.035634394233543969 1824.6228981379757 5.5000000000000009 -0.03074721112782651
decision_type=2 2 2 2 2 2 2 2
left_child=5 6 4 -4 -3 7 -2 -1
right_child=1 2 3 -5 -6 -7 -8 -9
leaf_value=-0.0035305431034788042 0.00016268131878429095 0.023072139026451256 0.0068388798403421327 -0.019629768775072918 -0.0026856169173357669 0.0063865232916598671 -0.030984970085615262 -0.031399880553394106
leaf_weight=13.771069586277006 7.4204875677824003 30.552881091833115 35.480600386857986 21.229287505149841 15.580300539731978 9.3582065254449827 7.2717813551425934 10.8264656662941
leaf_count=56 31 129 145 86 63 38 30 44
internal_value=-0.00109096 0.0017019 0.00466593 -0.0031453 0.0143113 -0.0107324 -0.0162203 -0.0177998
internal_weight=151.491 117.535 102.843 56.7099 46.1332 33.9557 14.6923 24.5975
internal_count=622 484 423 231 192 138 61 100
is_linear=0
shrinkage=0.03


Tree=35
num_leaves=8
num_cat=0
split_feature=16 16 5 20 2 2 24
split_gain=7.93939 8.57562 11.3929 6.29145 4.31347 3.84326 0.355776
threshold=-624.93839426685906 272.44067849711195 0.16187612410285249 0.024237589031631288 0.017323422560273975 0.084998629215808044 0.41277890466531447
decision_type=2 2 2 2 2 2 2
left_child=-1 2 3 -2 -3 -6 -4
right_child=1 4 6 -5 5 -7 -8
leaf_value=-0.023700722274916902 -0.017919611000195203 -0.025835259905942858 0.032629573021063202 0.0043020790900476667 0.0061549371516458323 -0.017836152757164558 0.011648216451053428
leaf_weight=9.9051497727632505 11.104214906692503 10.247115924954416 10.120350897312166 85.227496266365051 13.969332337379457 7.358709678053855 7.3612536936998358
leaf_count=40 46 42 42 351 57 30 30
internal_value=-4.60303e-05 0.00176351 0.00569849 0.00127565 -0.011468 -0.00229908 0.0266674
internal_weight=155.294 145.388 113.813 96.3317 31.5752 21.328 17.4816
internal_count=638 598 469 397 129 87 72
is_linear=0
shrinkage=0.03


Tree=36
num_leaves=7
num_cat=0
split_feature=37 7 17 28 0 0
split_gain=6.00051 5.9236 7.09956 6.66873 4.57519 3.79293
threshold=-0.023341043543571968 0.086825898799824511 -7.941931528702681 7.5000000000000009 0.0034652524140691425 -0.019058553128169616
decision_type=2 2 2 2 2 2
left_child=5 2 4 -4 -2 -1
right_child=1 -3 3 -5 -6 -7
leaf_value=0.00028466589250916626 0.00088656665532796679 -0.017628828973331873 0.019519309841790056 0.0002042172869463348 -0.018844288150256763 -0.02326318757510093
leaf_weight=8.2897826582193392 46.252137050032616 10.065974846482275 34.881376430392265 31.449406772851944 11.223443418741224 12.999328240752218
leaf_count=34 189 41 145 130 46 53
internal_value=-5.33828e-05 0.00226399 0.00425513 0.010855 -0.00321826 -0.0142128
internal_weight=155.161 133.872 123.806 66.3308 57.4756 21.2891
internal_count=638 551 510 275 235 87
is_linear=0
shrinkage=0.03


Tree=37
num_leaves=8
num_cat=0
split_feature=16 16 5 9 33 5 24
split_gain=7.52147 8.01067 10.769 6.70519 6.4204 1.77377 0.347273
threshold=-624.93839426685906 272.44067849711195 0.16187612410285249 0.074257099710684185 0.92128734477046959 0.060835080846070151 0.41277890466531447
decision_type=2 2 2 2 2 2 2
left_child=-1 2 3 -2 5 -3 -4
right_child=1 4 6 -5 -6 -7 -8
leaf_value=-0.023091935042400525 0.0076600501770315021 -0.0042593631765155534 0.031810121434587786 -0.0081288949893556037 0.0065025582567541729 -0.026292613272323882 0.011233340049916368
leaf_weight=9.8980451971292478 58.079477071762085 7.5964633077383104 10.048551574349405 38.15139377117157 10.298677980899809 13.630626097321509 7.3456957489252082
leaf_count=40 242 31 42 155 42 56 30
internal_value=-6.07851e-05 0.00170031 0.00550983 0.00120965 -0.0110921 -0.0200992 0.0259484
internal_weight=155.049 145.151 113.625 96.2309 31.5258 21.2271 17.3942
internal_count=638 598 469 397 129 87 72
is_linear=0
shrinkage=0.03


Tree=38
num_leaves=6
num_cat=0
split_feature=37 35 37 17 0
split_gain=5.62966 5.19002 4.72694 5.05834 3.64104
threshold=-0.023341043543571968 -0.04314303061066576 0.07065115171290072 66.24013512816903 -0.019058553128169616
decision_type=2 2 2 2 2
left_child=4 -2 3 -3 -1
right_child=1 2 -4 -5 -6
leaf_value=0.0003819714647608748 -0.013972173217625944 0.0091555091372027032 -0.015848627766077608 -0.0062498986689841062 -0.022653915658311395
leaf_weight=8.2848702073097247 13.528298780322073 91.277973294258118 7.3996437042951575 21.429793328046799 12.992012888193129
leaf_count=34 56 377 30 88 53
internal_value=-5.77474e-05 0.00218702 0.00432899 0.00603772 -0.0137776
internal_weight=154.913 133.636 120.107 112.708 21.2769
internal_count=638 551 495 465 87
is_linear=0
shrinkage=0.03


Tree=39
num_leaves=8
num_cat=0
split_feature=16 16 21 25 33 40 2
split_gain=7.12596 7.45842 7.75115 6.89941 5.529 3.40005 0.562375
threshold=-624.93839426685906 275.57019368162793 0.020381061353127509 0.066987830528846173 0.92128734477046959 0.040857031965668263 0.019750619714288379
decision_type=2 2 2 2 2 2 2
left_child=-1 2 5 -4 6 -2 -3
right_child=1 4 3 -5 -6 -7 -8
leaf_value=-0.022501932642646542 -0.01889629375269725 -0.025822615786745426 -0.0059728173606779546 0.013249851884599486 0.0055069274744461967 0.0029081562639380462 -0.0090251103505117024
leaf_weight=9.8914633244276029 12.903727099299433 9.9860139638185554 19.12024313211441 73.70858970284462 10.052771523594854 8.6860191971063596 10.509287893772123
leaf_count=40 54 41 78 305 41 36 43
internal_value=-7.76718e-05 0.00163573 0.00525201 0.00908985 -0.0109387 -0.00998521 -0.0194444
internal_weight=154.858 144.967 114.419 92.8288 30.5481 21.5897 20.4953
internal_count=638 598 473 383 125 90 84
is_linear=0
shrinkage=0.03


Tree=40
num_leaves=6
num_cat=0
split_feature=18 35 14 21 36
split_gain=6.99708 7.38937 10.4104 9.6782 3.95642
threshold=0.92979367965607695 -0.088583591891673683 -2078.956532986705 0.018676350745472321 0.005551938831567846
decision_type=2 2 2 2 2
left_child=1 -1 -3 -4 -2
right_child=4 2 3 -5 -6
leaf_value=0.029312459023343382 -0.025845629616772156 -0.024312302187463136 -0.018036395080774609 0.0074694158642973794 -0.00084500280775143342
leaf_weight=7.1000003367662421 10.792406335473062 10.908932387828825 13.254332557320593 98.963587984442711 12.89616486430168
leaf_count=30 44 44 55 409 53
internal_value=0.000280205 0.00315294 0.00108018 0.00406246 -0.0139445
internal_weight=153.915 130.227 123.127 112.218 23.6886
internal_count=635 538 508 464 97
is_linear=0
shrinkage=0.03


Tree=41
num_leaves=8
num_cat=0
split_feature=18 37 16 16 41 36 18
split_gain=6.64488 7.09625 5.48001 6.95254 5.13224 3.75133 1.65223
threshold=0.92979367965607695 -0.023341043543571968 272.44067849711195 93.279874158376344 1.0000000180025095e-35 0.005551938831567846 0.75751444991622352
decision_type=2 2 2 2 2 2 2
left_child=1 4 3 -3 -1 -2 -4
right_child=5 2 6 -5 -6 -7 -8
leaf_value=0.00029716361407318789 -0.025206269818489131 0.0048271210886066014 0.00016781873831123327 0.026162338511919823 -0.026599196959339367 -0.00082302521271237908 -0.01641251767144454
leaf_weight=12.405174881219864 10.78500744700432 76.402861088514328 7.5393987447023418 16.084943443536758 9.1200454831123352 12.8967247903347 8.5453883558511716
leaf_count=51 44 317 31 67 37 53 35
internal_value=0.000251013 0.0030555 0.00628663 0.0091716 -0.0117535 -0.0136098 -0.00865233
internal_weight=153.78 130.098 108.573 92.4878 21.5252 23.6817 16.0848
internal_count=635 538 450 384 88 97 66
is_linear=0
shrinkage=0.03


Tree=42
num_leaves=7
num_cat=0
split_feature=40 23 11 20 23 9
split_gain=5.76248 6.74506 8.17231 7.70131 6.78652 6.63744
threshold=0.089950248029960114 1.075030974735953 -0.094757970260564858 0.025202476043217108 1.387930842198565 -0.063982786395778743
decision_type=2 2 2 2 2 2
left_child=1 2 -1 -4 5 -3
right_child=-2 4 3 -5 -6 -7
leaf_value=-0.017685257998164502 -0.019832896901379758 0.0076211789222294969 -0.010820832033682974 0.013863151668297496 0.015008110577379451 -0.017472028152927616
leaf_weight=8.5645150244235975 9.7973399907350522 10.603441804647444 11.266652315855024 70.425385937094688 8.7961975336074811 34.20215006172657
leaf_count=35 40 43 47 294 36 140
internal_value=0.000226364 0.00194854 0.00697676 0.0101024 -0.00619479 -0.0111412
internal_weight=153.656 143.858 90.2566 81.692 53.6018 44.8056
internal_count=635 595 376 341 219 183
is_linear=0
shrinkage=0.03


Tree=43
num_leaves=7
num_cat=0
split_feature=14 20 38 15 23 32
split_gain=5.67234 7.11891 6.57238 11.8156 5.72222 4.96502
threshold=2560.3253440632693 0.026725069994684689 0.0087475730532963619 267.44154065165804 0.93709558051671271 -0.0057990782765328088
decision_type=2 2 2 2 2 2
left_child=1 4 5 -4 -1 -3
right_child=-2 2 3 -5 -6 -7
leaf_value=0.0018668017026757394 -0.017417748955895596 -0.0021695957369148432 0.0093013162366541741 -0.014907484417870541 -0.028539244083272724 0.017749445233354193
leaf_weight=8.8485954850912112 12.728028818964956 13.121845126152037 39.671948581933975 29.972407728433609 9.3167988657951337 39.839224204421043
leaf_count=37 52 54 165 122 39 166
internal_value=0.000202836 0.00212277 0.00486167 -0.00103322 -0.014268 0.0126419
internal_weight=153.499 140.771 122.605 69.6444 18.1654 52.9611
internal_count=635 583 507 287 76 220
is_linear=0
shrinkage=0.03


Tree=44
num_leaves=7
num_cat=0
split_feature=18 38 35 15 21 36
split_gain=6.16768 7.09919 7.0723 9.54097 8.46668 0.190754
threshold=0.92979367965607695 0.0070570602137410322 -0.088583591891673683 -2377.2408438742905 0.018676350745472321 0.0058446579029881639
decision_type=2 2 2 2 2 2
left_child=2 -2 -1 -4 -5 -3
right_child=1 5 3 4 -6 -7
leaf_value=0.028552304008892686 0.0085345542343817134 -0.029133756174220704 -0.025817505055867766 -0.017235621898392908 0.0066359171395091827 -0.010267455267005005
leaf_weight=7.0426933765411368 7.2675533592700985 9.0281846821308154 8.9070451855659467 13.189032942056654 100.57844437658787 7.3157651126384726
leaf_count=30 30 37 36 55 417 30
internal_value=0.00017807 -0.0131912 0.00288881 0.000860777 0.00348897 -0.0235468
internal_weight=153.329 23.6115 129.717 122.675 113.767 16.3439
internal_count=635 97 538 508 472 67
is_linear=0
shrinkage=0.03


Tree=45
num_leaves=8
num_cat=0
split_feature=11 3 21 21 36 15 13
split_gain=6.14296 7.42684 7.38858 5.78715 6.74253 2.7476 0.44723
threshold=-0.0040688580593983273 0.10655023577043267 0.034280037750661213 0.017669477732652639 0.0036361182962438262 -2377.2408438742905 1.8530647540581173
decision_type=2 2 2 2 2 2 2
left_child=2 3 6 -2 -5 -4 -1
right_child=1 -3 5 4 -6 -7 -8
leaf_value=0.030227115394399949 -0.019124338546952415 -0.026719383486870512 -0.011139187892170603 -0.018050270717346242 0.0053096518568889594 0.0081436541806961475 0.010259005386922197
leaf_weight=9.8852463066577929 10.898689940571783 8.4959987550973874 10.384345948696138 10.610245034098623 84.974055409431458 12.15260002017021 7.6119603812694541
leaf_count=44 46 35 42 43 350 50 33
internal_value=0.000810291 -0.00263245 0.0107096 -0.000115182 0.0022461 -0.000313718 0.024253
internal_weight=155.013 114.979 40.0342 106.483 95.5843 22.5369 17.4972
internal_count=643 474 169 439 393 92 77
is_linear=0
shrinkage=0.03


Tree=46
num_leaves=10
num_cat=0
split_feature=28 21 37 33 6 32 32 34 38
split_gain=5.91796 12.6305 10.1288 8.69827 6.8667 6.27628 4.8339 1.91469 0.822692
threshold=5.5000000000000009 0.018307926463294506 0.026214240685226046 0.71031426269137798 -0.02754486139181099 0.011672361942633771 -0.0090758332684117687 0.017348878600102261 0.0086565526649731352
decision_type=2 2 2 2 2 2 2 2 2
left_child=4 -2 3 -3 -1 6 -6 -4 -7
right_child=1 2 7 -5 5 8 -8 -9 -10
leaf_value=-0.011988406677523725 -0.034734827546617476 0.014131677079469459 -0.020669826344591604 -0.0092988842463101896 0.0031726731127155279 0.0037973797084328484 0.028972098803650113 -0.0025370752586093013 -0.0081146976725211262
leaf_weight=9.8773385435342771 8.4923965185880643 43.093335211277008 16.283881291747097 18.422563180327415 12.093862667679781 7.6692600101232511 19.938691556453708 11.155609905719755 7.798533633351326
leaf_count=40 36 180 67 76 50 32 84 46 32
internal_value=0.000776181 -0.00360406 0 0.00680676 0.00833883 0.0131823 0.0204312 -0.0144806 -0.00159117
internal_weight=154.825 97.4478 88.9554 61.5159 57.3777 47.5003 32.0326 27.4395 15.4678
internal_count=643 405 369 256 238 198 134 113 64
is_linear=0
shrinkage=0.03


Tree=47
num_leaves=7
num_cat=0
split_feature=7 28 11 37 15 22
split_gain=5.86537 7.78076 10.2841 6.47189 5.43129 3.40033
threshold=0.086825898799824511 2.5000000000000004 0.023224645297790007 0.018586599097880966 -2149.4080500630726 -0.067675901725494134
decision_type=2 2 2 2 2 2
left_child=1 5 4 -4 -3 -1
right_child=-2 2 3 -5 -6 -7
leaf_value=0.028499778520827215 -0.018531306116128288 -0.005175010144568064 0.00026932063468336178 -0.016662907958539624 0.016953972513261726 0.0038567134658857708
leaf_weight=11.242255523800852 10.900645300745962 11.770316779613493 43.246747031807899 33.602308422327042 31.897451937198639 11.950186192989348
leaf_count=48 45 48 178 138 136 50
internal_value=0.000731245 0.0025296 -0.00051109 -0.00717893 0.0106954 0.0177118
internal_weight=154.61 143.709 120.517 76.8491 43.6678 23.1924
internal_count=643 598 500 316 184 98
is_linear=0
shrinkage=0.03


Tree=48
num_leaves=9
num_cat=0
split_feature=11 21 3 20 38 12 39 12
split_gain=5.64367 6.99615 6.94672 6.72975 7.92971 5.68262 2.55009 0.661145
threshold=-0.0040688580593983273 0.034280037750661213 0.10655023577043267 0.03398723964641135 0.0091440706235631861 49.546255249500611 1.0000000180025095e-35 58.150966757112975
decision_type=2 2 2 2 2 2 2 2
left_child=1 7 3 5 -5 -2 -3 -1
right_child=2 6 -4 4 -6 -7 -8 -9
leaf_value=0.029386582526344612 0.00538241913338599 0.010109813005897061 -0.025939503731700772 0.016169948171064298 -0.0041410368438748102 -0.016699981031824206 -0.0087194736640881596 0.0086906440951384986
leaf_weight=10.258976995944979 13.470659896731375 8.8985366225242615 8.4441616982221586 31.439099371433258 32.750438094139099 28.559431061148643 13.59862294793129 7.0268718600273123
leaf_count=47 56 36 35 131 134 118 56 30
internal_value=0.000713892 0.0102403 -0.00258163 -0.000141071 0.00576837 -0.00935888 -0.000442076 0.023525
internal_weight=154.447 39.783 114.664 106.22 64.1895 42.0301 22.4972 17.2858
internal_count=643 169 474 439 265 174 92 77
is_linear=0
shrinkage=0.03


Tree=49
num_leaves=11
num_cat=0
split_feature=28 37 20 36 28 12 35 12 32 38
split_gain=5.6121 8.53485 10.2407 8.2924 10.6121 7.56091 4.43929 3.49175 3.16875 1.84681
threshold=5.5000000000000009 0.029280092615905366 0.03398723964641135 0.0059705961288365802 2.5000000000000004 61.413784898477168 0.040090918997515053 50.731228072318231 0.011672361942633771 0.0076160196561081746
decision_type=2 2 2 2 2 2 2 2 2 2
left_child=3 2 7 4 -1 -4 -3 -2 9 -5
right_child=1 6 5 8 -6 -7 -8 -9 -10 -11
leaf_value=0.013522845938300903 0 -0.028283269202103098 0.015818780074565473 0.0084934682542215992 -0.022454561657034293 -0.0092374437323779254 -0.0012105929207021323 -0.022972280831464544 9.263258062831335e-05 0.030588183771468918
leaf_weight=12.667609483003618 9.0100591182708758 13.943409949541094 37.663500428199768 9.9682072550058418 12.563773036003111 12.59289391338825 10.413044631481169 13.466132909059523 8.4547739624977094 13.500602871179579
leaf_count=53 38 57 158 43 51 52 43 57 35 56
internal_value=0.000699187 -0.00357089 0.00150032 0.00808182 -0.00417442 0.00914007 -0.0182482 -0.0143202 0.0178859 0.0231965
internal_weight=154.244 97.089 72.7326 57.155 25.2314 50.2564 24.3565 22.4762 31.9236 23.4688
internal_count=643 405 305 238 104 210 100 95 134 99
is_linear=0
shrinkage=0.03


end of trees

feature_importances:
volatility=43
atr_pct=25
macro_topix_vol_20=25
month=24
vol_ratio=23
macd_hist=22
ma_20_60_cross=20
div_ma_60=18
macro_usdjpy_vol_20=16
macro_nikkei_ret_20=16
macd_signal=12
macro_topix_ret_20=12
macd_hist_change=11
return_3d=10
return_20d=10
macd=10
bb_pct_b=9
div_ma_10=8
rsi=8
upper_shadow_pct=8
gap=7
return_2d=6
return_5d=6
price_position_20d=6
macro_usdjpy_ret_60=6
return_1d=5
ma_5_20_cross=5
rsi_change=5
candle_body_pct=5
macro_usdjpy_ret_20=5
div_ma_5=4
lower_shadow_pct=4
div_ma_20=3
bb_bandwidth=3
vol_change=2
return_10d=1
macro_topix_above_200dma=1
macro_nikkei_above_200dma=1

parameters:
[boosting: gbdt]
[objective: binary]
[metric: binary_logloss]
[tree_learner: serial]
[device_type: cpu]
[data_sample_strategy: bagging]
[data: ]
[valid: ]
[num_iterations: 50]
[learning_rate: 0.03]
[num_leaves: 15]
[num_threads: 0]
[seed: 42]
[deterministic: 0]
[force_col_wise: 0]
[force_row_wise: 0]
[histogram_pool_size: -1]
[max_depth: 4]
[min_data_in_leaf: 30]
[min_sum_hessian_in_leaf: 0.001]
[bagging_fraction: 0.7]
[pos_bagging_fraction: 1]
[neg_bagging_fraction: 1]
[bagging_freq: 5]
[bagging_seed: 400]
[bagging_by_query: 0]
[feature_fraction: 0.6]
[feature_fraction_bynode: 1]
[feature_fraction_seed: 30056]
[extra_trees: 0]
[extra_seed: 12879]
[early_stopping_round: 0]
[early_stopping_min_delta: 0]
[first_metric_only: 0]
[max_delta_step: 0]
[lambda_l1: 0.5]
[lambda_l2: 2]
[linear_lambda: 0]
[min_gain_to_split: 0]
[drop_rate: 0.1]
[max_drop: 50]
[skip_drop: 0.5]
[xgboost_dart_mode: 0]
[uniform_drop: 0]
[drop_seed: 17869]
[top_rate: 0.2]
[other_rate: 0.1]
[min_data_per_group: 100]
[max_cat_threshold: 32]
[cat_l2: 10]
[cat_smooth: 10]
[max_cat_to_onehot: 4]
[top_k: 20]
[monotone_constraints: ]
[monotone_constraints_method: basic]
[monotone_penalty: 0]
[feature_contri: ]
[forcedsplits_filename: ]
[refit_decay_rate: 0.9]
[cegb_tradeoff: 1]
[cegb_penalty_split: 0]
[cegb_penalty_feature_lazy: ]
[cegb_penalty_feature_coupled: ]
[path_smooth: 0]
[interaction_constraints: ]
[verbosity: -1]
[saved_feature_importance_type: 0]
[use_quantized_grad: 0]
[num_grad_quant_bins: 4]
[quant_train_renew_leaf: 0]
[stochastic_rounding: 1]
[linear_tree: 0]
[max_bin: 255]
[max_bin_by_feature: ]
[min_data_in_bin: 5]
[bin_construct_sample_cnt: 200000]
[data_random_seed: 175]
[is_enable_sparse: 1]
[enable_bundle: 1]
[use_missing: 1]
[zero_as_missing: 0]
[feature_pre_filter: 1]
[pre_partition: 0]
[two_round: 0]
[header: 0]
[label_column: ]
[weight_column: ]
[group_column: ]
[ignore_column: ]
[categorical_feature: ]
[forcedbins_filename: ]
[precise_float_parser: 0]
[parser_config_file: ]
[objective_seed: 16083]
[num_class: 1]
[is_unbalance: 0]
[scale_pos_weight: 1]
[sigmoid: 1]
[boost_from_average: 1]
[reg_sqrt: 0]
[alpha: 0.9]
[fair_c: 1]
[poisson_max_delta_step: 0.7]
[tweedie_variance_power: 1.5]
[lambdarank_truncation_level: 30]
[lambdarank_norm: 1]
[label_gain: ]
[lambdarank_position_bias_regularization: 0]
[eval_at: ]
[multi_error_top_k: 1]
[auc_mu_weights: ]
[num_machines: 1]
[local_listen_port: 12400]
[time_out: 120]
[machine_list_filename: ]
[machines: ]
[gpu_platform_id: -1]
[gpu_device_id: -1]
[gpu_use_dp: 0]
[num_gpu: 1]

end of parameters

pandas_categorical:[]
