tree
version=v4
num_class=1
num_tree_per_iteration=1
label_index=0
max_feature_idx=44
objective=binary sigmoid:1
feature_names=return_1d return_2d return_3d return_5d return_10d return_20d div_ma_5 div_ma_10 div_ma_20 div_ma_60 ma_5_20_cross ma_20_60_cross rsi rsi_change macd macd_signal macd_hist macd_hist_change bb_pct_b bb_bandwidth atr_pct volatility vol_change vol_ratio candle_body_pct upper_shadow_pct lower_shadow_pct day_of_week month is_month_end is_month_start streak gap price_position_20d macro_usdjpy_ret_20 macro_usdjpy_ret_60 macro_usdjpy_vol_20 macro_topix_ret_20 macro_topix_vol_20 macro_topix_above_200dma macro_nikkei_ret_20 macro_nikkei_above_200dma macro_nikkei_vi macro_jgb10y macro_bias_score
feature_infos=[-0.14809960681520318:0.14522708729942879] [-0.15603448275862064:0.17770326906957257] [-0.20380611581001951:0.1693973896139962] [-0.15951236263736268:0.21564665127020777] [-0.20754716981132071:0.27152521525215256] [-0.24752282883232957:0.29059040590405893] [-0.13036526435474705:0.1220955020251545] [-0.14524690926870157:0.18429563798970672] [-0.17181627062496024:0.18446219621962201] [-0.20085130268020024:0.2288551890509031] [-0.12197286012526098:0.12462230486320935] [-0.12065637861779432:0.12818374195875326] [1.9073569482288804:95.096774193548384] [-22.536545515309292:26.718039913060672] [-271.57168459879449:203.88827339332784] [-243.11242780957588:181.69962119661756] [-109.99101279471606:105.58440512850065] [-51.687450789875655:37.51924326892204] [-0.384582825746493:1.3578999957468934] [0.049382998174901827:0.37593396845560212] [0.017116661209180484:0.060979513444302177] [0.01075596564220341:0.046748438278204872] [-0.89722333645317998:6.5363502154198425] [0.45332728908280862:2.026201659694999] [-1:0.98373983739837401] [0:0.92941176470588238] [0:0.9859154929577465] [0:4] [1:12] none [0:1] [-10:8] [-0.14809960681520318:0.17602682313495399] [0:1] [-0.10288784967882303:0.08505611680078462] [-0.13986255140503889:0.1344631365590534] [0.0024251968629527628:0.011841457708833433] [-0.22586490939044479:0.19897850606512013] [0.0040695656522785678:0.036437277456277402] [0:1] [-0.22859537662338159:0.23022297972565586] [0:1] none none none
tree_sizes=1386 1309 1209 1311 1307 1315 1315 975 1317 1202 1394 1514 1095 1104 1107 1098 1196 1294 863 1078 1195 1063 1184 1521 1411 1299 971 1428 1187 1209 999 891 887 1208 886 1188 1061 1190 964 1203 1423 1275 1099 1101 1312 1090 1214 1414 1212 1314

Tree=0
num_leaves=12
num_cat=0
split_feature=37 28 7 16 4 36 37 37 2 36 36
split_gain=17.704 11.7638 6.47992 18.7606 8.81335 8.48593 3.45588 3.28114 3.14877 2.45122 4.89354
threshold=-0.0043938986928843118 8.5000000000000018 0.0143931095521983 26.842891231037076 -0.01057728297902971 0.0071220746004734565 0.038861917094938032 0.024197012246840014 0.036755880923486146 0.008040828320118017 0.0062958938042169729
decision_type=2 2 2 2 2 2 2 2 2 2 2
left_child=1 9 4 8 5 -2 -5 -6 -4 10 -1
right_child=2 -3 3 6 7 -7 -8 -9 -10 -11 -12
leaf_value=-0.17830915502499295 -0.21619300082976123 -0.2110142530308895 -0.17598851845650088 -0.21034220770546008 -0.21548076663228374 -0.18620087424165563 -0.23728043232066884 -0.23837142554508861 -0.20234270164846263 -0.16522527883985066 -0.20748765424165685
leaf_weight=9.8931396007537895 32.894689172506332 14.59238091111183 12.366424500942232 10.882453560829164 13.603066951036455 9.1511541306972486 7.9145116806030265 17.312994301319122 9.1511541306972486 8.903825640678404 7.9145116806030265
leaf_count=40 133 59 50 44 55 37 32 70 37 36 32
internal_value=-0.206855 -0.190423 -0.212908 -0.203642 -0.218194 -0.208655 -0.22418 -0.229853 -0.185168 -0.17919 -0.190492
internal_weight=154.58 41.3039 113.276 40.3145 72.9619 42.0458 18.797 30.9161 21.5176 26.7115 17.8077
internal_count=625 167 458 163 295 170 76 125 87 108 72
is_linear=0
shrinkage=1


Tree=1
num_leaves=11
num_cat=0
split_feature=20 17 16 36 25 12 38 8 9 8
split_gain=18.6396 11.6807 11.4274 8.31623 5.97289 5.21617 4.51622 7.37282 3.17152 1.8883
threshold=0.025652123899393326 -0.60067354774897541 31.915587158467456 0.0074235845784227919 0.50187969924812037 33.534837670208688 0.0076540501876347514 -0.0075040694054038688 -0.0086779686563802031 0.022524861485842141
decision_type=2 2 2 2 2 2 2 2 2 2
left_child=6 4 3 -3 5 -2 8 -8 -1 -9
right_child=1 2 -4 -5 -6 -7 7 9 -10 -11
leaf_value=-0.039073500910902156 0.012175445791777938 0.011223528719607214 -0.013406145619437442 0.03887079574945658 0.01937638006044741 -0.011303259366866819 0.015413477486614814 -0.026019163589904762 -0.010668237084054366 -0.0032747517716889465
leaf_weight=8.1542035490274447 8.4117040485143644 30.928074926137924 7.6579004526138297 16.604027345776558 7.4161226153373709 39.298467800021172 7.9197182208299663 7.6645366996526745 11.861165270209311 8.6528659760951978
leaf_count=33 34 125 31 67 30 159 32 31 48 35
internal_value=0.000623188 0.00730666 0.0168429 0.0223637 -0.00223347 -0.00653871 -0.0153091 -0.00508635 -0.0254202 -0.0164515
internal_weight=154.569 110.316 55.19 47.5321 55.1263 47.7102 44.2525 24.2371 20.0154 16.3174
internal_count=625 446 223 192 223 193 179 98 81 66
is_linear=0
shrinkage=0.03


Tree=2
num_leaves=10
num_cat=0
split_feature=20 10 6 37 28 38 24 13 14
split_gain=17.7705 11.2339 12.1025 6.85644 6.65868 6.54706 5.55609 2.06552 1.25493
threshold=0.025652123899393326 -0.0079118577739198375 0.013375338288277595 0.0043833246663369527 10.500000000000002 0.0085545268139082704 0.22028241335044932 -4.9204609601521581 -37.816415540026348
decision_type=2 2 2 2 2 2 2 2 2
left_child=3 2 6 -1 5 -3 -2 -5 -9
right_child=1 4 -4 7 -6 -7 -8 8 -10
leaf_value=0.0040617894993136994 0.014470868416134075 0.01728247214736554 0.041982729236523547 -0.0039303049927436207 -0.022887071457449965 -0.0039180455195931179 -0.010443455333902245 -0.037915886996453853 -0.016259953930680634
leaf_weight=10.882813468575476 26.247806191444397 17.307296276092529 11.915944218635557 7.6516428440809241 8.6479483991861326 37.33148205280304 8.9183592647314054 7.6427641659975043 18.010805279016498
leaf_count=44 106 70 48 31 35 151 36 31 73
internal_value=0.000595654 0.00711807 0.0179082 -0.0149735 -0.000982207 0.0029057 0.00752687 -0.0214961 -0.0255298
internal_weight=154.557 110.369 47.0821 44.188 63.2867 54.6388 35.1662 33.3052 25.6536
internal_count=625 446 190 179 256 221 142 135 104
is_linear=0
shrinkage=0.03


Tree=3
num_leaves=11
num_cat=0
split_feature=19 10 36 35 11 19 5 10 19 38
split_gain=19.0862 13.3243 17.9326 8.47992 7.60691 5.349 4.44175 2.54492 2.42448 2.22484
threshold=0.10219324773337825 0.022419606580520227 0.0071220746004734565 0.0052147498903151188 0.040497126117630795 0.15400235884316582 0.0022884308442492345 0.0093276896231079282 0.089752546867492164 0.011856757862080571
decision_type=2 2 2 2 2 2 2 2 2 2
left_child=6 2 3 -2 5 -3 8 -8 -1 -4
right_child=1 4 9 -5 -6 -7 7 -9 -10 -11
leaf_value=-0.0321379425136602 -0.01770240603804947 -0.030726563185689202 0.041138207355801155 0.0099832319586684853 0.012058278042614112 -0.0036155011504052821 0.0052122726954124702 -0.015377078334298855 -0.0061976306392352038 0.014179669045175806
leaf_weight=14.789402961730959 11.134394809603689 9.8598807603120822 16.381359547376636 37.598485246300697 11.616352960467337 19.499243289232254 9.6409342139959353 7.4042624533176413 7.416800543665885 9.2002005577087385
leaf_count=60 45 40 66 152 47 79 39 30 30 37
internal_value=0.000561989 0.00681941 0.0143197 0.0029135 -0.00646774 -0.0145777 -0.0168933 -0.00361951 -0.0253216 0.0337179
internal_weight=154.541 115.29 74.3144 48.7329 40.9755 29.3591 39.2514 17.0452 22.2062 25.5816
internal_count=625 466 300 197 166 119 159 69 90 103
is_linear=0
shrinkage=0.03


Tree=4
num_leaves=11
num_cat=0
split_feature=19 10 36 35 11 28 19 28 1 1
split_gain=18.126 12.6228 16.9857 8.04124 7.24353 6.2451 5.10615 4.76031 4.67896 1.17242
threshold=0.10219324773337825 0.022419606580520227 0.0071220746004734565 0.0052147498903151188 0.040497126117630795 8.5000000000000018 0.15400235884316582 8.5000000000000018 0.0026463585434173269 -0.011987860826059847
decision_type=2 2 2 2 2 2 2 2 2 2
left_child=5 2 3 -2 6 8 -3 -4 -1 -7
right_child=1 4 7 -5 -6 9 -8 -9 -10 -11
leaf_value=-0.016082735475828704 -0.017279631328362053 -0.030057577070944922 0.041136082271170278 0.0096896715749391991 0.011737125765007812 -0.01170119743814787 -0.0035184437413460904 0.0081406440516302407 0.0090847495951481821 -0.037321483691856727
leaf_weight=12.336956635117533 11.113856032490729 9.8220331221818942 17.686058253049854 37.635465756058693 11.630676075816153 7.3845392018556621 19.491316512227058 7.9525544196367255 9.8843541890382749 9.5734227150678617
leaf_count=50 45 40 71 152 47 30 79 32 40 39
internal_value=0.000529982 0.00662485 0.0139195 0.00280697 -0.0063099 -0.0164976 -0.0142418 0.032774 -0.00444283 -0.0293675
internal_weight=154.511 115.332 74.3879 48.7493 40.944 39.1793 29.3133 25.6386 22.2213 16.958
internal_count=625 466 300 197 166 159 119 103 90 69
is_linear=0
shrinkage=0.03


Tree=5
num_leaves=11
num_cat=0
split_feature=10 12 28 21 28 37 36 21 4 35
split_gain=25.1277 9.88127 14.8477 14.9005 9.66695 7.40937 4.11406 3.8223 2.43791 1.45397
threshold=-0.022328610135099399 55.96152368430041 8.5000000000000018 0.017859860044039045 3.5000000000000004 -0.0071811721970096434 0.0052492901957877603 0.018238266281342678 -0.013913062824216003 0.05685331462893662
decision_type=2 2 2 2 2 2 2 2 2 2
left_child=4 2 3 -2 -1 -3 -7 -6 -4 -9
right_child=1 5 8 -5 7 6 -8 9 -10 -11
leaf_value=-0.0070586249494296342 -0.018175095058802378 0.0065166084592176536 -0.0021802206206588516 0.024182206766733511 0.0038795577476544549 -0.0070166308367992161 -0.028072884092129342 0.036490550616555921 -0.02288678028124224 0.011608359042968076
leaf_weight=8.6744596511125547 8.1418446004390699 8.4064421504735929 10.331497400999071 26.018944904208183 7.8916527032852164 16.539946675300598 30.013339951634407 18.150489047169689 15.526358827948568 7.4507074505090705
leaf_count=35 33 34 42 105 32 67 122 73 63 30
internal_value=-0.000551184 -0.00791391 0.000326089 0.0132251 0.0186345 -0.0168712 -0.0214979 0.0257343 -0.0159024 0.0311584
internal_weight=157.146 114.978 60.0186 34.1608 42.1673 54.9597 46.5533 33.4928 25.8579 25.6012
internal_count=636 466 243 138 170 223 189 135 105 103
is_linear=0
shrinkage=0.03


Tree=6
num_leaves=11
num_cat=0
split_feature=10 11 37 10 21 16 37 17 9 21
split_gain=23.826 8.85532 8.72868 9.51357 16.7442 6.21445 4.86601 4.84239 3.09392 2.8771
threshold=-0.022328610135099399 0.020554145295305973 -0.0051777922061011497 0.01006157548197162 0.017728513803982274 17.056119657552092 0.0026564149656386209 2.0022508482815664 0.061985422484434428 0.021023217523381595
decision_type=2 2 2 2 2 2 2 2 2 2
left_child=1 6 5 4 -4 9 -1 -8 -5 -2
right_child=2 -3 3 8 -6 -7 7 -9 -10 -11
leaf_value=0.022085563870887153 0.0065872261041751527 0.039224282915900278 -0.029169066483555418 -0.028362533394168853 0.012096049735709146 0.022914928810904549 0.012509613596818608 -0.014609531472016929 -0.010911314648155288 -0.015715928382870215
leaf_weight=11.442256718873979 7.9075626134872499 11.202956378459929 10.776159361004828 24.785559669137001 26.719492062926292 10.400129854679106 9.6523124724626559 9.9137906134128553 26.107872143387794 8.152898818254469
leaf_count=46 32 45 44 101 108 42 39 40 106 33
internal_value=-0.000536649 0.0181281 -0.00771784 -0.0122435 -0.000260187 0.0066706 0.00813706 -0.000616197 -0.0204449 -0.00439074
internal_weight=157.061 42.2113 114.85 88.3891 37.4957 26.4606 31.0084 19.5661 50.8934 16.0605
internal_count=636 170 466 359 152 107 125 79 207 65
is_linear=0
shrinkage=0.03


Tree=7
num_leaves=8
num_cat=0
split_feature=20 10 37 23 19 5 28
split_gain=22.7603 13.3202 8.8601 6.37196 6.16116 5.8209 5.60438
threshold=0.039842967178536449 -1.0000000180025095e-35 -0.0067857198836208102 1.1291489925681815 0.089752546867492164 -0.1137099308205151 2.5000000000000004
decision_type=2 2 2 2 2 2 2
left_child=1 4 -3 -2 -1 -6 -4
right_child=3 2 6 -5 5 -7 -8
leaf_value=-0.010893932221410562 0.044957745013258991 0.0064150666056777246 0 0.0058988095280010349 -0.011048487002797452 0.014357890940908828 -0.022991016232167812
leaf_weight=14.458558097481726 9.2211280316114443 14.336848974227903 13.045494869351385 8.1996960937976819 7.6729259490966788 42.940298765897751 47.08293342590332
leaf_count=59 37 58 53 33 31 173 192
internal_value=-0.000509602 -0.00477365 -0.0133358 0.0298465 0.00490636 0.00994763 -0.0183415
internal_weight=156.958 139.537 74.4653 17.4208 65.0718 50.6132 60.1284
internal_count=636 566 303 70 263 204 245
is_linear=0
shrinkage=0.03


Tree=8
num_leaves=11
num_cat=0
split_feature=10 28 28 10 38 4 39 18 38 17
split_gain=21.6929 8.80877 8.34273 9.65988 12.5463 8.68191 6.73161 5.08498 4.58407 2.3575
threshold=-0.022328610135099399 3.5000000000000004 8.5000000000000018 0.0077460072037801595 0.011196164179265436 -0.026576795867729871 1.0000000180025095e-35 0.37077655476262178 0.0076540501876347514 -0.20638674626157713
decision_type=2 2 2 2 2 2 2 2 2 2
left_child=1 -1 3 5 -5 -2 -4 -8 -3 -10
right_child=2 8 6 4 -6 -7 7 -9 9 -11
leaf_value=-0.0071302509094813872 -0.0096260608644703552 0.0018102445956913347 0.0040742406762487955 -0.016086217918177197 0.021154858836022413 0.023730154885861748 -0.0033651856725864333 -0.032121236935154694 0.011771185923237214 0.037501745889811033
leaf_weight=8.6743240654468519 8.6556615382432955 8.1583553552627546 7.8839898854494086 41.181353092193604 7.9165135473012915 18.097343131899834 9.5496102124452609 21.297460108995438 9.4683623313903791 15.96407386660576
leaf_count=35 35 33 32 168 32 73 39 87 38 64
internal_value=-0.000481485 0.0173039 -0.00735484 -0.00122672 -0.00919495 0.0124975 -0.0183383 -0.0244226 0.0240812 0.0300258
internal_weight=156.847 42.2651 114.582 75.8509 49.0979 26.753 38.7311 30.8471 33.5908 25.4324
internal_count=636 170 466 308 200 108 158 126 135 102
is_linear=0
shrinkage=0.03


Tree=9
num_leaves=10
num_cat=0
split_feature=20 12 19 16 23 4 20 21 8
split_gain=21.0924 14.463 6.94275 9.03652 6.02777 5.14846 4.38416 4.94849 1.29447
threshold=0.039842967178536449 52.574751912409688 0.095898664587490093 -11.032529992713902 1.1291489925681815 -0.081376842858009876 0.026040624822344618 0.021953752653981931 0.051197340465035761
decision_type=2 2 2 2 2 2 2 2 2
left_child=1 2 3 -1 -2 -4 8 -8 -3
right_child=4 6 5 -5 -6 -7 7 -9 -10
leaf_value=-0.027975442785460672 0.043432579219181311 -0.029316042730894141 -0.008015719854186391 0.007539172010934213 0.0054886240567776842 0.014198289439481048 0.0040047873068254948 -0.016344500651041562 -0.0076805492638118561
leaf_weight=10.050137385725977 9.2309465110301989 17.778399199247364 9.43646292388439 11.48649527132511 8.2006161808967573 44.648498862981796 16.737866774201393 21.798370406031609 7.3390321880578986
leaf_count=41 37 73 38 47 33 180 68 89 30
internal_value=-0.000450402 -0.00456738 0.00412548 -0.00936544 0.0287561 0.00990742 -0.0149342 -0.00737442 -0.0245803
internal_weight=156.707 139.275 75.6216 21.5366 17.4316 54.085 63.6537 38.5362 25.1174
internal_count=636 566 306 88 70 218 260 157 103
is_linear=0
shrinkage=0.03


Tree=10
num_leaves=12
num_cat=0
split_feature=12 28 14 18 20 4 15 3 9 9 14
split_gain=12.9514 15.3654 12.067 11.2192 7.37083 6.69875 6.63137 6.04243 5.68662 7.3438 4.5487
threshold=55.96152368430041 8.5000000000000018 -43.236347644326308 0.28661306316622187 0.024563995697637644 -0.02200025007159306 46.881534675505925 -0.015620003085679622 0.03122124100425119 0.092718734280450882 -95.145894181737717
decision_type=2 2 2 2 2 2 2 2 2 2 2
left_child=1 3 7 10 -2 -4 -5 -3 -6 -10 -1
right_child=4 2 5 6 8 -7 -8 -9 9 -11 -12
leaf_value=0.010393972605304488 -0.033768153562102055 -0.007038001334297053 -0.00054767262411013491 0.032508912253408379 -0.024668529382279498 -0.034488294299920709 0.0026703016075458811 0.023526518526562422 0.012647358159082914 -0.014510243896589088 -0.014746665248696136
leaf_weight=10.177013978362085 11.624554961919783 9.9064371287822741 9.1248510330915469 23.842379808425903 9.9872585237026197 14.432363376021383 11.120947510004042 8.9381353259086591 16.680974602699283 15.199426546692846 11.383440464735029
leaf_count=41 48 40 37 96 41 59 45 36 68 62 46
internal_value=-0.00245447 0.00386495 -0.00933022 0.0140003 -0.0141297 -0.023 0.0240818 0.00760576 -0.00704416 0 -0.0023681
internal_weight=152.418 98.9256 42.4018 56.5238 53.4922 23.5572 34.9633 18.8446 41.8677 31.8804 21.5605
internal_count=619 400 172 228 219 96 141 76 171 130 87
is_linear=0
shrinkage=0.03


Tree=11
num_leaves=13
num_cat=0
split_feature=12 28 14 39 16 36 24 14 38 19 7 2
split_gain=12.3193 14.5565 11.4935 10.2819 12.248 7.80841 3.86586 6.26348 6.26314 3.80408 3.24055 2.34705
threshold=55.96152368430041 8.5000000000000018 -43.236347644326308 1.0000000180025095e-35 -26.133838881462975 0.0053768216932880688 0.10931899641577063 39.19041682814396 0.010479745936924247 0.10666375431007948 0.026488654613910905 0.0322430736065994
decision_type=2 2 2 2 2 2 2 2 2 2 2 2
left_child=1 3 5 -1 -5 -3 7 -2 -9 -4 -8 -12
right_child=6 2 9 4 -6 -7 10 8 -10 -11 11 -13
leaf_value=0.038816166362197126 -0.024992960892455385 0.027662470977000142 -0.033862509805758612 -0.014669497923290578 0.016729082945446502 -0.0075329839258894572 -0.03353023082003246 -0.0087366077811541834 0.022594548804524571 -0.006946337661560221 0.0013646577167257634 -0.018746388522252574
leaf_weight=9.9648717790842039 7.226819351315501 7.7013758122921017 11.629746556282045 14.359279721975325 32.227830618619919 11.148429453372954 11.16677960753441 11.194509759545328 7.8675417155027381 11.85395887494087 7.3578667044639579 8.5647366940975171
leaf_count=40 30 31 48 58 130 45 46 46 32 48 30 35
internal_value=-0.00240562 0.00375271 -0.00910044 0.0136127 0.00653708 0.00740137 -0.0138086 -0.00434546 0.00440021 -0.022476 -0.0215462 -0.00950087
internal_weight=152.264 98.8855 42.3335 56.552 46.5871 18.8498 53.3783 26.2889 19.0621 23.4837 27.0894 15.9226
internal_count=619 400 172 228 188 76 219 108 78 96 111 65
is_linear=0
shrinkage=0.03


Tree=12
num_leaves=9
num_cat=0
split_feature=37 28 16 20 21 19 14 19
split_gain=17.9262 9.55224 9.25101 7.59319 7.74563 10.1495 3.9756 2.19592
threshold=-0.0032447397178275157 8.5000000000000018 22.779547450001132 0.035964675613601872 0.021896429758342804 0.10310576222919084 -16.058084769511421 0.11146304687443552
decision_type=2 2 2 2 2 2 2 2
left_child=1 2 -1 4 5 -2 -6 -3
right_child=3 7 -4 -5 6 -7 -8 -9
leaf_value=0.03292795644815235 -0.01940417058150929 -0.014969033105323737 -0.002204797926950003 0.011612493788311631 -0.0021568732562748378 0.0039476670023564468 -0.029753121381103389 0.0046528421324756519
leaf_weight=20.646482989192013 25.72403022646904 7.5707023590803129 8.1715216487646085 11.876203089952467 7.6639198958873775 39.127983510494232 23.358136788010597 7.9485293328762054
leaf_count=83 106 31 33 48 31 159 96 32
internal_value=-0.00235899 0.0131924 0.0229825 -0.00901859 -0.0119126 -0.00539404 -0.0239333 -0.00467916
internal_weight=152.088 44.3372 28.818 107.75 95.8741 64.852 31.0221 15.5192
internal_count=619 179 116 440 392 265 127 63
is_linear=0
shrinkage=0.03


Tree=13
num_leaves=9
num_cat=0
split_feature=10 28 36 40 40 36 36 38
split_gain=12.3721 16.9629 9.68609 8.30728 8.90137 7.09663 5.41779 3.42809
threshold=-0.02873183928190964 8.5000000000000018 0.0075745090968123889 0.072276324650495175 0.054286941441311638 0.0057013751940565927 0.0059705961288365802 0.0088530431737418314
decision_type=2 2 2 2 2 2 2 2
left_child=2 3 5 4 -2 -1 7 -3
right_child=1 6 -4 -5 -6 -7 -8 -9
leaf_value=0.016035067181251972 0.00020393765412315848 -0.021216228808672247 0.034986519799375809 -0.020631046932717164 0.029558232604988289 -0.013384241100868959 -0.033005245111764836 0.0019345897611571666
leaf_weight=13.185819089412691 56.958067193627357 7.961646810173991 9.9639731049537641 11.197825565934179 9.377628341317175 12.166012555360792 20.572323575615883 10.528985902667044
leaf_count=53 232 33 40 46 38 49 85 43
internal_value=-0.00229736 -0.0070919 0.0126617 0.000956092 0.00531679 0.00142237 -0.0226997 -0.00839945
internal_weight=151.912 116.596 35.3158 77.5335 66.3357 25.3518 39.063 18.4906
internal_count=619 477 142 316 270 102 161 76
is_linear=0
shrinkage=0.03


Tree=14
num_leaves=9
num_cat=0
split_feature=10 36 35 18 10 11 11 5
split_gain=11.7494 9.22354 18.0031 8.54581 10.0835 6.61619 4.67237 2.61335
threshold=-0.02873183928190964 0.0075745090968123889 0.0052147498903151188 0.24930473188858093 -0.0072342355309884523 0.087470849211280691 -0.0044409159564618985 -0.075627942676479418
decision_type=2 2 2 2 2 2 2 2
left_child=1 2 -1 -2 6 -6 -5 -4
right_child=3 -3 7 4 5 -7 -8 -9
leaf_value=-0.030473039530778092 -0.028333251316555185 0.034148550774216239 0.028197155287818496 0.027800404068674699 -0.0048064241498577583 -0.032336560156008977 -0.00025774227988390066 0.002416064697866161
leaf_weight=8.1551514267921466 12.909316733479498 9.951478496193884 9.4695098549127596 9.6883871853351611 78.675485774874687 7.2859454452991477 7.8790737539529792 7.723542556166648
leaf_count=33 53 40 38 39 323 30 32 31
internal_value=-0.00222783 0.0123478 0.00136908 -0.00690715 -0.00360698 -0.00799255 0.0157095 0.0188558
internal_weight=151.738 35.2997 25.3482 116.438 103.529 85.9614 17.5675 17.1931
internal_count=619 142 102 477 424 353 71 69
is_linear=0
shrinkage=0.03


Tree=15
num_leaves=9
num_cat=0
split_feature=20 37 16 28 17 37 3 38
split_gain=16.8234 12.6182 9.85985 8.67562 7.78648 3.4246 3.18607 2.66702
threshold=0.039019198165735923 -0.0046578334528463708 28.84398471804538 6.5000000000000009 -1.7925267504229934 0.017944696263563768 -0.0057869346518041312 0.011821125890087112
decision_type=2 2 2 2 2 2 2 2
left_child=1 3 4 -1 -3 -4 -5 -2
right_child=7 2 5 6 -6 -7 -8 -9
leaf_value=0.029019470322673321 0.034870257613952238 -0.015183887075300108 -0.0058563749341693314 -0.015059296515777344 0.0026160382617612999 -0.035715827684207883 0.0076158476169791937 0.008014822664887903
leaf_weight=11.938400134444239 8.9363231658935565 36.531316921114922 7.2424519658088711 7.5515471696853682 48.203154787421227 14.153414025902746 10.886702135205265 9.6664846837520582
leaf_count=48 36 150 30 31 196 59 44 39
internal_value=-0.00140752 -0.00524156 -0.0101709 0.0110817 -0.00505822 -0.0276143 -0.00150191 0.0237762
internal_weight=155.11 136.507 106.13 30.3766 84.7345 21.3959 18.4382 18.6028
internal_count=633 558 435 123 346 89 75 75
is_linear=0
shrinkage=0.03


Tree=16
num_leaves=10
num_cat=0
split_feature=37 28 16 40 7 26 38 3 25
split_gain=13.1736 10.191 9.62393 5.73538 8.52032 6.88081 4.19376 3.3121 2.15117
threshold=-0.0046578334528463708 8.5000000000000018 26.405283192891634 0.04697245847115817 0.018059164962298795 0.57653858169322103 0.0102521231549312 -0.026961664241398561 0.14878671775223504
decision_type=2 2 2 2 2 2 2 2 2
left_child=1 7 3 5 -5 -2 -4 -1 -9
right_child=2 -3 6 4 -6 -7 -8 8 -10
leaf_value=0.0033160521394969855 -0.01176456831903876 -0.0067942626761579592 -0.031451829738488146 -0.001394440130120954 0.030666125168387539 0.01403043011767293 -0.0029351596991833051 0.01050954493159032 0.038584155372694905
leaf_weight=7.710678011178973 50.719269081950188 13.448001533746718 15.317388683557512 22.984245166182522 8.4164080023765546 9.0541625916957837 8.6480066925287229 7.6952247172594097 10.939173236489294
leaf_count=31 207 55 64 94 34 37 36 31 44
internal_value=-0.0013577 0.0130017 -0.00658574 -0.0017766 0.00807145 -0.00728671 -0.0227579 0.0234023 0.0298598
internal_weight=154.933 39.7931 115.139 91.1741 31.4007 59.7734 23.9654 26.3451 18.6344
internal_count=633 161 472 372 128 244 100 106 75
is_linear=0
shrinkage=0.03


Tree=17
num_leaves=11
num_cat=0
split_feature=18 17 28 16 10 13 38 16 36 38
split_gain=10.3887 12.8447 7.65548 13.4214 12.2921 6.49317 6.41312 6.01771 2.75143 2.94186
threshold=0.81078160961638457 -1.7925267504229934 8.5000000000000018 -25.135494837752372 -0.027211920273141284 -1.5826079709601186 0.00974901266386838 -4.8602590945084225 0.0050484559844256238 0.011084513141813464
decision_type=2 2 2 2 2 2 2 2 2 2
left_child=1 5 3 -3 -4 7 -7 -1 -2 -10
right_child=8 2 4 -5 -6 6 -8 -9 9 -11
leaf_value=-0.010013828497493096 -0.00022586031736192738 -0.0064643970312701603 0.022750065092386775 0.029361310846694407 -0.018647344143443729 -0.030705232157328056 0 0.012574687827706581 -0.030670644245822588 -0.0040330190717176792
leaf_weight=20.585459798574448 8.2899452596902865 11.604232415556906 8.7112047374248522 29.768677815794945 14.066404849290846 13.746414318680765 9.5028215795755369 17.942833572626114 12.724953904747965 7.8296833634376517
leaf_count=84 34 47 35 120 58 57 39 74 53 32
internal_value=-0.00129953 0.00238307 0.0116993 0.0191324 -0.0016513 -0.00711929 -0.0189573 0.000237069 -0.0169751 -0.0224463
internal_weight=154.773 125.928 64.1505 41.3729 22.7776 61.7775 23.2492 38.5283 28.8446 20.5546
internal_count=633 514 260 167 93 254 96 158 119 85
is_linear=0
shrinkage=0.03


Tree=18
num_leaves=7
num_cat=0
split_feature=20 16 31 23 17 16
split_gain=15.6677 9.54757 10.88 8.95908 7.46281 6.61357
threshold=0.039019198165735923 26.143440548405284 -3.4999999999999996 1.1488467209200646 -4.2772933474870163 19.809252800830901
decision_type=2 2 2 2 2 2
left_child=1 2 -1 -2 -3 -4
right_child=3 4 5 -5 -6 -7
leaf_value=-0.025912983438429626 0.039520511057911212 0.0033372618851132728 -0.0002381875525038765 0 -0.02900896483780285 0.022484393675588341
leaf_weight=11.661299362778662 10.148350045084955 7.4079954177141216 85.758237361907959 8.4256782680749875 20.096188977360725 11.103146210312842
leaf_count=48 41 31 350 34 84 45
internal_value=-0.00128407 -0.00499817 -0.000726472 0.0230289 -0.0201528 0.00261693
internal_weight=154.601 136.027 108.523 18.574 27.5042 96.8614
internal_count=633 558 443 75 115 395
is_linear=0
shrinkage=0.03


Tree=19
num_leaves=9
num_cat=0
split_feature=20 37 23 16 3 17 34 37
split_gain=14.8894 11.0903 8.54926 8.50417 7.38285 6.81803 4.74207 3.26259
threshold=0.039019198165735923 -0.0046578334528463708 1.1488467209200646 28.84398471804538 -0.030813254199323233 -1.7925267504229934 0.012180832334821702 0.017944696263563768
decision_type=2 2 2 2 2 2 2 2
left_child=1 4 -2 5 -1 -3 -6 -5
right_child=2 3 -4 7 6 -7 -8 -9
leaf_value=-0.010791021838868733 0.038604587770199719 -0.014274357022249549 0 -0.004871221414072262 0.0046564479032601344 0.0023951471967682469 0.033990176261430131 -0.033825714918498472
leaf_weight=8.3365744054317492 10.125240474939348 36.334106519818306 8.4256782680749875 7.1786167025566128 12.840145453810694 48.172272130846977 9.1659143865108472 13.857067137956617
leaf_count=34 41 150 34 30 52 196 37 59
internal_value=-0.00124169 -0.00486654 0.0224699 -0.0095136 0.0104225 -0.00476294 0.0193132 -0.0258767
internal_weight=154.436 135.885 18.5509 105.542 30.3426 84.5064 22.0061 21.0357
internal_count=633 558 75 435 123 346 89 89
is_linear=0
shrinkage=0.03


Tree=20
num_leaves=10
num_cat=0
split_feature=37 20 23 19 7 23 10 9 12
split_gain=12.3811 11.6844 6.76281 10.8264 7.62222 5.40932 7.10112 2.91159 6.88377
threshold=-0.0043938986928843118 0.025735764680941266 1.1488467209200646 0.10032475627565877 0.029831759704903035 1.3233902535884596 0.0020795839768399387 -0.012828242730814775 52.574751912409688
decision_type=2 2 2 2 2 2 2 2 2
left_child=2 7 3 -1 -5 6 -3 -2 -9
right_child=1 5 -4 4 -6 -7 -8 8 -10
leaf_value=-0.0076647189172657235 -0.02924353296018117 0.012548762150960062 -0.0073218803322635849 0.037909793488257286 0.00023318561260779618 -0.020193732592252531 -0.00675682675700464 0.009411283929191579 -0.021999013555139467
leaf_weight=9.2331749349832517 17.406338781118393 33.571172893047333 11.160682305693625 16.835303500294689 7.6262622326612464 8.2535031139850599 30.345128402113914 8.0506401062011737 14.034273773431776
leaf_count=38 73 136 45 68 31 34 126 33 59
internal_value=-0.00180463 -0.00721348 0.0110729 0.0176549 0.0276358 0 0.0032287 -0.0198996 -0.0100955
internal_weight=156.516 111.661 44.8554 33.6947 24.4616 72.1698 63.9163 39.4913 22.0849
internal_count=643 461 182 137 99 296 262 165 92
is_linear=0
shrinkage=0.03


Tree=21
num_leaves=9
num_cat=0
split_feature=36 18 19 37 26 20 11 37
split_gain=12.073 10.5178 10.6717 7.7836 4.31506 6.02073 6.07753 4.93916
threshold=0.0071938752021442577 0.77300727374865297 0.10219324773337825 0.039337582084114316 0.57653858169322103 0.025652123899393326 -0.017282654314463849 0.0099510965333866625
decision_type=2 2 2 2 2 2 2 2
left_child=4 2 -2 -4 5 7 -7 -1
right_child=1 -3 3 -5 -6 6 -8 -9
leaf_value=0 -0.0096438593732495609 -0.01425379136200804 0.033054148369200925 0 0.0062346069845285162 -0.014810800545118675 0.0039472877849940158 -0.026988459369164296
leaf_weight=7.5867869555950191 9.0326080322265607 10.795548290014265 23.151862785220146 9.4949714094400388 14.39630678296089 24.756845101714134 33.697775185108185 23.378356948494911
leaf_count=31 38 45 94 39 59 101 138 98
internal_value=-0.00176884 0.00960946 0.0165034 0.0243098 -0.00773481 -0.0102351 -0.00397622 -0.0206373
internal_weight=156.291 52.475 41.6794 32.6468 103.816 89.4198 58.4546 30.9651
internal_count=643 216 171 133 427 368 239 129
is_linear=0
shrinkage=0.03


Tree=22
num_leaves=10
num_cat=0
split_feature=36 18 28 10 26 20 40 37 26
split_gain=11.3924 9.97921 12.4805 7.27882 4.09781 5.72747 7.56435 4.7168 1.56333
threshold=0.0071938752021442577 0.77300727374865297 8.5000000000000018 -0.013657608141881382 0.57653858169322103 0.025652123899393326 0.04697245847115817 0.0099510965333866625 0.11622344167721967
decision_type=2 2 2 2 2 2 2 2 2
left_child=4 2 8 -4 5 7 -7 -1 -2
right_child=1 -3 3 -5 -6 6 -8 -9 -10
leaf_value=0 0.010353158863986411 -0.013922621120194573 0.014793325898483518 -0.02129147645073062 0.0060666113391077657 -0.010786704229261364 0.011832905786562032 -0.026376062023130507 0.033868172468400244
leaf_weight=7.5867869555950191 8.0862434804439562 10.768748775124548 7.4126868098974219 8.4978156834840757 14.406346619129179 41.641830369830132 16.79263624548912 23.251877516508102 17.645760133862495
leaf_count=31 33 45 30 36 59 170 69 98 72
internal_value=-0.00172392 0.00933165 0.0160514 -0.00386751 -0.00752542 -0.00996803 -0.0038617 -0.0201419 0.0282991
internal_weight=156.091 52.4113 41.6425 15.9105 103.679 89.2731 58.4345 30.8387 25.732
internal_count=643 216 171 66 427 368 239 129 105
is_linear=0
shrinkage=0.03


Tree=23
num_leaves=13
num_cat=0
split_feature=36 18 28 4 21 21 5 40 24 23 14 36
split_gain=10.7772 9.49188 11.833 6.89807 4.30774 11.706 9.83583 6.79798 6.44163 6.41305 4.038 3.29073
threshold=0.0071938752021442577 0.77300727374865297 8.5000000000000018 -0.02596897361480693 0.021023217523381595 0.017728513803982274 -0.044909165372954855 0.020551052781802474 0.06104702750665484 1.0655194499238154 16.535316070814137 0.0049285609599828929
decision_type=2 2 2 2 2 2 2 2 2 2 2 2
left_child=4 2 10 -4 5 11 9 -8 -7 -6 -2 -1
right_child=1 -3 3 -5 6 8 7 -9 -10 -11 -12 -13
leaf_value=-0.0010000416859174857 0.035606460503087273 -0.013599670107091696 0.013951785465691435 -0.021166801789344256 0.021453333876009721 0.02198215330296972 -0.036622532115986352 -0.0058642510562383785 -0.0031645919315581241 -0.010734132253081173 0.0063887457614142783 -0.025217205375061169
leaf_weight=9.6221852153539675 17.147847130894665 10.741647511720656 7.6370181590318671 8.2328947037458402 7.6346911191940334 16.759248092770576 15.689751952886583 13.724107548594473 15.334819942712782 10.838366955518721 8.5759542584419233 13.932674720883368
leaf_count=40 70 45 31 35 31 69 65 57 63 44 35 58
internal_value=-0.00166672 0.00909036 0.0156493 -0.00375738 -0.00731557 -0.00122967 -0.0137544 -0.0240357 0.0100461 0.00263212 0.0275703 -0.0167639
internal_weight=155.871 52.3354 41.5937 15.8699 103.536 55.6489 47.8869 29.4139 32.0941 18.4731 25.7238 23.5549
internal_count=643 216 171 66 427 230 197 122 132 75 105 98
is_linear=0
shrinkage=0.03


Tree=24
num_leaves=12
num_cat=0
split_feature=37 20 28 40 15 20 25 2 9 11 2
split_gain=11.0308 10.0807 8.03804 6.97396 6.0844 4.83711 3.52638 2.96145 2.78044 4.72616 2.35816
threshold=-0.0043938986928843118 0.025735764680941266 8.5000000000000018 0.022709992043297381 48.472436855118943 0.028111777087130047 0.23883127243717595 0.030860306817462994 -0.012828242730814775 0.0075518515416213025 -0.017279165383709768
decision_type=2 2 2 2 2 2 2 2 2 2 2
left_child=2 8 7 6 -5 -4 -3 10 -2 -10 -1
right_child=1 3 5 4 -6 -7 -8 -9 9 -11 -12
leaf_value=0.0073952523993021995 -0.027758090442908626 -0.020334143882950777 0.0090793495481978296 0.016133811387642884 -0.0046630079216663433 -0.02019720019130522 0.00036711488659041006 0.00060741489849742937 0.0074198591401626844 -0.018758828604815571 0.032699794347845014
leaf_weight=8.4233349859714526 17.150870189070702 15.307556912302973 7.8112840503454199 25.982972025871277 20.275181517004967 8.0155503749847394 10.420118749141691 7.3296295851469031 7.6497687101364162 14.21440304815769 13.048232629895212
leaf_count=34 73 63 32 106 84 33 43 30 32 60 53
internal_value=-0.00163237 -0.00676036 0.0105434 0 0.00689215 -0.00550889 -0.0119871 0.0196364 -0.0186311 -0.00911673 0.0248879
internal_weight=155.629 111.001 44.628 71.9858 46.2582 15.8268 25.7277 28.8012 39.015 21.8642 21.4716
internal_count=643 461 182 296 190 65 106 117 165 92 87
is_linear=0
shrinkage=0.03


Tree=25
num_leaves=11
num_cat=0
split_feature=37 40 37 21 12 18 14 34 32 15
split_gain=12.1763 9.98258 11.4575 10.2409 6.89257 4.37214 6.07902 6.04062 4.04503 2.32851
threshold=-0.0043938986928843118 0.021125035640814142 0.038861917094938032 0.018458249247299066 60.500463875363003 0.15352595275167316 -38.663646703243778 0.015885957688813627 -0.0087054197930505044 -64.235233047806744
decision_type=2 2 2 2 2 2 2 2 2 2
left_child=5 8 3 -3 -4 -1 -7 -8 -2 -10
right_child=1 2 4 -5 -6 6 7 -9 9 -11
leaf_value=-0.0014407599046919921 0.00034581834540576005 -0.0065138656030314492 0 0.027456428685575122 -0.024668529633480641 0.034711427534483773 -0.0075245726765105986 0.02266369752979518 -0.0044444403393323669 -0.026677633146754146
leaf_weight=10.276918545365332 8.2276299595832807 10.576873481273653 30.608729541301727 19.947357222437859 12.647406503558157 12.264818549156191 10.346950709819795 9.0935478061437589 8.4621888846158999 21.194328293204308
leaf_count=42 34 44 126 82 54 50 42 37 35 89
internal_value=0.000640576 -0.00445412 0.00185346 0.0155475 -0.00773854 0.0141189 0.0193936 0.00669365 -0.0165913 -0.021489
internal_weight=153.647 111.665 73.7804 30.5242 43.2561 41.9822 31.7053 19.4405 37.8841 29.6565
internal_count=635 464 306 126 180 171 129 79 158 124
is_linear=0
shrinkage=0.03


Tree=26
num_leaves=8
num_cat=0
split_feature=20 16 31 26 18 23 18
split_gain=10.6639 8.67539 7.81096 5.85279 4.13202 3.83378 0.483796
threshold=0.024929722162288177 32.58040881952639 -3.4999999999999996 0.19521722560975613 0.37523075196019035 0.99904908947139226 0.62667675510417753
decision_type=2 2 2 2 2 2 2
left_child=4 2 -2 -4 -1 -3 -6
right_child=1 5 3 -5 6 -7 -8
leaf_value=0 -0.013257601263753627 -0.025215027910237973 0.0021561434587323886 0.017861658783020314 -0.030084828982184241 0.00027324438746446613 -0.012296743024989076
leaf_weight=12.461804911494253 11.088335901498793 8.9440754652023333 40.612942382693291 51.397501453757286 7.4290279597044018 8.0581975579261762 13.472551628947256
leaf_count=52 46 38 166 210 31 34 58
internal_value=0.00062041 0.00490512 0.00829817 0.0112822 -0.0137846 -0.0135882 -0.0213493
internal_weight=153.464 120.101 103.099 92.0104 33.3634 17.0023 20.9016
internal_count=635 494 422 376 141 72 89
is_linear=0
shrinkage=0.03


Tree=27
num_leaves=12
num_cat=0
split_feature=37 40 37 10 10 34 21 32 11 12 38
split_gain=11.453 9.41688 10.8106 6.89426 6.86096 5.43948 5.33499 3.84463 2.16616 1.23828 0.95042
threshold=-0.0043938986928843118 0.021125035640814142 0.044779168776483698 0.027272644864938859 -0.027211920273141284 0.01434313344237126 0.018458249247299066 -0.0087054197930505044 -0.044887126789939162 51.988773240199649 0.010983378149636782
decision_type=2 2 2 2 2 2 2 2 2 2 2
left_child=4 7 6 -4 10 9 -3 -2 -9 -6 -1
right_child=1 2 3 -5 5 -7 -8 8 -10 -11 -12
leaf_value=0.037143250155561788 0.00028288564899866218 -0.0031730457383379656 -0.00053864392995917358 -0.02989704137513273 -0.014048442585837248 0.018100935193194664 0.018711591069741931 -0.0049009306186940825 -0.026256471531534785 0.00022545857473127925 0.011737763428720689
leaf_weight=7.8878547549247724 8.2303668111562711 12.543736666440962 23.204014286398888 9.2685284316539747 8.3013826459646243 11.074536815285681 28.679719895124435 8.9502296298742312 20.564778998494148 7.4125003069639197 7.2413993775844574
leaf_count=32 34 52 96 40 34 45 118 38 86 30 30
internal_value=0.000572921 -0.00437051 0.00174972 -0.0106018 0.0136575 0.00326746 0.0118667 -0.0161841 -0.0209785 -0.00720318 0.0286493
internal_weight=153.359 111.441 73.696 32.4725 41.9177 26.7884 41.2235 37.7454 29.515 15.7139 15.1293
internal_count=635 464 306 136 171 109 170 158 124 64 62
is_linear=0
shrinkage=0.03


Tree=28
num_leaves=10
num_cat=0
split_feature=37 20 16 16 34 28 12 34 1
split_gain=10.9434 8.19494 7.2651 6.89377 6.05982 4.96776 1.96918 4.55921 1.09679
threshold=-0.0043938986928843118 0.024929722162288177 32.58040881952639 -2.5271487575043134 0.010798732777574817 8.5000000000000018 41.639833670967057 0.0078169247852096797 0.013493146055866047
decision_type=2 2 2 2 2 2 2 2 2
left_child=5 4 3 -3 -2 6 -1 -8 -4
right_child=1 2 8 -5 -6 -7 7 -9 -10
leaf_value=0.031145661974080103 0 -0.0032975149984658097 -0.0047546784004491409 0.015004052026660959 -0.029395425694691422 -0.00070976897420680426 -0.00094064445604209604 0.026043125731623006 -0.025587658478481663
leaf_weight=9.9681124687194842 11.091991335153581 40.659774079918861 7.4635718017816526 29.869556874036789 15.242065623402594 13.409631818532942 10.854368209838869 7.6449957191944113 6.9828744679689407
leaf_count=41 47 166 32 123 66 55 44 31 30
internal_value=0.000555809 -0.00427728 0.000202979 0.00444649 -0.0182576 0.0133535 0.020082 0.0109318 -0.0176237
internal_weight=153.187 111.31 84.9758 70.5293 26.3341 41.8771 28.4675 18.4994 14.4464
internal_count=635 464 351 289 113 171 116 75 62
is_linear=0
shrinkage=0.03


Tree=29
num_leaves=10
num_cat=0
split_feature=19 37 40 37 6 12 9 37 7
split_gain=10.8105 11.9793 8.01522 14.9466 3.71753 3.58695 2.33244 1.37401 1.07073
threshold=0.10032475627565877 -0.0096453618550332281 0.021125035640814142 0.038861917094938032 0.0046788638569506555 49.695945945945944 -0.029425301453711129 0.039047999263081785 -0.030220346277699851
decision_type=2 2 2 2 2 2 2 2 2
left_child=6 5 4 -4 -3 8 -1 -8 -2
right_child=1 2 3 -5 -6 -7 7 -9 -10
leaf_value=-0.0017555242961776157 0.01198196971062125 -0.00061711093020870296 0.022114679745067929 -0.0071148438697077468 -0.021273892714432502 0.0045427668643519296 -0.025323608717787424 -0.0048961132279752208 0.037337639103510213
leaf_weight=12.492750793695448 7.3617360889911678 16.698607891798019 26.631832256913185 32.358969315886497 16.272697925567627 10.373554170131682 13.504309147596361 7.6439649909734717 9.6609436571598071
leaf_count=53 30 69 109 135 68 42 57 32 40
internal_value=0.00052867 0.00488 -0.000282512 0.00612756 -0.0118746 0.0215597 -0.0138965 -0.0196491 0.0295733
internal_weight=152.999 119.358 91.9621 58.9908 32.9713 27.3962 33.641 21.1483 17.0227
internal_count=635 493 381 244 137 112 142 89 70
is_linear=0
shrinkage=0.03


Tree=30
num_leaves=8
num_cat=0
split_feature=40 20 37 23 34 34 16
split_gain=7.45705 5.83207 7.40969 7.32449 6.50309 2.0532 1.53404
threshold=-0.047575993634514584 0.039019198165735923 0.055885193341114421 1.1291489925681815 0.011914230819505269 0.011658217495534752 -9.0941772661622355
decision_type=2 2 2 2 2 2 2
left_child=6 2 4 -3 -2 -4 -1
right_child=1 3 5 -5 -6 -7 -8
leaf_value=0.0049472072327713789 -0.0070445401838882381 0.031540226133281793 -0.0039341183216424777 -0.0051936474252255727 0.0079673857841344523 -0.028361143432670207 0.028644885804316688
leaf_weight=7.2151611149311066 58.643952131271362 8.0765892267227155 7.1754769831895855 7.4152574837207785 43.202168151736259 10.721839234232901 7.2776283621788007
leaf_count=30 243 33 30 30 180 46 30
internal_value=0.000667611 -0.00153059 -0.00393425 0.0145164 -0.000501373 -0.0207015 0.0197872
internal_weight=149.728 135.235 119.743 15.4918 101.846 17.8973 14.4928
internal_count=622 562 499 63 423 76 60
is_linear=0
shrinkage=0.03


Tree=31
num_leaves=7
num_cat=0
split_feature=33 36 28 15 21 32
split_gain=9.22847 8.94288 9.17623 6.58965 6.54028 2.80384
threshold=0.93508736582688023 0.0071638962918784792 8.5000000000000018 111.27834758269829 0.021023217523381595 0.0107760120228817
decision_type=2 2 2 2 2 2
left_child=1 3 5 4 -1 -3
right_child=-2 2 -4 -5 -6 -7
leaf_value=0.0088319624624653547 -0.022952938044082161 0.025846340674097221 -0.0058661033169286891 -0.023742676717707193 -0.0077690712595127774 0.0018732059685165731
leaf_weight=40.898422420024872 11.460423201322554 26.448764264583588 13.806501045823095 9.433138042688368 40.326657816767693 7.2301168739795676
leaf_count=170 49 109 58 40 166 30
internal_value=0.000656267 0.00302154 0.0133345 -0.00238959 0.000421008 0.0215137
internal_weight=149.604 138.144 47.4854 90.6582 81.2251 33.6789
internal_count=622 573 197 376 336 139
is_linear=0
shrinkage=0.03


Tree=32
num_leaves=7
num_cat=0
split_feature=33 36 19 15 19 35
split_gain=8.78683 8.4643 13.2023 6.29654 6.67298 3.27809
threshold=0.93508736582688023 0.0071638962918784792 0.10219324773337825 111.27834758269829 0.12408921937972342 0.031322588482372245
decision_type=2 2 2 2 2 2
left_child=1 3 -3 4 -1 -4
right_child=-2 2 5 -5 -6 -7
leaf_value=0.0096334074633230207 -0.022470402550929958 -0.015991918866311156 0.013044735142534578 -0.023258706180836263 -0.0071851628857462855 0.035606900556037567
leaf_weight=37.30601093173027 11.399211645126341 9.2004649341106397 28.350973144173622 9.3829208016395551 43.936330139636993 9.9238967895507795
leaf_count=155 49 39 117 40 181 41
internal_value=0.000621318 0.00292801 0.0129636 -0.00233372 0.00040353 0.0207448
internal_weight=149.5 138.101 47.4753 90.6253 81.2423 38.2749
internal_count=622 573 197 376 336 158
is_linear=0
shrinkage=0.03


Tree=33
num_leaves=10
num_cat=0
split_feature=37 18 10 2 20 19 32 32 1
split_gain=6.7951 7.09451 7.94948 6.66686 4.56095 5.39963 4.07437 3.54757 0.0668994
threshold=0.026648636712105937 0.81078160961638457 0.034254195209238343 -0.018613396429495162 0.035964675613601872 0.14820138347820785 0.0043686258439448187 0.0013839221418349148 -0.0016290788103364704
decision_type=2 2 2 2 2 2 2 2 2
left_child=1 2 3 -1 5 6 -2 -3 -7
right_child=4 7 -4 -5 -6 8 -8 -9 -10
leaf_value=-0.0050665730330648967 0.0044997316342265331 0.0018748850132915618 0.036225652980132653 0.013417021792378893 0.011012717500501206 -0.029080322442125321 -0.015055493158216304 -0.023662872665730493 -0.01047370381522489
leaf_weight=27.425173401832581 21.87960210442543 7.4347402602434141 7.293757051229476 39.698379650712013 8.3185173720121366 9.2073240429162997 13.494180172681807 7.6300347298383713 6.9805184155702582
leaf_count=113 91 31 30 165 34 39 57 32 30
internal_value=0.000592703 0.00586859 0.009776 0.00571995 -0.00698379 -0.01047 -0.0029652 -0.0114379 -0.0239155
internal_weight=149.362 89.4821 74.4173 67.1236 59.8801 51.5616 35.3738 15.0648 16.1878
internal_count=622 371 308 278 251 217 148 63 69
is_linear=0
shrinkage=0.03


Tree=34
num_leaves=7
num_cat=0
split_feature=33 36 28 15 37 32
split_gain=8.18345 7.87083 8.44651 5.95279 6.00647 2.66793
threshold=0.93508736582688023 0.0071638962918784792 8.5000000000000018 111.27834758269829 0.0046297695763888322 0.0107760120228817
decision_type=2 2 2 2 2 2
left_child=1 3 5 4 -1 -3
right_child=-2 2 -4 -5 -6 -7
leaf_value=0.01163332427900433 -0.021795549307116038 0.024547185718363829 -0.0059120333291608927 -0.022691430002223362 -0.0051651000279268307 0.001306147131617567
leaf_weight=26.93316125869751 11.31047087907791 26.427176713943481 13.777419418096541 9.3163896948099119 54.286360561847687 7.2070492804050437
leaf_count=110 49 109 58 40 226 30
internal_value=0.000565434 0.0027913 0.012478 -0.00227934 0.000370876 0.0203409
internal_weight=149.258 137.948 47.4116 90.5359 81.2195 33.6342
internal_count=622 573 197 376 336 139
is_linear=0
shrinkage=0.03


Tree=35
num_leaves=10
num_cat=0
split_feature=20 4 8 19 21 32 24 21 38
split_gain=9.99892 5.88737 5.22284 9.31728 4.81927 4.51411 4.89662 2.6158 1.83397
threshold=0.039019198165735923 -0.01057728297902971 -0.022487627504583732 0.091113592970204008 0.020006005732979015 -0.0034374714519495027 0.13742659395973159 0.016926394646340447 0.011821125890087112
decision_type=2 2 2 2 2 2 2 2 2
left_child=1 2 3 -1 -4 6 -3 -7 -2
right_child=8 5 4 -5 -6 7 -8 -9 -10
leaf_value=-0.027971006759026685 0.029655392192786539 0.01601740421513987 0.028135338090731869 0.0059388997496523403 0 -0.02806028949086992 -0.0088460637678010896 -0.0087348145656060885 0.0069715673111423295
leaf_weight=7.531398966908454 8.2902700901031512 11.043529629707338 10.754358828067781 28.225492000579834 8.2262777388095838 7.6587606668472281 13.247361645102499 47.611750409007072 10.331628546118734
leaf_count=32 34 46 44 115 34 33 56 201 43
internal_value=0.000137522 -0.00271336 0.00459141 -0.0019095 0.0165677 -0.00791223 0.00224581 -0.012561 0.0196942
internal_weight=152.921 134.299 54.7375 35.7569 18.9806 79.5614 24.2909 55.2705 18.6219
internal_count=638 561 225 147 78 336 102 234 77
is_linear=0
shrinkage=0.03


Tree=36
num_leaves=9
num_cat=0
split_feature=20 4 28 8 19 23 32 21
split_gain=9.54392 5.57467 7.58876 4.96054 8.90981 4.90364 4.62994 4.57901
threshold=0.039019198165735923 -0.01057728297902971 10.500000000000002 -0.022487627504583732 0.091113592970204008 1.1291489925681815 -0.0034374714519495027 0.020006005732979015
decision_type=2 2 2 2 2 2 2 2
left_child=1 3 6 4 -1 -2 -3 -5
right_child=5 2 -4 7 -6 -7 -8 -9
leaf_value=-0.027448583263978098 0.031023538267844614 0.0073716384452441781 -0.02936275139965662 0.027385474045248381 0.0057708818136288234 0 -0.0086880169495124789 0
leaf_weight=7.4832950979471198 10.520971924066545 21.282000795006752 10.566179290413855 10.771851509809496 28.233950585126877 8.0738430470228177 47.595740184187889 8.2262777388095838
leaf_count=32 44 89 46 44 115 33 201 34
internal_value=0.000136063 -0.002648 -0.00771377 0.00445541 -0.00187783 0.0192576 -0.00344625 0.0161213
internal_weight=152.754 134.159 79.4439 54.7154 35.7172 18.5948 68.8777 18.9981
internal_count=638 561 336 225 147 77 290 78
is_linear=0
shrinkage=0.03


Tree=37
num_leaves=10
num_cat=0
split_feature=20 4 8 19 21 34 20 9 38
split_gain=9.09894 5.27581 4.71235 8.52226 4.3532 3.61117 6.11547 5.04784 1.77186
threshold=0.039019198165735923 -0.01057728297902971 -0.022487627504583732 0.091113592970204008 0.020006005732979015 0.012500150898091424 0.025141549904665321 -0.043857215329181444 0.011821125890087112
decision_type=2 2 2 2 2 2 2 2 2
left_child=1 2 3 -1 -4 7 -7 -3 -2
right_child=8 5 4 -5 -6 6 -8 -9 -10
leaf_value=-0.026941588322562389 0.028587702211265106 0.0050271925136939812 0.026664596042063681 0.0056077447629857982 0 -0.016913175436129763 0.0070858608068525885 -0.018881027135899293 0.0064218096562453
leaf_weight=7.4337820410728446 8.2445781826972979 8.2512868344783765 10.785033836960794 28.241717934608459 8.2262777388095838 12.214040637016295 26.851657420396805 31.994511023163795 10.297059461474417
leaf_count=32 34 34 44 115 34 54 112 136 43
internal_value=0.000133587 -0.00258234 0.00432355 -0.00184664 0.0156897 -0.00751778 -0.000510541 -0.0136183 0.0188319
internal_weight=152.54 133.998 54.6868 35.6755 19.0113 79.3115 39.0657 40.2458 18.5416
internal_count=638 561 225 147 78 336 166 170 77
is_linear=0
shrinkage=0.03


Tree=38
num_leaves=8
num_cat=0
split_feature=10 35 36 11 11 12 5
split_gain=7.84798 6.22697 10.8165 4.21418 5.5266 4.96488 3.46534
threshold=-0.02873183928190964 0.012549798781727241 0.0073375039766244233 0.087470849211280691 0.056907377591103987 64.06518328164961 -0.061846922330136604
decision_type=2 2 2 2 2 2 2
left_child=1 2 -1 4 5 -2 -3
right_child=3 6 -4 -5 -6 -7 -8
leaf_value=-0.02159093850552497 0 0.034797322938040547 0.020993076990463169 -0.021664973724315008 0.016167849869145042 -0.015333574523000956 0.0046071466805588509
leaf_weight=8.8451787829399127 73.145444393157959 9.6655991673469561 8.6173307001590711 8.6166687160730344 11.638139992952345 24.139807567000389 7.6546914130449286
leaf_count=36 306 40 36 37 48 104 31
internal_value=0.000139455 0.0123467 0 -0.00349359 -0.00155616 -0.00411051 0.0240893
internal_weight=152.323 34.7828 17.4625 117.54 108.923 97.2853 17.3203
internal_count=638 143 72 495 458 410 71
is_linear=0
shrinkage=0.03


Tree=39
num_leaves=10
num_cat=0
split_feature=10 21 21 33 21 35 36 0 16
split_gain=7.48474 9.40765 7.40874 7.87879 7.21222 5.93865 10.3192 2.47767 0.943969
threshold=-0.02873183928190964 0.016985764562294135 0.020893391180686515 0.61280870233743823 0.025258367458129847 0.012549798781727241 0.0073375039766244233 -0.00023571047275655618 -0.93019305108379402
decision_type=2 2 2 2 2 2 2 2 2
left_child=5 8 3 -3 -4 6 -1 -7 -2
right_child=1 2 4 -5 -6 7 -8 -9 -10
leaf_value=-0.021099721617244029 -0.028997951263910068 0.022221281257480185 -0.016584361136141656 -0.0030110776374089919 0.0037690995876579806 0.033327752277168721 0.020542353413306586 0.0063310308854199089 -0.0095377036946909504
leaf_weight=8.8264123648405093 9.3577403575181979 20.816962569952011 28.413528084754944 19.174729287624359 29.215694636106491 9.2795395255088824 8.5865628719329816 8.0077901631593686 10.453828319907187
leaf_count=36 40 86 121 81 122 38 36 33 45
internal_value=0.0001409 -0.00340446 0.000416875 0.0101988 -0.00623409 0.0120795 0 0.0235534 -0.0212333
internal_weight=152.133 117.432 97.6209 39.9917 57.6292 34.7003 17.413 17.2873 19.8116
internal_count=638 495 410 167 243 143 72 71 85
is_linear=0
shrinkage=0.03


Tree=40
num_leaves=12
num_cat=0
split_feature=37 36 32 40 37 19 34 26 3 18 26
split_gain=9.37535 6.33423 7.56776 5.09907 9.976 4.64175 4.3645 7.60249 3.78778 3.25503 2.82305
threshold=0.0046297695763888322 0.0071220746004734565 0.0031105583441169986 0.031947984421408789 0.046132314141963844 0.090454460005842438 0.0073974279578366007 0.32447183098591553 -0.012755510481006481 0.66384803198994669 0.12124401741696357
decision_type=2 2 2 2 2 2 2 2 2 2 2
left_child=5 3 8 10 -5 -1 7 -7 -3 -8 -2
right_child=1 2 -4 4 -6 6 9 -9 -10 -11 -12
leaf_value=-0.0077311819568802471 -0.0031473101887524685 0.030022422393330941 -0.010655712034498471 0.011493540018930682 -0.017124384858673156 -0.0071737169816305296 0.03284745045443542 0.023821144333840024 5.1901687329441155e-05 0.0046617260975228593 -0.026327642817403324
leaf_weight=9.3260851204395276 8.8618665188550967 8.5189706236124056 12.298741176724432 18.984659805893898 20.551589727401733 17.019753336906437 11.629023581743242 9.1476393491029722 7.5567428320646313 7.9984281361103049 19.421354100108147
leaf_count=39 37 35 52 79 88 71 48 38 32 33 83
internal_value=-0.000185135 -0.00589869 0.00539722 -0.0108588 -0.00312965 0.00938066 0.013357 0.00405104 0.0183285 0.0235482 -0.0202475
internal_weight=151.315 96.1939 28.3745 67.8195 39.5362 55.1209 45.7948 26.1674 16.0757 19.6275 28.2832
internal_count=635 406 119 287 167 229 190 109 67 81 120
is_linear=0
shrinkage=0.03


Tree=41
num_leaves=11
num_cat=0
split_feature=37 36 32 11 10 16 17 21 3 4
split_gain=8.90259 6.03612 7.20596 5.02287 4.45861 4.54633 5.12488 3.88096 3.57963 2.09101
threshold=0.0046297695763888322 0.0071220746004734565 0.0031105583441169986 -0.031981928367342365 -0.027211920273141284 -2.5271487575043134 -4.0408202720301309 0.017859860044039045 -0.012755510481006481 -0.064974085554540192
decision_type=2 2 2 2 2 2 2 2 2 2
left_child=4 3 8 -2 9 -6 -7 -5 -3 -1
right_child=1 2 -4 7 5 6 -8 -9 -10 -11
leaf_value=0.004842883551437264 -0.024649137074818781 0.029237965296119925 -0.010392874184636648 -0.017661804254223319 -0.011113711333568744 0.026894166619619304 0 0 5.0670624814761156e-05 0.03014559077992874
leaf_weight=7.4285482466220882 15.865771457552908 8.5384601652622241 12.282317116856573 13.958669468760489 11.764031082391737 8.0959328860044497 18.600311830639839 37.833461150527 7.5567758530378368 9.1802141070365888
leaf_count=31 68 35 52 60 49 33 77 159 32 39
internal_value=-0.000165256 -0.00574141 0.00527274 -0.0105951 0.00915663 0.00271537 0.0096819 -0.00525465 0.0178836 0.0213714
internal_weight=151.104 96.0355 28.3776 67.6579 55.069 38.4603 26.6962 51.7921 16.0952 16.6088
internal_count=635 406 119 287 229 159 110 219 67 70
is_linear=0
shrinkage=0.03


Tree=42
num_leaves=9
num_cat=0
split_feature=20 20 38 19 34 13 22 1
split_gain=9.8119 5.31252 8.55094 5.82915 4.75803 2.61851 3.31349 1.20227
threshold=0.025180447223073662 0.044845586728155418 0.011677255677062086 0.28617320322655071 0.0093507739926536066 0.83824788608295375 0.027807629558829098 0.012271711626669958
decision_type=2 2 2 2 2 2 2 2
left_child=5 2 3 -2 -4 6 -1 -7
right_child=1 -3 4 -5 -6 7 -8 -9
leaf_value=0.0074168303764750882 0.0033241574313077255 0.025980660960309626 -0.024589460765257493 0.028558483410838498 0.0015500402058993908 -0.028397520162546826 -0.015350933660820501 -0.0066227884030809958
leaf_weight=8.9320896714925784 78.797965124249458 7.2829104661941519 12.613791733980181 7.6867051422595969 8.8165815472602826 9.9507238417863864 9.4051055163145048 7.4111801683902732
leaf_count=38 328 31 52 32 37 44 41 32
internal_value=-0.000143083 0.0040429 0.00198011 0.0063313 -0.013981 -0.0135467 -0.00388439 -0.0215216
internal_weight=150.897 115.198 107.915 86.4847 21.4304 35.6991 18.3372 17.3619
internal_count=635 480 449 360 89 155 79 76
is_linear=0
shrinkage=0.03


Tree=43
num_leaves=9
num_cat=0
split_feature=20 20 38 36 34 13 34 1
split_gain=9.37101 5.08975 8.10492 5.35788 4.54775 2.51639 2.10455 1.14731
threshold=0.025180447223073662 0.044845586728155418 0.011677255677062086 0.0071220746004734565 0.011914230819505269 0.83824788608295375 0.017348878600102261 0.012271711626669958
decision_type=2 2 2 2 2 2 2 2
left_child=5 2 3 -2 -4 6 -1 -7
right_child=1 -3 4 -5 -6 7 -8 -9
leaf_value=-0.012983430837195409 0.00073942356478195342 0.025467927656131296 -0.022775344463229763 0.016805270881323151 0.0033908847042804918 -0.027874104467791282 0.0050162185477431835 -0.0064734669609701175
leaf_weight=9.3105420172214526 59.632562905550003 7.247450351715087 14.04595620930195 26.872319027781487 7.3665820658206931 9.8721979707479495 9.0016386657953245 7.4009579271078101
leaf_count=40 248 31 58 112 31 44 39 32
internal_value=-0.000136463 0.0039483 0.00192953 0.00616666 -0.013612 -0.0132617 -0.00377424 -0.0211062
internal_weight=150.75 115.165 107.917 86.5049 21.4125 35.5853 18.3122 17.2732
internal_count=635 480 449 360 89 155 79 76
is_linear=0
shrinkage=0.03


Tree=44
num_leaves=11
num_cat=0
split_feature=37 35 38 19 10 28 38 19 9 38
split_gain=8.2847 5.95156 9.83942 9.32645 5.61905 5.07879 7.56884 3.43156 2.78396 0.968692
threshold=0.0046297695763888322 0.024711202601915953 0.010791728037763145 0.20513622805226772 0.027272644864938859 8.5000000000000018 0.009117073049066728 0.10666375431007948 0.014754793861666138 0.011608288433260254
decision_type=2 2 2 2 2 2 2 2 2 2
left_child=5 2 4 8 -2 6 -1 -7 -3 -8
right_child=1 3 -4 -5 -6 7 9 -9 -10 -11
leaf_value=-0.0044124495221011112 0.01855682553132209 -0.026025933020366581 -0.018947810620573147 0.014638984982879919 -0.0055200631724166014 -0.014949730145690246 0.030042109824550283 0.0072017052337878138 -0.008230093891478699 0.0099773252513762553
leaf_weight=9.9213698059320432 22.997002795338631 20.833857700228691 12.175645485520361 7.3988761752843848 11.014450415968893 8.9349777549505252 14.98172563314438 12.203849360346792 21.296891570091248 8.8376574665307981
leaf_count=41 95 89 52 31 48 38 62 50 91 38
internal_value=-0.000134203 -0.00552609 0.00193884 -0.0125834 0.0104696 0.00886983 0.0158277 -0.00199591 -0.0181508 0.024528
internal_weight=150.596 95.7167 46.1871 49.5296 34.0115 54.8796 33.7408 21.1388 42.1307 23.8194
internal_count=635 406 195 211 143 229 141 88 180 100
is_linear=0
shrinkage=0.03


Tree=45
num_leaves=9
num_cat=0
split_feature=16 19 36 25 15 11 10 4
split_gain=9.2712 8.2158 7.42588 7.36648 5.79992 4.58058 4.52752 1.78914
threshold=26.143440548405284 0.11146304687443552 0.008040828320118017 0.2247448979591837 52.951420027235841 0.017449740813953233 0.062036581462656344 0.054168117038372994
decision_type=2 2 2 2 2 2 2 2
left_child=1 4 3 -3 5 -1 7 -2
right_child=6 2 -4 -5 -6 -7 -8 -9
leaf_value=-0.0060940482788956526 -0.0061719337496973893 0.012905727073124417 0.027775449181008587 -0.0065419608781138502 -0.022041266919110659 0.018252938713202174 0.0013313544742397957 -0.030017011594210101
leaf_weight=25.264328896999359 7.3642985671758714 35.162283092737198 12.947419658303259 30.383926063776016 13.752024650573729 7.3345668017864218 7.9292625784873954 12.36318928003311
leaf_count=108 32 145 55 126 58 30 34 55
internal_value=-0.000878664 0.00256189 0.00848419 0.00374191 -0.00709317 0 -0.0160407 -0.0231935
internal_weight=152.501 124.845 78.4936 65.5462 46.3509 32.5989 27.6568 19.7275
internal_count=643 522 326 271 196 138 121 87
is_linear=0
shrinkage=0.03


Tree=46
num_leaves=10
num_cat=0
split_feature=12 19 7 38 21 20 17 37 34
split_gain=10.4701 5.57278 4.69511 4.58429 5.82095 4.26939 5.56054 3.82981 3.47348
threshold=52.574751912409688 0.090454460005842438 -0.011593426464699505 0.011608288433260254 0.028401725656658851 0.024563995697637644 7.9582719266458115 -0.0020099661699320977 0.011075997280348361
decision_type=2 2 2 2 2 2 2 2 2
left_child=1 2 -1 7 -5 -2 8 -3 -7
right_child=5 3 -4 4 -6 6 -8 -9 -10
leaf_value=-0.023903762647726198 -0.02665866196114031 0.024382098853634206 0.0045087112844610496 -0.017631198074373879 0.013757749897507729 -0.0091029983245109972 -0.024371940598145396 0.0066911583718810225 0.0071249425095041129
leaf_weight=7.6052907854318645 10.196157127618788 18.159740924835205 8.8725344091653806 9.8139781057834643 7.4005795419216147 21.047716364264488 9.5225847661495191 37.472433462738991 22.180223733186722
leaf_count=33 47 76 38 40 32 89 41 154 93
internal_value=-0.000858058 0.00559661 -0.00896109 0.00924141 -0.00332892 -0.0101388 -0.00581453 0.0133719 -0.000497936
internal_weight=152.271 89.3246 16.4778 72.8467 17.2146 62.9467 52.7505 55.6322 43.2279
internal_count=643 373 71 302 72 270 223 230 182
is_linear=0
shrinkage=0.03


Tree=47
num_leaves=12
num_cat=0
split_feature=12 25 23 21 9 21 9 37 10 24 36
split_gain=9.95892 6.10248 6.38001 4.74325 4.28748 7.33129 7.08955 3.89941 3.73132 2.80912 1.92075
threshold=52.574751912409688 0.17787193973634655 1.2411345542888921 0.019458585477670633 0.036233028824364501 0.018180261107902131 0.089537482755309358 0.00096627202711174764 -0.020164942670093052 -0.61156648451730411 0.0072988205354130925
decision_type=2 2 2 2 2 2 2 2 2 2 2
left_child=1 3 7 8 10 -6 -7 -3 -1 -5 -2
right_child=4 2 -4 9 5 6 -8 -9 -10 -11 -12
leaf_value=0.013706899333024887 -0.026102292849201309 0.013845076970990359 -0.023067220152660904 0.0037741532234443665 -0.025733511976154061 0.018199984325990754 -0.008307550093839133 -0.0037792538090764567 -0.013131161065476621 0.028112648543300974 -0.0037248333574700582
leaf_weight=7.219730406999588 14.660871401429178 16.914885446429253 8.0394674092531186 8.4458769410848635 8.195990249514578 13.958892747759817 18.503180474042892 24.522326692938805 7.4300102144479734 16.662776783108711 7.4703739881515494
leaf_count=30 64 72 33 35 36 58 79 102 32 69 33
internal_value=-0.000848752 0.00544409 -0.00135866 0.0139285 -0.00991554 -0.00333485 0.00305032 0.00337599 0 0.0213616 -0.0201052
internal_weight=152.024 89.2351 49.4767 39.7584 62.7893 40.6581 32.4621 41.4372 14.6497 25.1087 22.1312
internal_count=643 373 207 166 270 173 137 174 62 104 97
is_linear=0
shrinkage=0.03


Tree=48
num_leaves=10
num_cat=0
split_feature=12 4 37 35 2 5 21 5 5
split_gain=9.47893 5.25379 6.15462 5.48449 4.81889 4.17359 8.08139 4.65244 2.07096
threshold=52.574751912409688 0.028189842680617198 -0.0046578334528463708 0.04592387748776517 -0.02604795079315941 0.032188761857242627 0.018180261107902131 0.059271227752538021 0.0010413840692391487
decision_type=2 2 2 2 2 2 2 2 2
left_child=1 2 4 -4 -1 8 -7 -8 -2
right_child=5 -3 3 -5 -6 6 7 -9 -10
leaf_value=-0.0012070067016006852 -0.0060042421988444391 0.025225243699282977 0.0023076361287150573 -0.018167340764320916 0.02233191971412735 -0.028515507628499089 0.019560572578975741 -0.0034713219119230287 -0.028203498809553137
leaf_weight=10.877680644392969 9.9982445985078829 8.7059700936079008 37.857057347893715 14.321304619312285 17.388558432459831 7.1491929590702048 8.8800126016139966 25.023902609944344 11.577510207891462
leaf_count=45 43 36 157 60 75 32 37 107 51
internal_value=-0.000838181 0.00529851 0.00240041 -0.00349843 0.0132967 -0.00969933 -0.00329554 0.00289692 -0.0199346
internal_weight=151.779 89.1506 80.4446 52.1784 28.2662 62.6289 41.0531 33.9039 21.5758
internal_count=643 373 337 217 120 270 176 144 94
is_linear=0
shrinkage=0.03


Tree=49
num_leaves=11
num_cat=0
split_feature=12 4 37 35 2 9 24 9 18 36
split_gain=9.03319 4.99908 5.82967 5.21377 4.59467 4.06439 5.30685 3.92248 3.06032 1.82681
threshold=52.574751912409688 0.028189842680617198 -0.0046578334528463708 0.04592387748776517 -0.02604795079315941 0.036233028824364501 0.080363549390098085 0.092718734280450882 0.80397014130573863 0.0072988205354130925
decision_type=2 2 2 2 2 2 2 2 2 2
left_child=1 2 4 -4 -1 9 7 -7 -8 -2
right_child=5 -3 3 -5 -6 6 8 -9 -10 -11
leaf_value=-0.0011764447237968966 -0.025320439833348113 0.02459928085157195 0.0022414517777123435 -0.017732987564651612 0.02179454457329703 0.020081947870956782 -0.024737431937389191 -0.004389044093559745 -0.0014267653403039488 -0.0034518874608968643
leaf_weight=10.877420485019686 14.520504325628282 8.7104969471693021 37.864569559693336 14.281523212790487 17.332937508821487 9.2463594526052493 8.9080153703689593 9.5885524898767454 12.780458644032477 7.4354512691497794
leaf_count=45 64 36 157 60 75 39 38 41 55 33
internal_value=-0.000823901 0.00516442 0.00232936 -0.00340496 0.0129493 -0.00948854 -0.00307921 0.00767875 -0.0129145 -0.0194472
internal_weight=151.546 89.0669 80.3565 52.1461 28.2104 62.4793 40.5234 18.8349 21.6885 21.956
internal_count=643 373 337 217 120 270 173 80 93 97
is_linear=0
shrinkage=0.03


end of trees

feature_importances:
macro_topix_ret_20=38
atr_pct=28
macro_usdjpy_vol_20=28
ma_5_20_cross=25
bb_bandwidth=25
month=24
volatility=23
macd_hist=20
macro_topix_vol_20=20
rsi=15
return_10d=13
div_ma_60=13
bb_pct_b=13
macro_usdjpy_ret_20=13
ma_20_60_cross=12
vol_ratio=11
macro_nikkei_ret_20=11
gap=10
macro_usdjpy_ret_60=10
macd_hist_change=9
return_20d=8
macd=8
return_3d=7
macd_signal=7
lower_shadow_pct=7
return_2d=6
return_5d=6
div_ma_10=6
div_ma_20=6
candle_body_pct=6
upper_shadow_pct=5
rsi_change=4
price_position_20d=4
div_ma_5=2
streak=2
macro_topix_above_200dma=2
return_1d=1
vol_change=1

parameters:
[boosting: gbdt]
[objective: binary]
[metric: binary_logloss]
[tree_learner: serial]
[device_type: cpu]
[data_sample_strategy: bagging]
[data: ]
[valid: ]
[num_iterations: 50]
[learning_rate: 0.03]
[num_leaves: 15]
[num_threads: 0]
[seed: 42]
[deterministic: 0]
[force_col_wise: 0]
[force_row_wise: 0]
[histogram_pool_size: -1]
[max_depth: 4]
[min_data_in_leaf: 30]
[min_sum_hessian_in_leaf: 0.001]
[bagging_fraction: 0.7]
[pos_bagging_fraction: 1]
[neg_bagging_fraction: 1]
[bagging_freq: 5]
[bagging_seed: 400]
[bagging_by_query: 0]
[feature_fraction: 0.6]
[feature_fraction_bynode: 1]
[feature_fraction_seed: 30056]
[extra_trees: 0]
[extra_seed: 12879]
[early_stopping_round: 0]
[early_stopping_min_delta: 0]
[first_metric_only: 0]
[max_delta_step: 0]
[lambda_l1: 0.5]
[lambda_l2: 2]
[linear_lambda: 0]
[min_gain_to_split: 0]
[drop_rate: 0.1]
[max_drop: 50]
[skip_drop: 0.5]
[xgboost_dart_mode: 0]
[uniform_drop: 0]
[drop_seed: 17869]
[top_rate: 0.2]
[other_rate: 0.1]
[min_data_per_group: 100]
[max_cat_threshold: 32]
[cat_l2: 10]
[cat_smooth: 10]
[max_cat_to_onehot: 4]
[top_k: 20]
[monotone_constraints: ]
[monotone_constraints_method: basic]
[monotone_penalty: 0]
[feature_contri: ]
[forcedsplits_filename: ]
[refit_decay_rate: 0.9]
[cegb_tradeoff: 1]
[cegb_penalty_split: 0]
[cegb_penalty_feature_lazy: ]
[cegb_penalty_feature_coupled: ]
[path_smooth: 0]
[interaction_constraints: ]
[verbosity: -1]
[saved_feature_importance_type: 0]
[use_quantized_grad: 0]
[num_grad_quant_bins: 4]
[quant_train_renew_leaf: 0]
[stochastic_rounding: 1]
[linear_tree: 0]
[max_bin: 255]
[max_bin_by_feature: ]
[min_data_in_bin: 5]
[bin_construct_sample_cnt: 200000]
[data_random_seed: 175]
[is_enable_sparse: 1]
[enable_bundle: 1]
[use_missing: 1]
[zero_as_missing: 0]
[feature_pre_filter: 1]
[pre_partition: 0]
[two_round: 0]
[header: 0]
[label_column: ]
[weight_column: ]
[group_column: ]
[ignore_column: ]
[categorical_feature: ]
[forcedbins_filename: ]
[precise_float_parser: 0]
[parser_config_file: ]
[objective_seed: 16083]
[num_class: 1]
[is_unbalance: 0]
[scale_pos_weight: 1]
[sigmoid: 1]
[boost_from_average: 1]
[reg_sqrt: 0]
[alpha: 0.9]
[fair_c: 1]
[poisson_max_delta_step: 0.7]
[tweedie_variance_power: 1.5]
[lambdarank_truncation_level: 30]
[lambdarank_norm: 1]
[label_gain: ]
[lambdarank_position_bias_regularization: 0]
[eval_at: ]
[multi_error_top_k: 1]
[auc_mu_weights: ]
[num_machines: 1]
[local_listen_port: 12400]
[time_out: 120]
[machine_list_filename: ]
[machines: ]
[gpu_platform_id: -1]
[gpu_device_id: -1]
[gpu_use_dp: 0]
[num_gpu: 1]

end of parameters

pandas_categorical:[]
