tree
version=v4
num_class=1
num_tree_per_iteration=1
label_index=0
max_feature_idx=44
objective=binary sigmoid:1
feature_names=return_1d return_2d return_3d return_5d return_10d return_20d div_ma_5 div_ma_10 div_ma_20 div_ma_60 ma_5_20_cross ma_20_60_cross rsi rsi_change macd macd_signal macd_hist macd_hist_change bb_pct_b bb_bandwidth atr_pct volatility vol_change vol_ratio candle_body_pct upper_shadow_pct lower_shadow_pct day_of_week month is_month_end is_month_start streak gap price_position_20d macro_usdjpy_ret_20 macro_usdjpy_ret_60 macro_usdjpy_vol_20 macro_topix_ret_20 macro_topix_vol_20 macro_topix_above_200dma macro_nikkei_ret_20 macro_nikkei_above_200dma macro_nikkei_vi macro_jgb10y macro_bias_score
feature_infos=[-0.10659488559892327:0.16085350841198198] [-0.16639457490895393:0.17532197756543422] [-0.18168168168168164:0.16827357637842733] [-0.16366906474820142:0.1821880650994574] [-0.25962702833615892:0.26175406871609397] [-0.34700416533162448:0.29928909952606642] [-0.12688240948413973:0.11462793202174887] [-0.16685839570166056:0.11547169811320755] [-0.23172443917506474:0.15391783251611413] [-0.30833272551083141:0.23616204097947552] [-0.16322902324586608:0.10840585542532311] [-0.16825970429174109:0.12833058858247104] [4.1804180418041881:91.692307692307693] [-26.789196298378869:27.268453982559087] [-635.22504933809432:495.80956937901283] [-563.91206724870085:435.4241502172909] [-200.7521242233255:195.67733188937888] [-62.224604109952452:76.577101218408018] [-0.26043597284722941:1.2780328386511812] [0.048601695823222074:0.49783544794379719] [0.015959259399492637:0.07565709418349964] [0.010364209256957146:0.056286592375150858] [-0.87580861109153685:4.7460281434407623] [0.51288522830517347:1.753297440974247] [-1:0.98473282442748089] [0:0.94444444444444442] [0:0.98734177215189878] [0:4] [1:12] none [0:1] [-7:7] [-0.16823687752355321:0.16249487074271651] [0:1] [-0.10288784967882303:0.08505611680078462] [-0.13986255140503889:0.1344631365590534] [0.0024251968629527628:0.011841457708833433] [-0.22586490939044479:0.19897850606512013] [0.0040695656522785678:0.036437277456277402] [0:1] [-0.22859537662338159:0.23022297972565586] [0:1] none none none
tree_sizes=1389 995 1159 1000 1312 1263 1076 1291 1287 1180 1102 974 989 1056 1084 1320 1203 1501 1186 1201 1194 1088 992 986 890 1100 894 1105 1086 1102 1396 1287 1043 1076 1365 893 991 1000 1316 1102 1415 1396 1518 1207 1289 992 974 1068 1418 875 893 896 890 1492 1631 1309 994 973 1201 994 1406 1175 1289 1279 1577 1525 1100 1377 1360 1319 1000 998 1098 1108 980 1086 1371 1213 1208 1276

Tree=0
num_leaves=12
num_cat=0
split_feature=37 1 4 5 22 14 36 35 0 14 22
split_gain=12.9217 14.5339 7.43162 8.49842 6.86672 3.96616 7.04777 6.89163 5.32778 4.74205 1.84807
threshold=0.011909668693732224 0.035875180069877562 -0.011381087947667399 0.021579175413688371 0.17946440069007366 -32.399687448310935 0.0069045371770665182 0.02641543739392305 -0.0099139953483464698 -136.74304391718667 0.14892776602617355
decision_type=2 2 2 2 2 2 2 2 2 2 2
left_child=5 2 4 -4 -2 6 -1 -7 -9 -8 -3
right_child=1 10 3 -5 -6 7 9 8 -10 -11 -12
leaf_value=-0.17778940501284538 -0.19756674931830157 -0.13801871203510852 -0.14554781658895594 -0.175553282336434 -0.16390823495511225 -0.1643453597626485 -0.13713008971926871 -0.16115446196065167 -0.12815619545573415 -0.16518917928489282 -0.16128581380967974
leaf_weight=13.410086184740068 20.61179913580418 7.6983828097581846 8.6917225271463376 36.753569543361664 8.4433875977992994 12.913416326045988 8.6917225271463412 7.9467177391052255 13.906756043434143 8.6917225271463376 7.4500478804111481
leaf_count=54 83 31 35 148 34 52 35 32 56 35 30
internal_value=-0.164443 -0.171856 -0.177411 -0.16898 -0.188919 -0.154583 -0.163073 -0.147908 -0.138317 -0.150651 -0.146984
internal_weight=155.209 89.6489 74.5005 45.4453 29.0552 65.5604 30.7935 34.7669 21.8535 17.3834 15.1484
internal_count=625 361 300 183 117 264 124 140 88 70 61
is_linear=0
shrinkage=1


Tree=1
num_leaves=8
num_cat=0
split_feature=20 12 40 28 20 4 1
split_gain=14.4267 10.172 10.2809 20.4557 6.55986 4.35298 3.41833
threshold=0.039796973296002965 33.079889128219548 0.0068424973586019852 7.5000000000000009 0.025810856568272488 -0.05833913996491507 0.020805975443558115
decision_type=2 2 2 2 2 2 2
left_child=1 5 4 -4 -3 -1 -2
right_child=6 2 3 -5 -6 -7 -8
leaf_value=-0.0060126347371156873 0.0076646614081715483 -0.0083443103635641499 0.0048586777888580592 -0.02601601352074372 0.017073139231444743 -0.037723611729123752 0.036745387669871156
leaf_weight=9.6783991754055041 10.925168991088869 10.186028912663458 45.920973911881447 30.02159221470356 32.302729412913322 8.6787127107381803 7.4602573066949835
leaf_count=39 44 41 185 121 130 35 30
internal_value=-0.000812095 -0.00435431 -0.000840897 -0.00750863 0.0105413 -0.0239748 0.0226479
internal_weight=155.174 136.788 118.431 75.9426 42.4888 18.3571 18.3854
internal_count=625 551 477 306 171 74 74
is_linear=0
shrinkage=0.03


Tree=2
num_leaves=10
num_cat=0
split_feature=20 37 10 15 35 38 6 22 35
split_gain=13.7502 11.4866 14.4166 9.76171 8.98053 7.53049 4.42668 3.11435 1.87022
threshold=0.039796973296002965 0.011909668693732224 0.0023697474095655262 72.960779650001641 -0.010530900344071279 0.0102521231549312 0.0015576228991069847 0.099520275587598586 -0.045350674663298611
decision_type=2 2 2 2 2 2 2 2 2
left_child=1 4 7 -4 8 -6 -2 -3 -1
right_child=6 2 3 -5 5 -7 -8 -9 -10
leaf_value=0 0.003819425946880008 -0.037238363133697432 0.015088660369885787 -0.01080581991856234 0.025513676820986556 0 0.035057409433184979 -0.011232781870090332 -0.020760232509036743
leaf_weight=7.6979567557573318 9.194013327360155 15.81970174610615 17.631405517458916 36.70514027774334 20.147121906280518 19.880218029022217 9.2154978662729246 11.153257563710211 7.6956145465373975
leaf_count=31 37 64 71 148 81 80 37 45 31
internal_value=-0.000789968 -0.0042534 -0.0113835 -0.00189982 0.00597826 0.0134821 0.0220946 -0.0285205 -0.011978
internal_weight=155.14 136.73 81.3095 54.3365 55.4209 40.0273 18.4095 26.973 15.3936
internal_count=625 551 328 219 223 161 74 109 62
is_linear=0
shrinkage=0.03


Tree=3
num_leaves=8
num_cat=0
split_feature=20 23 36 35 36 36 9
split_gain=13.0899 8.81515 8.54665 8.94915 6.75934 6.96247 3.23383
threshold=0.039796973296002965 0.93423855011690149 0.0076378465208449446 0.056294619725414836 0.0039067162387887286 0.0071220746004734565 -0.064454352216351499
decision_type=2 2 2 2 2 2 2
left_child=1 2 3 -1 -3 -6 -2
right_child=6 4 -4 -5 5 -7 -8
leaf_value=0.019571499055353912 0.0056547098691909934 0.010431748499837808 -0.013668139872361002 -0.010351008956605878 -0.020628928155736258 -0.00063264487164288962 0.033486662635612729
leaf_weight=31.268366247415543 9.7086938172578829 9.9274623692035657 14.121415510773657 10.166212990880011 45.114713162183762 26.055836945772171 8.7199931889772397
leaf_count=126 39 40 57 41 182 105 35
internal_value=-0.000765429 -0.00415005 0.00477499 0.0117459 -0.0104124 -0.0137306 0.0215474
internal_weight=155.083 136.654 55.556 41.4346 81.098 71.1706 18.4287
internal_count=625 551 224 167 327 287 74
is_linear=0
shrinkage=0.03


Tree=4
num_leaves=11
num_cat=0
split_feature=21 33 40 28 19 3 18 40 10 0
split_gain=13.907 10.7273 13.6605 11.361 7.93155 8.53134 6.71721 6.41836 4.33613 1.30655
threshold=0.020247165601273927 0.27944000944226272 0.0068424973586019852 7.5000000000000009 0.075988689645293678 -0.010406158764205918 0.17930738328749585 -0.015340260331228593 0.025601235846204887 0.0039983019206414347
decision_type=2 2 2 2 2 2 2 2 2 2
left_child=4 6 9 -4 -1 7 -2 -6 -7 -3
right_child=1 2 3 -5 5 8 -8 -9 -10 -11
leaf_value=0.0096126925312025827 0.0030488988005187238 0.035455055294316834 0.015751513656241087 -0.013896731972255178 0.017794859540955069 -0.037410757839424096 -0.025914883725064494 -0.013733167350767997 -0.010480792520756576 0.014779240007655408
leaf_weight=10.443012982606886 14.118591085076334 14.694784656167032 21.610697314143181 20.799164429306984 7.457116067409518 15.592875733971598 10.640228569507597 12.851614236831663 13.628952890634535 13.201526835560797
leaf_count=42 57 59 87 84 30 63 43 52 55 53
internal_value=-0.000731041 0.00626617 0.0122625 0.000902285 -0.0119087 -0.0169344 -0.00984446 -0.000926617 -0.0268071 0.0278155
internal_weight=155.039 95.065 70.3062 42.4099 59.9736 49.5306 24.7588 20.3087 29.2218 27.8963
internal_count=625 383 283 171 242 200 100 82 118 112
is_linear=0
shrinkage=0.03


Tree=5
num_leaves=11
num_cat=0
split_feature=33 40 34 14 8 5 5 36 28 14
split_gain=12.4819 10.0491 11.508 10.1641 9.5984 8.1082 7.53148 6.65175 5.39758 3.35172
threshold=0.28267903651085946 0.0057617531057838631 0.025342927234021987 210.20523612526861 -0.089700616458136748 0.10262537696428432 -0.017065163787380929 0.0063755296264285779 9.5000000000000018 -68.811915700332278
decision_type=2 2 2 2 2 2 2 2 2 2
left_child=4 6 3 -3 -1 -4 -2 -8 9 -6
right_child=1 2 5 -5 8 -7 7 -9 -10 -11
leaf_value=0.012791966347183052 0 0.012671230904693775 -0.032722269070469545 -0.017094066258226102 -0.038501696052625378 0.0029741737046704957 0.043205587479234905 0.0092426246532210949 0 -0.010754281930571754
leaf_weight=8.1923168599605543 14.677199885249136 46.903744012117386 12.102348282933237 10.888924747705458 11.832953065633772 7.9282919913530341 11.219472870230677 13.189941152930258 9.6250024586915952 11.123149886727335
leaf_count=33 59 189 49 44 48 32 45 53 39 45
internal_value=0.000845509 0.00592152 -0.00022031 0.00642799 -0.0129546 -0.0189251 0.0179307 0.027511 -0.0202276 -0.0275973
internal_weight=157.683 116.91 77.8233 57.7927 40.7734 20.0306 39.0866 24.4094 32.5811 22.9561
internal_count=636 471 314 233 165 81 157 98 132 93
is_linear=0
shrinkage=0.03


Tree=6
num_leaves=9
num_cat=0
split_feature=20 14 37 14 9 37 9 3
split_gain=10.7315 10.9994 14.9798 9.83827 8.81607 7.73787 6.18838 1.6276
threshold=0.039341492200965465 -45.89485398031092 0.039047999263081785 217.53781511365744 -0.064454352216351499 -0.023341043543571968 0.13314161289310042 -0.035421129336440309
decision_type=2 2 2 2 2 2 2 2
left_child=1 5 3 -3 -2 -1 -4 -7
right_child=4 2 6 -5 -6 7 -8 -9
leaf_value=0.0071868559286536217 0 0.016717303076655258 -0.018247836170056826 -0.010956702771303905 0.038962432512180602 -0.0086068548677206511 0.0087314555276963215 -0.029828066492761839
leaf_weight=7.6913334131240836 10.455847755074503 54.155188485980034 29.42948879301548 12.381076797842978 9.2347461730241758 9.3611501604318637 7.936603218317031 16.986008748412132
leaf_count=31 42 218 119 50 37 38 32 69
internal_value=0.000812933 -0.00214387 0.00263861 0.0111794 0.0205059 -0.0164948 -0.0119839 -0.0239565
internal_weight=157.631 137.941 103.902 66.5363 19.6906 34.0385 37.3661 26.3472
internal_count=636 557 419 268 79 138 151 107
is_linear=0
shrinkage=0.03


Tree=7
num_leaves=11
num_cat=0
split_feature=33 40 34 14 10 5 5 36 37 5
split_gain=11.5934 9.20585 10.8102 9.45649 7.75237 7.70229 7.03001 6.28555 4.32132 4.44319
threshold=0.28267903651085946 0.0057617531057838631 0.025342927234021987 210.20523612526861 -0.065548694774808555 0.10262537696428432 -0.017065163787380929 0.0063755296264285779 0.016709170770664142 -0.079882091319898527
decision_type=2 2 2 2 2 2 2 2 2 2
left_child=4 6 3 -3 -1 -4 -2 -8 9 -6
right_child=1 2 5 -5 8 -7 7 -9 -10 -11
leaf_value=0.0083373308003062193 0 0.012253565807374432 -0.031858131414634928 -0.016469726417691778 -0.019701801565933017 0.0029211628012690031 0.041638681011667074 0.0086898852501185071 -0.031670081783940304 0.0075586943089056323
leaf_weight=9.9052159935235959 14.675277501344679 46.93996661901474 12.044204339385034 10.858821272850035 9.3835105448961276 7.9287061691284171 11.23995089530945 13.202921837568281 13.715531036257742 7.6751145720481899
leaf_count=40 59 189 49 44 38 32 45 53 56 31
internal_value=0.000788417 0.00568094 -0.000194441 0.00623604 -0.0125259 -0.0183598 0.017168 0.0264119 -0.0197978 -0.00714346
internal_weight=157.569 116.89 77.7717 57.7988 40.6794 19.9729 39.1182 24.4429 30.7742 17.0586
internal_count=636 471 314 233 165 81 157 98 125 69
is_linear=0
shrinkage=0.03


Tree=8
num_leaves=11
num_cat=0
split_feature=14 40 11 37 28 10 9 28 5 5
split_gain=8.75698 13.197 12.7893 8.80841 8.29242 6.1065 5.74827 2.93566 2.89534 2.95478
threshold=-45.89485398031092 0.0064298353426528463 0.04437768020992184 -0.023341043543571968 8.5000000000000018 -0.066707555362355717 0.13194411438424888 9.5000000000000018 -0.021375700528567184 0.043847521678170194
decision_type=2 2 2 2 2 2 2 2 2 2
left_child=3 8 4 -1 -3 -5 -4 -7 -2 -10
right_child=1 2 6 5 -6 7 -8 -9 9 -11
leaf_value=0.0091316490134713164 0.0014174657466380575 0.018781378118110127 -0.023694775719021469 0.0027663330788024417 -0.0067258821873082027 -0.03267220099405959 0 -0.0069766074501721159 0.034286672126016236 0.0094435424040684186
leaf_weight=13.182768598198889 7.4624527692794791 27.617123529314995 21.155919775366783 7.9256228357553438 16.285745352506638 15.68341894447804 13.376263990998266 9.0860733985900861 14.225949689745905 11.476081848144529
leaf_count=53 30 111 86 32 66 64 54 37 57 46
internal_value=0.000762068 0.00537441 -0.00126161 -0.00990015 0.00911191 -0.0180902 -0.0146375 -0.0250322 0.0206745 0.0252182
internal_weight=157.477 111.6 78.4351 45.8779 43.9029 32.6951 34.5322 24.7695 33.1645 25.702
internal_count=636 450 317 186 177 133 140 101 133 103
is_linear=0
shrinkage=0.03


Tree=9
num_leaves=10
num_cat=0
split_feature=33 21 34 8 16 23 12 23 22
split_gain=10.578 9.25466 11.6831 8.72846 8.60532 8.1423 5.79717 4.60002 2.4752
threshold=0.28267903651085946 0.020047179496450605 0.034830690815106487 -0.089700616458136748 -4.0593685917246622 0.82371529515609099 48.233421422514574 1.1550484717012259 0.18507351865463365
decision_type=2 2 2 2 2 2 2 2 2
left_child=3 5 4 -1 -3 -2 -7 8 -5
right_child=1 2 -4 7 -6 6 -8 -9 -10
leaf_value=0.012466225270090248 0.019349544149288959 0.036470508969323259 -0.016642312855582143 -0.030893746636215049 0.0095967593385603393 0.0090349304181420575 -0.017722978429851662 0 -0.0055305378984099414
leaf_weight=8.1984351724386197 7.4653803259134284 13.698219552636145 9.1314874887466413 17.350432485342029 50.959262311458588 7.4126031696796408 28.160283759236336 7.6140883415937415 7.3811170607805243
leaf_count=33 30 55 37 71 205 30 114 31 30
internal_value=0.000746858 0.00542105 0.0118158 -0.0119909 0.0164387 -0.00524747 -0.0115639 -0.0189915 -0.0248654
internal_weight=157.371 116.827 73.789 40.5441 64.6575 43.0383 35.5729 32.3456 24.7315
internal_count=636 471 297 165 260 174 144 132 101
is_linear=0
shrinkage=0.03


Tree=10
num_leaves=9
num_cat=0
split_feature=39 35 35 20 8 35 32 28
split_gain=8.92523 9.73478 8.91806 9.26709 4.80824 4.402 4.00104 1.57743
threshold=1.0000000180025095e-35 0.056294619725414836 0.034654756365754109 0.027212552164501035 0.0042226564347753875 0.063860315301012341 0.00021576274644607987 9.5000000000000018
decision_type=2 2 2 2 2 2 2 2
left_child=5 2 4 -4 -2 6 -1 -3
right_child=1 7 3 -5 -6 -7 -8 -9
leaf_value=0.016505927128128213 -0.013506384219824426 -0.02951070870086419 -0.0069378632995662753 0.023093434218690357 0.0015619135643616514 0.032702386098508923 -0.0076375680990884397 -0.007135805125502776
leaf_weight=11.676545456051832 33.141571566462517 10.350190550088884 12.375900119543074 23.362848043441772 37.508268252015114 7.4622557610273352 8.6699732393026334 8.6499330699443799
leaf_count=47 135 42 50 94 151 30 35 35
internal_value=0.000362642 -0.0030019 0.000535575 0.0124799 -0.00547733 0.01522 0.00578396 -0.0216884
internal_weight=153.197 125.389 106.389 35.7387 70.6498 27.8088 20.3465 19.0001
internal_count=619 507 430 144 286 112 82 77
is_linear=0
shrinkage=0.03


Tree=11
num_leaves=8
num_cat=0
split_feature=39 35 23 36 34 23 28
split_gain=8.49196 9.2883 11.3289 7.24027 5.14412 6.96035 1.49278
threshold=1.0000000180025095e-35 0.056294619725414836 0.76841546126829974 0.0041008323143450253 0.03082235894928809 1.0154353335922415 9.5000000000000018
decision_type=2 2 2 2 2 2 2
left_child=4 2 -2 -4 5 -1 -3
right_child=1 6 3 -5 -6 -7 -8
leaf_value=0.036224887108454645 0.026162889414342406 -0.028854629474746766 0.017314178057432759 -0.0062678620120602191 -0.0035281868308897372 0 -0.0069654126410431637
leaf_weight=11.211937874555593 11.691967606544493 10.313980415463449 11.410321891307829 83.247258633375168 7.916788086295127 8.6979991942644101 8.6446923762559873
leaf_count=45 47 42 46 337 32 35 35
internal_value=0.000349348 -0.00293279 0.000517696 -0.00297058 0.0148378 0.0224808 -0.0212065
internal_weight=153.135 125.308 106.35 94.6576 27.8267 19.9099 18.9587
internal_count=619 507 430 383 112 80 77
is_linear=0
shrinkage=0.03


Tree=12
num_leaves=8
num_cat=0
split_feature=37 2 23 28 26 33 3
split_gain=8.78006 6.03547 10.4896 5.56422 8.27312 5.68575 4.87484
threshold=0.011909668693732224 0.038939826416509511 0.82371529515609099 3.5000000000000004 0.13408348001005785 0.28770739064856715 -0.0186331832827582
decision_type=2 2 2 2 2 2 2
left_child=3 2 -2 -1 -5 -6 -4
right_child=1 -3 6 4 5 -7 -8
leaf_value=-0.0082487323282646983 0.013428379720164838 0.010265231450088867 -0.0023835325408133796 0.031139652709348677 -0.010578064442940256 0.012076605681516101 -0.021247692798903671
leaf_weight=12.135318994522093 12.381815969943998 14.651323705911635 21.563609763979912 13.931712940335272 12.358589380979536 28.668710649013519 37.38262265920639
leaf_count=49 50 59 88 56 50 115 152
internal_value=0.000348847 -0.00584115 -0.00954382 0.0084377 0.0125458 0.00472927 -0.0148976
internal_weight=153.074 85.9794 71.328 67.0943 54.959 41.0273 58.9462
internal_count=619 349 290 270 221 165 240
is_linear=0
shrinkage=0.03


Tree=13
num_leaves=9
num_cat=0
split_feature=39 23 36 6 34 23 40 17
split_gain=7.82531 8.33397 9.57386 7.53233 4.91791 6.54569 3.64084 0.158758
threshold=1.0000000180025095e-35 0.78082036155421763 0.0041008323143450253 0.033408777521123735 0.03082235894928809 1.0154353335922415 0.011053567231783081 0.97722966899646491
decision_type=2 2 2 2 2 2 2 2
left_child=4 6 7 -4 5 -1 -2 -3
right_child=1 2 3 -5 -6 -7 -8 -9
leaf_value=0.035049063304262149 0 0.0054578082042614409 -0.012625469786187171 0.011932610583051536 -0.0036486009407595155 0 0.02821074970914814 0.019431852741947288
leaf_weight=11.224418371915823 7.4611629098653776 7.4203504920005781 84.16656719148159 10.697942331433294 7.9170164763927451 8.6956367492675763 7.9564454406499863 7.4525360465049744
leaf_count=45 30 30 342 43 32 35 32 30
internal_value=0.000344837 -0.00280586 -0.00587341 -0.00951199 0.0142516 0.0217339 0.0163341 0.0148223
internal_weight=152.992 125.155 109.737 94.8645 27.8371 19.9201 15.4176 14.8729
internal_count=619 507 445 385 112 80 62 60
is_linear=0
shrinkage=0.03


Tree=14
num_leaves=9
num_cat=0
split_feature=39 35 25 34 32 34 23 25
split_gain=7.38388 8.84602 10.4494 13.9059 5.66905 4.68812 6.19752 3.06397
threshold=1.0000000180025095e-35 0.056294619725414836 0.22479209979209983 -0.0030931603340905718 0.0098646773938976268 0.03082235894928809 1.0154353335922415 0.20344547734985985
decision_type=2 2 2 2 2 2 2 2
left_child=5 2 4 -4 -2 6 -1 -3
right_child=1 7 3 -5 -6 -7 -8 -9
leaf_value=0.034145010036963484 0.016455149267560736 -0.030783503969879302 -0.026218783426865344 0.0034339897438055733 -0.0046357401500647958 -0.0035620728139570896 0 -0.0040346708452976277
leaf_weight=11.228826016187673 36.807736650109291 10.038745746016504 20.97253030538559 34.548656210303307 13.851935729384421 7.914671301841735 8.6956367492675763 8.8445815145969373
leaf_count=45 149 41 85 140 56 32 35 36
internal_value=0.000375948 -0.00268409 0.000677546 -0.00802842 0.0104464 0.013884 0.0211911 -0.0205594
internal_weight=152.903 125.064 106.181 55.5212 50.6597 27.8391 19.9245 18.8833
internal_count=619 507 430 225 205 112 80 77
is_linear=0
shrinkage=0.03


Tree=15
num_leaves=11
num_cat=0
split_feature=40 5 20 28 3 3 36 36 5 5
split_gain=14.1889 10.5598 7.57281 5.39887 8.82007 5.98115 7.68524 4.14429 3.51629 2.79348
threshold=0.0064298353426528463 -0.076554839329657773 0.025810856568272488 7.5000000000000009 -0.035421129336440309 -0.032627029808449663 0.0057013751940565927 0.0070624294123895282 -0.023267787103690426 0.10533608531712348
decision_type=2 2 2 2 2 2 2 2 2 2
left_child=1 7 -3 5 -5 -2 -7 -1 -4 -6
right_child=3 2 8 4 9 6 -8 -9 -10 -11
leaf_value=-0.018456628683233348 -0.021411890140461395 -0.0022615756630668666 0.0065848372035877826 0.0084560445533285161 -0.030449896799669987 -0.0075322399507054393 0.015449942723651515 0.0073433383173679119 0.031772624156679724 -0.0069944692827127739
leaf_weight=10.806827142834665 9.3144370913505536 10.41104808449745 9.9340103417634946 8.1208724528551084 19.297611460089687 26.819644346833229 21.580093383789062 7.4403263926506034 22.439178690314293 10.106644392013548
leaf_count=44 38 42 40 33 79 109 87 30 90 41
internal_value=-0.000522342 0.0104704 0.0184666 -0.00779146 -0.0163847 -0.0015914 0.00262372 -0.00750957 0.0253128 -0.0238245
internal_weight=156.271 61.0314 42.7842 95.2393 37.5251 57.7142 48.3997 18.2472 32.3732 29.4043
internal_count=633 246 172 387 153 234 196 74 130 120
is_linear=0
shrinkage=0.03


Tree=16
num_leaves=10
num_cat=0
split_feature=40 12 21 16 37 23 15 28 26
split_gain=13.4453 11.0267 13.1182 8.15017 7.17854 6.31974 6.14029 6.9048 3.3749
threshold=0.0064298353426528463 45.091094216671202 0.020141788954098263 -55.941860133662736 -0.023883329678272777 0.80429097770231539 68.71906214926716 8.5000000000000018 0.42919799498746874
decision_type=2 2 2 2 2 2 2 2 2
left_child=1 3 -3 -1 -5 -2 7 -7 -8
right_child=5 2 -4 4 -6 6 8 -9 -10
leaf_value=0.019196502352950222 0.010983548890985179 -0.0019940471331421532 0.035288249057530204 0.0076081279219961237 -0.025641639713951347 0.0071071075989923632 -0.023131975213471982 -0.016486495734927786 -0.00079129549802571899
leaf_weight=7.9472706317901638 11.888603597879408 12.170612841844557 20.431800380349159 7.4507979899644896 12.995696917176243 25.9438446611166 31.637251034379005 16.32030414044857 9.3404677361249906
leaf_count=32 48 49 82 30 53 105 129 67 38
internal_value=-0.000514131 0.0101858 0.0216263 -0.0030157 -0.0132587 -0.00759763 -0.0106228 -0.00199795 -0.0186625
internal_weight=156.127 60.9962 32.6024 28.3938 20.4465 95.1305 83.2419 42.2641 40.9777
internal_count=633 246 131 115 83 387 339 172 167
is_linear=0
shrinkage=0.03


Tree=17
num_leaves=13
num_cat=0
split_feature=40 12 16 34 28 15 11 3 33 36 15 18
split_gain=12.7331 10.4035 7.74482 5.7845 4.90933 6.41593 6.63078 6.38415 4.66968 3.83633 3.30263 2.26935
threshold=0.0064298353426528463 45.091094216671202 -55.941860133662736 0.0055187001706930036 8.5000000000000018 68.71906214926716 0.0026889954834903311 -0.032627029808449663 0.89241195092995662 0.0054824966107122827 26.888360444759417 0.84370307004852463
decision_type=2 2 2 2 2 2 2 2 2 2 2 2
left_child=1 2 -1 -4 5 6 -2 -6 10 -7 -3 -9
right_child=4 8 3 -5 7 9 -8 11 -10 -11 -12 -13
leaf_value=0.018722115109190304 -0.0034770190309340097 0.010233136588425208 0.0037668978685531651 -0.025457827352780085 0.0047526960778210654 -0.02088754309704835 0.023111136933679582 -0.031550807364571241 0 -0.00045604004244452332 0.036665780524820668 -0.007030292981905298
leaf_weight=7.954740077257159 18.573682799935344 11.434318199753763 8.8484767377376574 11.559536054730414 7.3414913266897228 16.076095789670944 11.864562332630156 14.511253565549852 7.4665723741054526 18.306601598858833 13.674655765295027 8.3446231782436353
leaf_count=32 75 46 36 47 30 66 48 60 30 74 55 34
internal_value=-0.000492109 0.00992202 -0.00289689 -0.012912 -0.00739249 -0.00228873 0.00721034 -0.0170595 0.0210389 -0.0110444 0.026825 -0.0244879
internal_weight=155.957 60.9383 28.3628 20.408 95.0183 64.8209 30.4382 30.1974 32.5755 34.3827 25.109 22.8559
internal_count=633 246 115 83 387 263 123 124 131 140 101 94
is_linear=0
shrinkage=0.03


Tree=18
num_leaves=10
num_cat=0
split_feature=40 5 20 23 15 28 2 33 36
split_gain=12.118 9.29499 6.81012 6.01369 5.61613 6.19313 4.36011 3.89147 3.83663
threshold=0.0064298353426528463 -0.076554839329657773 0.025810856568272488 0.80429097770231539 68.71906214926716 8.5000000000000018 -0.018492248207146452 0.53173861949529944 0.0070624294123895282
decision_type=2 2 2 2 2 2 2 2 2
left_child=1 8 -3 -2 5 -5 -6 -4 -1
right_child=3 2 7 4 6 -7 -8 -9 -10
leaf_value=-0.017757319610079463 0.01089657823425285 -0.0023699498767800449 0.0080135270378788731 0.0066730725176551656 0 -0.015691421851504326 -0.02302310448117648 0.032297524749499734 0.0070671696683627461
leaf_weight=10.752392768859865 11.885335639119146 10.404223561286924 13.410028994083403 25.977104067802429 9.564731836318968 16.232004329562187 31.241955012083054 18.89942142367363 7.4290951639413825
leaf_count=44 48 42 54 105 39 67 128 76 30
internal_value=-0.000472171 0.00968722 0.0172004 -0.00721133 -0.0101756 -0.00190895 -0.0178873 0.0237103 -0.00717545
internal_weight=155.796 60.8952 42.7137 94.9011 83.0158 42.2091 40.8067 32.3095 18.1815
internal_count=633 246 172 387 339 172 167 130 74
is_linear=0
shrinkage=0.03


Tree=19
num_leaves=10
num_cat=0
split_feature=37 10 5 7 34 23 16 10 5
split_gain=8.79946 5.19622 7.1132 5.42095 4.82136 7.53553 4.86226 4.7869 2.92124
threshold=0.011909668693732224 0.0023697474095655262 0.019984925827082892 -0.026941680803456214 0.032496153790359424 0.97580580612411871 -11.668182863565432 0.013845929214531762 -0.012685756035625882
decision_type=2 2 2 2 2 2 2 2 2
left_child=4 3 -3 -2 5 8 -7 -4 -1
right_child=1 2 7 -5 -6 6 -8 -9 -10
leaf_value=0.007720789743235072 -0.00038866516688008533 0.021888727088589813 0.012906918642748602 -0.027004991662503523 -0.0088632493027906208 0.011777751474475935 -0.01190476852785387 -0.0097959187478206932 0.030087005845003411
leaf_weight=13.362946331501007 12.925338476896288 7.9567856490612021 7.9347066432237616 16.524371847510338 10.851202368736265 13.314985275268556 13.887365892529486 43.46308645606041 15.390578046441078
leaf_count=54 53 32 32 69 44 54 56 177 62
internal_value=-0.000450821 -0.00666528 -0.00112762 -0.0165678 0.00754547 0.0111824 0 -0.00565803 0.0213583
internal_weight=155.611 88.8043 59.3546 29.4497 66.8071 55.9559 27.2024 51.3978 28.7535
internal_count=633 363 241 122 270 226 110 209 116
is_linear=0
shrinkage=0.03


Tree=20
num_leaves=10
num_cat=0
split_feature=11 21 22 23 33 19 24 13 22
split_gain=10.092 8.56528 8.50053 8.51974 8.8551 7.86462 4.66337 3.15221 1.66952
threshold=0.07677863627605587 0.020247165601273927 -0.21687643206592719 0.95429342784478199 0.28267903651085946 0.25288291964455895 0.15941673723462738 -0.37675192844438138 -0.33618329173395972
decision_type=2 2 2 2 2 2 2 2 2
left_child=2 -2 6 4 -4 -5 8 -3 -1
right_child=1 7 3 5 -6 -7 -8 -9 -10
leaf_value=-0.0034994636774403364 -0.033739748382285148 0.012239832408467387 -0.0039586564079117448 -0.0044783813748780687 0.025208365356802997 0.024597053713100687 0.005756935591752191 -0.012181716942903121 -0.022987791291085104
leaf_weight=9.5805880874395353 10.520374685525896 7.4029939621686935 10.772489964962004 45.411651775240898 34.949413910508156 8.1420506387948972 11.581380084156988 7.6250029951333982 12.02737879753113
leaf_count=39 44 30 44 185 141 33 47 31 49
internal_value=0.00102254 -0.0154126 0.00448602 0.00891636 0.0181441 0.000398481 -0.00809328 0 -0.0160109
internal_weight=158.013 25.5484 132.465 99.2756 45.7219 53.5537 33.1893 15.028 21.608
internal_count=643 105 538 403 185 218 135 61 88
is_linear=0
shrinkage=0.03


Tree=21
num_leaves=9
num_cat=0
split_feature=11 21 19 25 25 36 25 1
split_gain=9.59192 8.2098 6.53696 7.21127 6.91482 5.34823 4.99242 3.54958
threshold=0.07677863627605587 0.020247165601273927 0.25288291964455895 0.21466973886328727 0.013721804511278196 0.0053768216932880688 0.20344547734985985 -0.00084209687346409312
decision_type=2 2 2 2 2 2 2 2
left_child=2 -2 3 4 -1 -5 -3 -4
right_child=1 6 7 5 -6 -7 -8 -9
leaf_value=-0.011155180453147118 -0.033086137628908344 -0.015298705560639123 0.031529443178811636 0.0064285191629620281 0.014529846095158365 -0.011422924173979054 0.015440050545037949 0.0018651902606632907
leaf_weight=9.5949949473142606 10.446976199746134 7.6232753545045835 9.3897773474454898 20.450147703289986 44.32910992205143 41.278034046292305 7.3997320979833603 7.4071604907512656
leaf_count=39 44 31 38 83 180 168 30 30
internal_value=0.000978718 -0.0150679 0.00435428 0.00151948 0.00945586 -0.00525734 0 0.0208363
internal_weight=157.919 25.47 132.449 115.652 53.9241 61.7282 15.023 16.7969
internal_count=643 105 538 470 219 251 61 68
is_linear=0
shrinkage=0.03


Tree=22
num_leaves=8
num_cat=0
split_feature=11 19 34 10 20 1 3
split_gain=9.13248 6.2276 8.16518 7.65978 5.31339 3.34684 1.29078
threshold=0.07677863627605587 0.25288291964455895 0.034830690815106487 -0.045438531967323219 0.028941189312119173 -0.00084209687346409312 0.010036688662787398
decision_type=2 2 2 2 2 2 2
left_child=1 2 3 -1 6 -3 -2
right_child=4 5 -4 -5 -6 -7 -8
leaf_value=-0.017850252590848534 -0.03430926769069486 0.030693990951123268 -0.018912150084013233 0.0074511197919759639 0.00076776212385387861 0.0018209393537171087 -0.00945533222128765
leaf_weight=9.9646324217319471 7.3549658507108706 9.4101074635982531 13.205650135874746 92.480451613664627 10.30215899646282 7.4081376343965522 7.729567214846611
leaf_count=41 31 38 54 375 42 30 32
internal_value=0.000948869 0.00424035 0.00146911 0.0045518 -0.0147339 0.0203182 -0.0250495
internal_weight=157.856 132.469 115.651 102.445 25.3867 16.8182 15.0845
internal_count=643 538 470 416 105 68 63
is_linear=0
shrinkage=0.03


Tree=23
num_leaves=8
num_cat=0
split_feature=11 21 23 14 36 4 13
split_gain=8.69833 7.74864 6.04393 3.83172 12.1058 7.13519 3.00245
threshold=0.07677863627605587 0.020247165601273927 1.3584840910561742 -49.965351403232482 0.0069045371770665182 0.057376254478294315 -0.37675192844438138
decision_type=2 2 2 2 2 2 2
left_child=2 -2 3 4 -1 -5 -3
right_child=1 6 -4 5 -6 -7 -8
leaf_value=-0.015277902897272457 -0.032055144497325307 0.012101847301230135 -0.016859687187338497 0.015468921683997315 0.016073791410464354 -0.0028897457913183828 -0.011748450450511084
leaf_weight=23.013912871479988 10.317108124494554 7.3950294703245163 9.1175092905759794 57.093368679285049 17.789362192153931 25.458364009857178 7.6087302267551404
leaf_count=95 44 30 37 231 72 103 31
internal_value=0.000902654 -0.0144218 0.00411426 0.00602842 -0.00114641 0.0096954 0
internal_weight=157.793 25.3209 132.473 123.355 40.8033 82.5517 15.0038
internal_count=643 105 538 501 167 334 61
is_linear=0
shrinkage=0.03


Tree=24
num_leaves=7
num_cat=0
split_feature=11 23 20 20 28 32
split_gain=8.26108 5.74242 4.96874 4.74352 6.2722 0.906472
threshold=0.07677863627605587 1.3584840910561742 0.028941189312119173 0.039061016905426051 7.5000000000000009 1.0000000180025095e-35
decision_type=2 2 2 2 2 2
left_child=1 3 5 4 -1 -2
right_child=2 -3 -4 -5 -6 -7
leaf_value=0.010283854980010408 -0.031923399769777087 -0.016467470648363902 0.00081684948145013694 0.02098137877563756 -0.0037754415905323613 -0.0089563399264220682
leaf_weight=55.578663110733032 7.7759369462728518 9.10249015688896 10.290790200233458 14.649524345993994 53.122345209121704 7.1664563864469528
leaf_count=225 33 37 42 59 217 30
internal_value=0.000854051 0.00398295 -0.0141056 0.00585039 0.00333348 -0.0241512
internal_weight=157.686 132.453 25.2332 123.351 108.701 14.9424
internal_count=643 538 105 501 442 63
is_linear=0
shrinkage=0.03


Tree=25
num_leaves=9
num_cat=0
split_feature=34 40 34 38 5 11 23 18
split_gain=9.03023 8.53944 8.07971 8.33482 6.94111 4.99527 2.93016 0.786299
threshold=0.024396315883857048 -0.018331611346507123 0.020973955574487339 0.0087475730532963619 0.019098967757142819 0.038528631107197071 1.0591013420914359 0.61655097395719305
decision_type=2 2 2 2 2 2 2 2
left_child=2 -2 3 4 -1 -5 7 -3
right_child=1 6 -4 5 -6 -7 -8 -9
leaf_value=-0.018949808709730252 0.011073803633884468 -0.032720649808789706 0.026124780939404769 0.013922293393347421 0.003836997646513682 -0.0038117139607059475 -0.0048680253490227324 -0.011062697381907523
leaf_weight=23.701308041810989 8.8964486271142942 11.356867983937269 11.344669193029402 41.976220324635506 19.878659769892693 18.413071498274803 11.954234525561331 8.0330470800399763
leaf_count=97 36 48 46 170 81 75 49 33
internal_value=-9.72444e-05 -0.0120809 0.00409142 0.001098 -0.00851441 0.0083258 -0.0193727 -0.0263226
internal_weight=155.555 40.2406 115.314 103.969 43.58 60.3893 31.3441 19.3899
internal_count=635 166 469 423 178 245 130 81
is_linear=0
shrinkage=0.03


Tree=26
num_leaves=7
num_cat=0
split_feature=20 21 23 30 38 6
split_gain=10.985 9.46587 8.18427 5.87784 5.73481 2.13335
threshold=0.039796973296002965 0.030839699835826868 0.95429342784478199 1.0000000180025095e-35 0.0073522408624028821 -0.0022976513257241525
decision_type=2 2 2 2 2 2
left_child=1 2 4 -4 -1 -2
right_child=5 -3 3 -5 -6 -7
leaf_value=0.024279436506458946 0.0062043177828764702 -0.027689622152345671 -0.010747514560385319 0.014152839190049749 0.0019122119238668702 0.030982181494295078
leaf_weight=12.24181781709194 8.92477695643902 10.846533492207525 61.688297897577286 7.6106258183717719 45.693420946598053 8.4417881071567518
leaf_count=50 36 44 253 31 187 34
internal_value=-0.000101085 -0.0031211 -0.000514493 -0.00748221 0.00754119 0.0209789
internal_weight=155.447 138.081 127.234 69.2989 57.9352 17.3666
internal_count=635 565 521 284 237 70
is_linear=0
shrinkage=0.03


Tree=27
num_leaves=9
num_cat=0
split_feature=34 40 34 38 10 7 13 18
split_gain=8.54459 8.11789 7.62693 7.85202 5.13748 5.09027 4.94971 2.79717
threshold=0.024396315883857048 -0.018331611346507123 0.020973955574487339 0.0087475730532963619 0.0096319970889624535 -0.018358575927758674 0.67990737158834957 0.83569415922717372
decision_type=2 2 2 2 2 2 2 2
left_child=2 -2 3 4 -1 -3 -5 -7
right_child=1 5 -4 6 -6 7 -8 -9
leaf_value=-0.016695576653529998 0.010796675753498941 0.001059971972263023 0.025395561461835532 0.016195699120715293 0.0029881218431501207 -0.031707739102869496 -0.00023171124890802253 -0.0051377249203599174
leaf_weight=25.055538505315781 8.8941519111394864 7.3117288053035763 11.356979191303251 30.570849552750587 18.448491364717484 16.594965025782589 29.81119093298912 7.3319267034530631
leaf_count=103 36 30 46 124 75 70 121 30
internal_value=-7.19231e-05 -0.01175 0.00399801 0.00108165 -0.00825433 -0.018884 0.00809747 -0.0251688
internal_weight=155.376 40.1328 115.243 103.886 43.504 31.2386 60.382 23.9269
internal_count=635 166 469 423 178 130 245 100
is_linear=0
shrinkage=0.03


Tree=28
num_leaves=9
num_cat=0
split_feature=20 37 21 34 32 20 34 11
split_gain=10.2672 10.1305 6.32697 7.69844 5.32334 5.11539 4.60244 2.58492
threshold=0.039796973296002965 0.039047999263081785 0.018751980248477632 0.034830690815106487 -0.0069261855386801288 0.024313287549583572 0.0081819118489403504 -0.052493620480361262
decision_type=2 2 2 2 2 2 2 2
left_child=1 2 4 -4 -1 -3 -7 -2
right_child=7 5 3 -5 -6 6 -8 -9
leaf_value=-0.025200305000644813 0.0049992144945140106 0.0028915317664553598 0.011611950314419162 -0.01245107295467251 0 -0.037117858804919267 -0.010084702198073061 0.03103706671784669
leaf_weight=9.6956963837146777 8.9244382828474063 8.3402160257101041 58.040925234556198 12.644379973411558 19.753954827785492 9.9508377909660357 19.461923286318779 8.4268094301223737
leaf_count=40 36 34 236 52 81 41 81 34
internal_value=-6.35371e-05 -0.00298969 0.0019279 0.00687696 -0.00915585 -0.0158511 -0.0214889 0.0203207
internal_weight=155.239 137.888 100.135 70.6853 29.4497 37.753 29.4128 17.3512
internal_count=635 565 409 288 121 156 122 70
is_linear=0
shrinkage=0.03


Tree=29
num_leaves=9
num_cat=0
split_feature=20 37 34 12 9 20 34 11
split_gain=9.81095 9.60856 5.64983 5.82447 5.0717 4.89732 4.41736 2.45342
threshold=0.039796973296002965 0.039047999263081785 0.034830690815106487 33.079889128219548 0.01481724046153335 0.024313287549583572 0.0081819118489403504 -0.052493620480361262
decision_type=2 2 2 2 2 2 2 2
left_child=1 2 3 -1 -4 -3 -7 -2
right_child=7 5 4 -5 -6 6 -8 -9
leaf_value=-0.012706475291139248 0.0048763645407086343 0.0028210004194311675 0.0019369260188025561 0.0082992042653972729 -0.029126983574681312 -0.036377703527289681 -0.0098254862405683704 0.030322303579620898
leaf_weight=11.777558669447897 8.9251669496297854 8.3422503322362882 7.6050540804862958 73.563511818647385 7.1646541357040405 9.8903059214353579 19.429369524121284 8.4140150845050794
leaf_count=49 36 34 31 299 30 41 81 34
internal_value=-7.09693e-05 -0.00293478 0.00184817 0.00500398 -0.013914 -0.0154788 -0.0210122 0.0198588
internal_weight=155.112 137.773 100.111 85.3411 14.7697 37.6619 29.3197 17.3392
internal_count=635 565 409 348 61 156 122 70
is_linear=0
shrinkage=0.03


Tree=30
num_leaves=12
num_cat=0
split_feature=23 37 34 25 38 20 19 38 24 22 36
split_gain=7.49053 10.4985 7.74172 8.57128 8.16585 6.81651 6.04443 4.71058 5.26888 2.14206 0.949073
threshold=0.95429342784478199 0.043906522680836398 0.0062406384708568749 0.23720076882753802 0.010791728037763145 0.029578192476989885 0.10283046527454644 0.0073522408624028821 0.19748180062397866 0.042555343908691319 0.0073631023113726168
decision_type=2 2 2 2 2 2 2 2 2 2 2
left_child=1 7 3 5 6 -2 -4 -1 -9 -3 -5
right_child=2 9 4 10 -6 -7 -8 8 -10 -11 -12
leaf_value=0.03016579949639047 -0.021381910204935087 -0.021647938411829104 0.015070419652201544 -0.03493425879469679 0.02088636839701689 0.010942273843199613 -0.012695573464333053 0.01615022067669181 -0.0052303332243462015 0 -0.011361496062222629
leaf_weight=11.612101107835768 7.350962013006213 7.6922295391559627 7.3304382115602484 11.829344376921656 13.238088443875311 13.605436801910399 24.801144868135452 24.298057094216347 14.471965730190275 8.5245443731546384 7.4003053754568091
leaf_count=47 30 32 30 49 54 55 102 99 59 35 30
internal_value=3.13012e-06 0.00752138 -0.00571608 -0.0150311 0.00250426 -0.0006178 -0.00540972 0.0143023 0.00793636 -0.0119795 -0.0284941
internal_weight=152.155 66.5989 85.5557 40.186 45.3697 20.9564 32.1316 50.3821 38.77 16.2168 19.2296
internal_count=622 272 350 164 186 85 132 205 158 67 79
is_linear=0
shrinkage=0.03


Tree=31
num_leaves=11
num_cat=0
split_feature=23 40 28 34 33 25 40 28 15 24
split_gain=7.08529 9.05545 7.41352 7.321 6.85591 6.13076 5.91631 5.54176 4.08724 3.05041
threshold=0.95429342784478199 0.040857031965668263 9.5000000000000018 0.006708305952168426 0.26579629537115684 0.24110309017223913 0.0064298353426528463 7.5000000000000009 76.482402070301916 0.40890230101848363
decision_type=2 2 2 2 2 2 2 2 2 2
left_child=1 4 3 5 -1 -2 -4 -5 -3 -6
right_child=2 8 6 7 9 -7 -8 -9 -10 -11
leaf_value=-0.0046912418298029985 -0.0051187673799708237 0.0049996990971520883 0.026117364002251234 0.0065677908043285955 0.025733770755939606 -0.032298832405519104 -0.0037410797698229983 -0.020260361606429592 -0.019715911737358403 0.003497834722894068
leaf_weight=10.948124304413794 16.766813695430756 8.5852212011814135 8.4016878008842486 25.350509896874428 26.146809250116348 16.258147552609444 11.391599044203756 7.2763963639736167 11.039053693413733 9.8652258068323118
leaf_count=45 68 35 34 104 106 67 47 30 46 40
internal_value=0 0.00730384 -0.00557521 -0.0104815 0.0144012 -0.020008 0.00947841 0 -0.00874729 0.0205416
internal_weight=152.03 66.5844 85.4452 65.6519 46.9602 33.025 19.7933 32.6269 19.6243 36.012
internal_count=622 272 350 269 191 135 81 134 81 146
is_linear=0
shrinkage=0.03


Tree=32
num_leaves=9
num_cat=0
split_feature=22 23 2 31 21 36 36 16
split_gain=7.04783 8.16499 6.98808 8.94755 5.2159 9.14379 2.82613 2.73224
threshold=-0.31687961295802741 0.95429342784478199 0.022368740325482198 -1.4999999999999998 0.030839699835826868 0.007958393091731757 0.0055349937015149574 22.008196294944224
decision_type=2 2 2 2 2 2 2 2
left_child=6 4 3 -3 5 -2 -1 -4
right_child=1 2 7 -5 -6 -7 -8 -9
leaf_value=0 0.020477683527199139 0.0060827312273006298 0.020694745357280522 -0.018613232511370672 -0.0052549411372836159 -0.01230492294129237 -0.024823747079171753 0
leaf_weight=7.2081486135721233 41.156243577599525 18.30419610440731 8.9025053530931491 34.423124581575394 12.507962763309477 7.3012631833553305 11.006096243858336 11.060895919799803
leaf_count=30 168 75 36 142 51 30 45 45
internal_value=0 0.00253531 -0.00407172 -0.009857 0.0105304 0.014949 -0.0164516 0.0100316
internal_weight=151.87 133.656 72.6907 52.7273 60.9655 48.4575 18.2142 19.9634
internal_count=622 547 298 217 249 198 75 81
is_linear=0
shrinkage=0.03


Tree=33
num_leaves=9
num_cat=0
split_feature=22 35 20 35 11 21 20 36
split_gain=6.70354 5.80031 8.15913 7.62649 6.60639 8.11831 7.78334 2.68614
threshold=-0.31687961295802741 0.001149359990594623 0.040121431364880729 -0.083590734658790342 0.038528631107197071 0.029869729035613957 0.028584655653096629 0.0055349937015149574
decision_type=2 2 2 2 2 2 2 2
left_child=7 2 3 -2 5 -3 -6 -1
right_child=1 4 -4 -5 6 -7 -8 -9
leaf_value=0 0.012005997252302921 0.019276365965211092 0.018652373388822922 -0.018454470433390362 -0.015372151632158222 -0.0083736319854207705 0.011277888892648203 -0.024246736248291951
leaf_weight=7.2081486135721233 7.4242338836193076 42.524228647351265 7.6525940746068946 30.686998248100281 18.857026010751724 10.082214459776877 16.371310636401176 10.977991476655005
leaf_count=30 30 173 31 127 78 41 67 45
internal_value=0 0.00246046 -0.00586281 -0.0118439 0.00699802 0.0135898 -0.00264389 -0.016069
internal_weight=151.785 133.599 45.7638 38.1112 87.8348 52.6064 35.2283 18.1861
internal_count=622 547 188 157 359 214 145 75
is_linear=0
shrinkage=0.03


Tree=34
num_leaves=12
num_cat=0
split_feature=23 37 28 2 31 40 5 40 36 15 21
split_gain=6.23684 9.33759 6.9668 5.8269 8.58095 5.65169 4.14027 4.62743 3.82712 3.29724 1.94749
threshold=0.95429342784478199 0.043906522680836398 9.5000000000000018 0.022368740325482198 -2.4999999999999996 0.0064298353426528463 -0.018511309192808075 -0.025092470899840177 0.0074771154410397831 39.684225838298353 0.026820586991766111
decision_type=2 2 2 2 2 2 2 2 2 2 2
left_child=1 6 3 4 -2 -4 7 -1 -8 -5 -3
right_child=2 10 5 9 -6 -7 8 -9 -10 -11 -12
leaf_value=0.016290407642142325 0.010613403826052853 0 0.025585601766525207 0.015068871536113807 -0.020842702781562066 -0.0035948205370461873 0.02547316853896002 -0.010079352025583608 0 -0.0081270800307618359 -0.020961516700077839
leaf_weight=8.9062909632921237 7.5763750821351996 8.6375927925109881 8.3928232192993182 9.3762375861406344 40.366170078516006 11.376013189554213 23.110255509614948 10.965228542685507 7.3244253098964682 8.1068989187479001 7.5152603238821021
leaf_count=36 31 36 34 38 167 47 94 45 30 33 31
internal_value=0 0.00683051 -0.00526728 -0.0100422 -0.0153454 0.00931709 0.0132404 0.00146249 0.0199037 0.00381291 -0.0115654
internal_weight=151.654 66.4591 85.1945 65.4257 47.9425 19.7688 50.3062 19.8715 30.4347 17.4831 16.1529
internal_count=622 272 350 269 198 81 205 81 124 71 67
is_linear=0
shrinkage=0.03


Tree=35
num_leaves=7
num_cat=0
split_feature=19 34 32 22 11 21
split_gain=8.50442 6.77262 6.60585 5.98183 3.09908 2.70365
threshold=0.24448450260176938 0.034830690815106487 -0.015770486888111942 -0.1414930977637279 -0.0056434851698824997 0.021538343990745407
decision_type=2 2 2 2 2 2
left_child=1 2 -1 -4 -2 -3
right_child=4 5 3 -5 -6 -7
leaf_value=-0.017372666129189814 0.0049885227375259331 -0.0026964752520476924 -0.005074863355095805 0.0096779461797872543 0.029695353457718336 -0.027371089637353858
leaf_weight=11.955388292670248 11.785868510603907 9.5021714717149752 35.217073380947113 68.014184668660164 10.063180834054945 8.8632794916629773
leaf_count=49 48 40 145 278 41 37
internal_value=0.00200072 -0.000826807 0.0018456 0.00450172 0.0185329 -0.0168597
internal_weight=155.401 133.552 115.187 103.231 21.849 18.3655
internal_count=638 549 472 423 89 77
is_linear=0
shrinkage=0.03


Tree=36
num_leaves=8
num_cat=0
split_feature=19 34 23 28 37 12 25
split_gain=8.10975 6.45585 7.63405 8.68588 6.66868 2.68703 2.63073
threshold=0.24448450260176938 0.034830690815106487 0.95887084738407602 9.5000000000000018 0.049524451800300857 53.171264354374735 0.19163509180996796
decision_type=2 2 2 2 2 2 2
left_child=1 2 4 -4 -1 -3 -2
right_child=6 5 3 -5 -6 -7 -8
leaf_value=0.014568335917474915 0.0039664384922489119 -0.025037903103699188 -0.01249647194684851 0.011443260664075826 -0.011090871464155815 -0.00028661065017461095 0.027130292224531935
leaf_weight=45.625054001808167 10.323246583342554 10.683303520083429 43.391524389386177 17.13320854306221 9.0374521911144239 7.6368082761764517 11.541239351034163
leaf_count=186 42 45 179 70 37 32 47
internal_value=0.00193203 -0.000828074 0.00177592 -0.00533049 0.00981959 -0.0165021 0.0180711
internal_weight=155.372 133.507 115.187 60.5247 54.6625 18.3201 21.8645
internal_count=638 549 472 249 223 77 89
is_linear=0
shrinkage=0.03


Tree=37
num_leaves=8
num_cat=0
split_feature=19 34 34 20 38 21 38
split_gain=7.71812 6.15619 4.75151 8.36577 5.65188 2.63174 2.56765
threshold=0.24448450260176938 0.034830690815106487 -0.015636197896358558 0.028997854887589863 0.011382375323703722 0.021538343990745407 0.0086267442094106143
decision_type=2 2 2 2 2 2 2
left_child=1 2 4 -4 -1 -3 -2
right_child=6 5 3 -5 -6 -7 -8
leaf_value=-0.015442702550376775 0.0024706386938590833 -0.0022606544220636474 -0.0030095454159091537 0.015350532739941868 0.011140112272920841 -0.026523272053385741 0.025513402331435783
leaf_weight=22.722924277186397 9.0522086322307604 9.4719871580600756 45.416799321770668 39.132360205054283 7.8419562727212897 8.7950664609670621 12.828407883644102
leaf_count=93 37 40 187 160 32 37 52
internal_value=0.00187539 -0.000817709 0.00172099 0.0054732 -0.00789649 -0.0161471 0.0176138
internal_weight=155.262 133.381 115.114 84.5492 30.5649 18.2671 21.8806
internal_count=638 549 472 347 125 77 89
is_linear=0
shrinkage=0.03


Tree=38
num_leaves=11
num_cat=0
split_feature=10 26 26 8 10 6 35 31 24 17
split_gain=5.03583 6.80727 8.85026 6.78469 4.96281 4.10389 4.49174 4.09375 3.45061 0.140759
threshold=0.0023697474095655262 0.57424156774071988 0.12988330796549977 0.013777752288395144 -0.027901380777914261 0.0051032791723199158 0.001149359990594623 -1.4999999999999998 -0.54185810703761195 -11.888256887471348
decision_type=2 2 2 2 2 2 2 2 2 2
left_child=1 2 8 9 -4 7 -7 -5 -1 -2
right_child=3 -3 4 5 -6 6 -8 -9 -10 -11
leaf_value=-0.0061413208016520976 0.010932589136815624 0.018747956047907931 -0.0020650786898219206 0.0069036715146777762 -0.023910573283484959 -0.0071354646617222666 0.013411986124987082 -0.016061412995742274 0.015434138862408344 0.030539038850087654
leaf_weight=8.6438694298267382 7.3599966913461685 8.2588041722774488 17.875596866011616 9.2535915821790713 23.798299342393879 10.734560966491697 32.610750436782837 15.017860516905783 14.250790625810621 7.3693514913320524
leaf_count=36 30 34 74 38 99 44 133 62 58 30
internal_value=0.00181988 -0.00374349 -0.00732249 0.00689009 -0.0154073 0.00233697 0.00790229 -0.0068759 0.00684683 0.0241169
internal_weight=155.173 72.8274 64.5686 82.3461 41.6739 67.6168 43.3453 24.2715 22.8947 14.7293
internal_count=638 301 267 337 173 277 177 100 94 60
is_linear=0
shrinkage=0.03


Tree=39
num_leaves=9
num_cat=0
split_feature=19 23 14 11 35 40 26 11
split_gain=7.30329 5.3872 8.4501 5.69578 7.81592 5.49228 3.65863 2.99264
threshold=0.24448450260176938 0.93423855011690149 -49.965351403232482 0.038528631107197071 -0.0014081143326124532 0.038657667377616008 0.43903155667861554 -0.0056434851698824997
decision_type=2 2 2 2 2 2 2 2
left_child=1 2 -1 4 -3 -4 -5 -2
right_child=7 3 5 6 -6 -7 -8 -9
leaf_value=-0.012149654740966985 0.0040112521409672551 -0.014953847248402178 0.020484373355402128 -0.020525350371195857 0.0099361524449929663 -0.0011474646478686621 0.00099813230027580584 0.027970226211007754
leaf_weight=14.393500611186026 11.800288841128351 15.703916519880293 27.07201424241066 24.67730638384819 29.37053769826889 14.300977095961569 7.6894023120403281 10.076612412929533
leaf_count=59 48 65 111 103 120 59 32 41
internal_value=0.00178156 -0.000837875 0.00601805 -0.00599096 0.000678941 0.0129532 -0.015215 0.0170936
internal_weight=155.085 133.208 55.7665 77.4412 45.0745 41.373 32.3667 21.8769
internal_count=638 549 229 320 185 170 135 89
is_linear=0
shrinkage=0.03


Tree=40
num_leaves=12
num_cat=0
split_feature=21 12 4 8 36 21 1 40 35 37 19
split_gain=5.86737 6.27673 12.4282 5.72067 6.28795 5.53156 5.35411 4.79727 4.04548 4.0345 0.56248
threshold=0.01865229532103041 44.581945552527081 0.054668793414844437 -0.089700616458136748 0.0053125172145679798 0.014304539312689733 -0.0037029602252016676 0.017280220207760991 0.022654169317728793 0.032074995079279474 0.12148805989115709
decision_type=2 2 2 2 2 2 2 2 2 2 2
left_child=5 3 7 -2 -5 -1 10 -3 -4 -8 -7
right_child=1 2 8 4 -6 6 9 -9 -10 -11 -12
leaf_value=0.012632304073202889 0.013922100783563198 0.03123884817875193 -0.01527646058174293 0.0098510179489827224 -0.019127796231086756 -0.011845722747896581 0.011776500025827382 0.0087429315871441812 0.004740097932496609 -0.013433239854692256 -0.033010747166634519
leaf_weight=7.4271478950977317 8.9212213903665525 19.797835662961006 12.979773372411726 7.260904178023341 21.393041551113129 9.1739245653152484 8.9744916707277316 21.605010494589806 19.902176573872566 9.7356480062007886 7.0079679191112509
leaf_count=30 36 81 53 30 89 38 37 89 81 41 30
internal_value=0.00149874 0.00516525 0.0101894 -0.00440129 -0.0111316 -0.00765003 -0.0128247 0.0207893 -0.00315405 -0.000647348 -0.0244597
internal_weight=154.179 111.86 74.2848 37.5752 28.6539 42.3192 34.892 41.4028 32.8819 18.7101 16.1819
internal_count=635 459 304 155 119 176 146 170 134 78 68
is_linear=0
shrinkage=0.03


Tree=41
num_leaves=12
num_cat=0
split_feature=37 19 14 36 36 14 18 11 11 4 34
split_gain=5.60684 8.72405 7.42533 7.71276 6.7232 6.48828 4.56017 3.67407 5.74351 3.51513 0.121493
threshold=0.039047999263081785 0.18711679146264007 -45.89485398031092 0.0069045371770665182 0.007958393091731757 217.53781511365744 0.25023962319075815 0.037561890524108528 -0.010417137245981698 -0.06503750590637157 0.020501285779181203
decision_type=2 2 2 2 2 2 2 2 2 2 2
left_child=2 7 3 9 5 -4 -5 8 -2 -1 -9
right_child=1 -3 4 6 -6 -7 -8 10 -10 -11 -12
leaf_value=0 -0.021777313494411536 0.010812691999974392 0.019041434323057251 0.021926334776683078 -0.010593504370721773 -0.0048770972831735206 -0.0052472351055442099 -0.033125721311986336 0.0099475165321377974 -0.025569561930081617 -0.011994380835740294
leaf_weight=8.8925101161003131 7.2866299450397518 14.037716418504713 50.531749710440636 9.0842420309782046 9.0093946903943998 10.630692496895788 8.5674257576465589 7.2558859139680845 9.0377998352050799 12.63052077591419 7.042775422334671
leaf_count=37 30 57 206 37 37 44 35 31 37 53 31
internal_value=0.00145813 -0.00716016 0.00517822 -0.00486885 0.0109745 0.0146239 0.00878231 -0.0160166 -0.00422601 -0.016497 -0.0263869
internal_weight=154.007 44.6608 109.347 39.1747 70.1718 61.1624 17.6517 30.6231 16.3244 21.523 14.2987
internal_count=635 186 449 162 287 250 72 129 67 90 62
is_linear=0
shrinkage=0.03


Tree=42
num_leaves=13
num_cat=0
split_feature=20 23 11 11 10 28 38 16 10 23 1 9
split_gain=5.36381 6.38801 6.91782 6.5134 5.99505 5.42776 4.9933 6.14299 4.9495 3.86241 1.65401 1.35939
threshold=0.028868934520334236 0.78082036155421763 0.072397168740317222 0.0056238317958102755 0.0023697474095655262 7.5000000000000009 0.011418544105874319 -67.710395234370949 0.031285918096950256 1.0189214826704582 0.015725133068211109 0.14306234650976538
decision_type=2 2 2 2 2 2 2 2 2 2 2 2
left_child=1 -1 3 -3 6 10 7 -2 -7 -8 -6 -4
right_child=4 2 11 -5 5 8 9 -9 -10 -11 -12 -13
leaf_value=0.017923883146914742 0.008767351371871181 -0.011933791242770348 -0.034309483253526944 0.0094905388525044244 0.035001355777779873 0.016949985199423902 0.02382070498807775 -0.018124739894832539 -0.0085371929500595977 -0.001892219736629038 0.0090708937939177735 -0.008731907707548817
leaf_weight=7.5756870806217185 9.6966552287340182 25.539375200867653 7.1571508944034559 21.428816646337509 9.6149739772081393 11.183842942118646 8.1290599703788775 18.84198360145092 11.732190087437628 8.3712110519409162 7.3794346898794165 7.1814515739679337
leaf_count=31 40 105 32 88 39 46 33 79 48 34 30 30
internal_value=0.00138155 -0.00464166 -0.00814519 -0.00186442 0.00643249 0.0146229 -0.000819537 -0.00852058 0.00366156 0.0111705 0.026672 -0.0250541
internal_weight=153.832 68.8825 61.3068 46.9682 84.9494 39.9104 45.0389 28.5386 22.916 16.5003 16.9944 14.3386
internal_count=635 286 255 193 349 163 186 119 94 67 69 62
is_linear=0
shrinkage=0.03


Tree=43
num_leaves=10
num_cat=0
split_feature=21 12 41 31 21 1 36 12 15
split_gain=5.30884 5.64881 7.3646 6.07019 5.22018 5.09519 3.86111 9.23915 1.85038
threshold=0.01865229532103041 44.581945552527081 1.0000000180025095e-35 -1.4999999999999998 0.014304539312689733 -0.0037029602252016676 0.0057013751940565927 27.177993401397668 80.765192966612048
decision_type=2 2 2 2 2 2 2 2 2
left_child=4 6 -3 -4 -1 -6 -2 -8 -7
right_child=1 2 3 -5 5 8 7 -9 -10
leaf_value=0.012304074224817729 0.0084151155838030466 0.027983318802639399 0.021482605493518152 -0.00045971832604012612 -0.023821926243513949 0.007206304427565962 0.011766891072839047 -0.022968786307308309 -0.0098336587893533157
leaf_weight=7.424564227461814 11.780716210603712 13.960692271590231 12.37412443757057 47.769417822360992 16.050645381212234 9.5456104874610919 8.6107316166162509 17.049793064594269 9.079255208373068
leaf_count=30 49 57 51 196 68 39 35 71 39
internal_value=0.00135583 0.00485108 0.00962557 0.00435948 -0.00736482 -0.0124265 -0.00422728 -0.0107625 -0.000521139
internal_weight=153.646 111.545 74.1042 60.1435 42.1001 34.6755 37.4412 25.6605 18.6249
internal_count=635 459 304 247 176 146 155 106 78
is_linear=0
shrinkage=0.03


Tree=44
num_leaves=11
num_cat=0
split_feature=37 19 12 21 4 4 19 36 36 34
split_gain=5.2507 8.01184 5.54182 6.20315 7.43436 4.29695 3.83297 3.40621 2.7173 1.76933
threshold=0.039047999263081785 0.18711679146264007 44.581945552527081 0.018856658584917949 0.056329482498111323 -0.034741122915506732 0.18829392283241395 0.0072440293974836345 0.0048054974366338737 0.005360981441918323
decision_type=2 2 2 2 2 2 2 2 2 2
left_child=2 7 5 9 -5 6 -1 8 -2 -4
right_child=1 -3 3 4 -6 -7 -8 -9 -10 -11
leaf_value=0.012076849889674699 -0.004329529627050719 0.010157245449933251 -0.014230784046650338 0.025099829201916092 0.0013761270720328105 -0.015790769701320772 -0.0083156164819767481 0 -0.028925176510863765 0.0033309917428620767
leaf_weight=17.095666348934177 8.688052445650106 14.047499716281889 7.6138667911291105 28.213385492563248 22.328539088368416 13.97870649397373 12.097854256629942 8.0018783062696439 13.727218165993689 7.7067307382822037
leaf_count=71 37 57 31 116 91 58 50 33 59 32
internal_value=0.00133144 -0.00702426 0.00493915 0.0103496 0.0153559 -0.00307563 0.00315396 -0.015559 -0.021142 -0.00516609
internal_weight=153.499 44.4646 109.035 65.8625 50.5419 43.1722 29.1935 30.4171 22.4153 15.3206
internal_count=635 186 449 270 207 179 121 129 96 63
is_linear=0
shrinkage=0.03


Tree=45
num_leaves=8
num_cat=0
split_feature=31 21 32 13 11 19 22
split_gain=7.87007 5.00578 7.99703 6.22992 5.61462 4.33181 1.98514
threshold=-2.4999999999999996 0.020087566553799029 -0.017585953101887482 2.7202614263980611 -0.037339643850874175 0.12108601298496639 0.12421556114382572
decision_type=2 2 2 2 2 2 2
left_child=6 4 -3 -4 -2 -6 -1
right_child=1 2 3 -5 5 -7 -8
leaf_value=0.0038394265180424453 0.0088721870857722002 -0.021650236451499001 0.011575980063847233 -0.0052306106943176894 -0.004882267681937843 -0.025623707519791879 0.026506740982133611
leaf_weight=8.8870461732149142 9.082219719886778 9.5013358891010267 48.428987935185432 29.7796271443367 23.488993749022484 17.407668963074684 9.0019304901361448
leaf_count=37 37 39 199 123 97 74 37
internal_value=-4.09969e-05 -0.00264792 0.00154422 0.00501864 -0.0100698 -0.0148436 0.0175185
internal_weight=155.578 137.689 87.71 78.2086 49.9789 40.8967 17.889
internal_count=643 569 361 322 208 171 74
is_linear=0
shrinkage=0.03


Tree=46
num_leaves=8
num_cat=0
split_feature=31 1 38 38 20 38 28
split_gain=7.5041 4.8812 4.04402 4.48688 3.41091 3.30796 2.39027
threshold=-2.4999999999999996 0.033123540783495893 0.0073080273629790278 0.0077932116399021785 0.028997854887589863 0.0095897514454159269 6.5000000000000009
decision_type=2 2 2 2 2 2 2
left_child=4 2 6 -4 -1 -3 -2
right_child=1 5 3 -5 -6 -7 -8
leaf_value=0 0.01226942503240263 -0.0038207448597125837 -0.024917873585771643 -0.0050470309809138823 0.026682474651379906 0.017446178550090743 -0.0060543414702985366
leaf_weight=7.4153023809194591 14.852166473865511 8.3573056906461733 10.848494365811346 81.577404543757439 10.483241170644758 14.39775939285755 7.5465844124555579
leaf_count=31 61 34 45 338 43 59 32
internal_value=-3.97579e-05 -0.00258993 -0.00520444 -0.0080166 0.0170987 0.00935185 0.00549078
internal_weight=155.478 137.58 114.825 92.4259 17.8985 22.7551 22.3988
internal_count=643 569 476 383 74 93 93
is_linear=0
shrinkage=0.03


Tree=47
num_leaves=9
num_cat=0
split_feature=22 38 6 37 36 11 21 25
split_gain=4.61079 3.69499 3.45059 7.69991 5.69438 7.30116 4.40529 3.44468
threshold=-0.26099305687395619 0.010825274427929264 -0.0059866361625884991 0.028672997630696421 0.0039067162387887286 0.072397168740317222 0.018060407625559886 0.15406593406593408
decision_type=2 2 2 2 2 2 2 2
left_child=1 7 3 6 -4 -6 -2 -1
right_child=2 -3 4 -5 5 -7 -8 -9
leaf_value=0 -0.0010596250553265656 0.0055395116308758494 0.019431294113214703 -0.009574069013393062 0 -0.025462362966583281 0.021812120312966934 -0.024660260711854152
leaf_weight=8.2583093494176918 8.5009813755750638 7.3052345514297476 8.2470910251140577 12.636550426483153 60.631938204169273 10.278752788901327 25.845781430602074 13.711954742670057
leaf_count=34 35 30 34 53 249 44 106 58
internal_value=-3.09848e-05 -0.010449 0.00239518 0.00869923 -0.00128387 -0.00436576 0.0159918 -0.0164097
internal_weight=155.417 29.2755 126.141 46.9833 79.1578 70.9107 34.3468 21.9703
internal_count=643 122 521 194 327 293 141 92
is_linear=0
shrinkage=0.03


Tree=48
num_leaves=12
num_cat=0
split_feature=20 14 10 4 34 26 36 26 4 21 34
split_gain=4.58481 8.69605 7.24727 14.3286 6.72514 5.97101 5.03889 4.88985 4.11821 2.63028 2.47121
threshold=0.027724640233020546 39.60217106376286 0.0023697474095655262 0.056329482498111323 0.01434313344237126 0.13507498596519371 0.0069045371770665182 0.48409090909090918 0.042282699553448884 0.02754077226137764 0.011249363949162096
decision_type=2 2 2 2 2 2 2 2 2 2 2
left_child=1 6 5 9 -5 10 -1 -7 -3 -4 -2
right_child=2 8 3 4 -6 7 -8 -9 -10 -11 -12
leaf_value=-0.0081371195682011337 -0.0016890982103446213 -0.032178988916670953 0.033826969317470444 0.0059481672177999724 -0.025117806589521577 -0.016358051581053787 0.015476984077042955 0.0067385259191589083 -0.0053542179592406241 0.0089767581307779142 0.018548175570092945
leaf_weight=13.6562846750021 7.2724968492984798 11.078192710876467 16.132334694266323 15.414861008524896 7.5514793992042533 28.77698703110218 14.277973949909208 8.9377333670854551 12.763133913278578 9.7043099254369718 9.7369366437196714
leaf_count=57 30 48 66 63 31 120 58 37 53 40 40
internal_value=-3.78819e-05 -0.00725889 0.00350045 0.0117533 -0.00485957 -0.00374991 0.00365925 -0.0104432 -0.019925 0.0263476 0.00983915
internal_weight=155.303 51.7756 103.527 48.803 22.9663 54.7242 27.9343 37.7147 23.8413 25.8366 17.0094
internal_count=643 216 427 200 94 227 115 157 101 106 70
is_linear=0
shrinkage=0.03


Tree=49
num_leaves=7
num_cat=0
split_feature=31 32 38 2 34 20
split_gain=6.92501 4.39341 4.75157 4.73337 4.68472 3.14205
threshold=-2.4999999999999996 -0.017861124087935051 0.011382375323703722 -0.00096932014138867418 -0.018456057964607527 0.028997854887589863
decision_type=2 2 2 2 2 2
left_child=5 -2 4 -4 -3 -1
right_child=1 2 3 -5 -6 -7
leaf_value=0 -0.019225092357338325 -0.01585311038874463 -0.0068958876486177852 0.017894051200656132 -0.0001577366641843722 0.025642446251344413
leaf_weight=7.395513296127322 10.886681318283079 20.612433686852455 8.0422219187021273 18.753757610917091 78.962056130170822 10.465493530035017
leaf_count=31 45 85 33 77 329 43
internal_value=-3.3983e-05 -0.00249091 -0.000655364 0.00997079 -0.00380261 0.0164411
internal_weight=155.118 137.257 126.37 26.796 99.5745 17.861
internal_count=643 569 524 110 414 74
is_linear=0
shrinkage=0.03


Tree=50
num_leaves=7
num_cat=0
split_feature=31 35 34 33 19 37
split_gain=5.77166 4.00414 7.50353 6.00707 5.83121 3.78044
threshold=-2.4999999999999996 -0.073896169488852623 -0.015636197896358558 0.26579629537115684 0.13930144466998512 0.017944696263563768
decision_type=2 2 2 2 2 2
left_child=5 -2 4 -4 -3 -1
right_child=1 2 3 -5 -6 -7
leaf_value=0.025071820332354298 0.012402401455123701 -0.036412366686589183 -0.01453002421211032 0.002794144762586998 -0.0050421452494267003 -0.00028630266942299344
leaf_weight=9.935745835304262 11.55278831720352 8.7046360373497027 20.809633776545525 81.895405918359756 14.912804484367369 7.3946484923362723
leaf_count=41 47 36 88 341 62 31
internal_value=-0.000683298 -0.00288814 -0.00457493 -0.000783235 -0.0191299 0.0145657
internal_weight=155.206 137.875 126.322 102.705 23.6174 17.3304
internal_count=646 574 527 429 98 72
is_linear=0
shrinkage=0.03


Tree=51
num_leaves=7
num_cat=0
split_feature=20 23 22 35 11 40
split_gain=6.01369 6.77134 4.91578 4.79251 1.4324 1.20588
threshold=0.039937031772659705 0.73990093681464941 -0.25668265397381212 0.001149359990594623 -0.052493620480361262 0.0011314737914067676
decision_type=2 2 2 2 2 2
left_child=1 -1 5 -4 -2 -3
right_child=4 2 3 -5 -6 -7
leaf_value=0.020803221697059185 0.0029815056766251602 -0.0038752526762271884 -0.010680558840012089 0.0025942238185021919 0.024297567699153623 -0.021122173569998275
leaf_weight=8.0286973863840085 7.6110567450523376 8.9653923660516757 33.665616571903229 73.590111315250397 7.4740070998668653 15.770329177379606
leaf_count=33 31 37 141 306 31 67
internal_value=-0.000669569 -0.00277456 -0.00460979 -0.00155444 0.0160287 -0.0161896
internal_weight=155.105 140.02 131.991 107.256 15.0851 24.7357
internal_count=646 584 551 447 62 104
is_linear=0
shrinkage=0.03


Tree=52
num_leaves=7
num_cat=0
split_feature=20 37 17 32 12 11
split_gain=5.74656 6.06425 6.70883 4.90441 4.43739 1.36303
threshold=0.039937031772659705 0.062051497156040532 6.865433437417864 -0.011289311809288436 60.873815963562713 -0.052493620480361262
decision_type=2 2 2 2 2 2
left_child=1 2 3 -1 -4 -2
right_child=5 -3 4 -5 -6 -7
leaf_value=-0.0087195651221964893 0.0029107032756647885 -0.020652526977816797 -0.019015631666363369 0.0071857893515800929 0.0029145128835958529 0.023792834585760765
leaf_weight=20.092637315392494 7.6109592467546463 13.16465951502323 22.203916400671005 74.166201829910278 10.276834666728972 7.446426108479498
leaf_count=84 31 57 93 308 42 31
internal_value=-0.000638706 -0.00269889 -0.000425632 0.00352878 -0.0118754 0.015696
internal_weight=154.962 139.904 126.74 94.2588 32.4808 15.0574
internal_count=646 584 527 392 135 62
is_linear=0
shrinkage=0.03


Tree=53
num_leaves=13
num_cat=0
split_feature=25 35 35 15 14 37 26 32 36 36 40 4
split_gain=5.28735 6.85043 6.80763 6.68784 7.22121 4.18471 5.24199 3.73808 2.68233 6.12418 2.85546 2.26326
threshold=0.22479209979209983 0.034654756365754109 0.056294619725414836 61.025546906795739 -73.960809289033008 0.040355234471965214 0.26139986139986143 -0.0012433147197266623 0.0069045371770665182 0.0076788407034818198 0.026428413786205533 0.021215691216841862
decision_type=2 2 2 2 2 2 2 2 2 2 2 2
left_child=2 8 3 4 -1 6 -3 -5 10 -10 -2 -4
right_child=1 5 11 7 -6 -7 -8 -9 9 -11 -12 -13
leaf_value=0 -0.031904518940109212 0.020553852454679205 -0.022004942442920741 -0.013816401263321072 0.027494867965562577 -0.013982023305424151 -0.0037630324499604573 0.0074610816468538487 0.012977692790932841 -0.016554998322385151 -0.0073986673081875669 0
leaf_weight=14.619361266493796 10.158464699983599 14.53602819144726 7.2309455871582013 11.545971065759661 21.730266615748405 6.9509713351726523 12.754898905754088 13.874167159199713 8.2707296609878558 13.692135736346243 12.253950014710425 7.2200225442647934
leaf_count=61 43 60 31 48 89 30 53 58 34 57 52 30
internal_value=-0.000618915 -0.00608629 0.00484003 0.00930923 0.0172718 0.00356502 0.00919588 -0.00195908 -0.0136897 -0.00465274 -0.0208242 -0.0121608
internal_weight=154.838 78.6172 76.2207 61.7698 36.3496 34.2419 27.2909 25.4201 44.3753 21.9629 22.4124 14.451
internal_count=646 329 317 256 150 143 113 106 186 91 95 61
is_linear=0
shrinkage=0.03


Tree=54
num_leaves=14
num_cat=0
split_feature=25 35 35 15 5 28 36 19 27 36 36 40 13
split_gain=5.02046 6.50073 6.47774 6.34057 4.45948 4.19804 3.26647 4.74948 3.82845 2.57453 5.8283 2.74513 1.25963
threshold=0.22479209979209983 0.034654756365754109 0.056294619725414836 61.025546906795739 -0.084916057467890202 6.5000000000000009 0.0052847347159997986 0.16009665187066316 2.5000000000000004 0.0069045371770665182 0.0076788407034818198 0.043582729284102457 0.063024075107925639
decision_type=2 2 2 2 2 2 2 2 2 2 2 2 2
left_child=2 9 3 4 -1 -5 8 -8 -3 11 -11 -2 -4
right_child=1 6 12 5 -6 -7 7 -9 -10 10 -12 -13 -14
leaf_value=8.7754894331296574e-05 -0.028690485633661295 0.025781460789713721 -0.019342154853177203 0.0091517668724846665 0.023641387281250224 -0.013355760698440643 -0.017653723398348805 0.0098039889112735788 -0.000280603592255878 0.012657456799918402 -0.01614923256723446 -0.0044475897315588804 -0.0001736517035724447
leaf_weight=11.742383435368536 13.007157340645792 7.636146515607833 7.2389108687639219 12.475110426545145 24.574107646942139 12.938471555709837 9.8036562800407427 8.4482870995998365 8.318104222416876 8.2760972976684588 13.665733158588408 9.3308919817209226 7.1790166646242142
leaf_count=49 55 32 31 52 101 54 41 35 35 34 57 40 30
internal_value=-0.000620328 -0.00595486 0.00469773 0.00906029 0.0168193 -0.0018984 0.00344126 -0.00449061 0.0128403 -0.0133725 -0.0045076 -0.0203779 -0.0118952
internal_weight=154.634 78.4861 76.148 61.7301 36.3165 25.4136 34.2062 18.2519 15.9543 44.2799 21.9418 22.338 14.4179
internal_count=646 329 317 256 150 106 143 76 67 186 91 95 61
is_linear=0
shrinkage=0.03


Tree=55
num_leaves=11
num_cat=0
split_feature=21 21 24 15 15 11 2 11 36 16
split_gain=5.68852 5.71254 5.15069 5.10859 5.1005 4.78307 4.56552 3.00496 2.5503 0.882473
threshold=0.020087566553799029 0.021248501191470807 -0.17131327953044753 70.82189519538349 16.739369687298165 -0.052493620480361262 0.033543802660946483 0.036443749910487495 0.0054299175625218089 15.095983605082473
decision_type=2 2 2 2 2 2 2 2 2 2
left_child=3 7 8 4 5 -1 -4 -2 -3 -5
right_child=1 2 6 9 -6 -7 -8 -9 -10 -11
leaf_value=0.0097885006143805728 0.0027165530651415441 0.0208183478764985 -0.013836756523870557 -0.025814801128238109 0.016939621954478117 -0.01509524019439442 0.0044519267840569454 0.029587976563222138 0.0018509572655558471 -0.0065414878137647139
leaf_weight=7.5032103955745724 9.247374892234804 7.9866838157176963 30.931316286325455 12.903436630964281 7.5701763182878485 21.552283123135567 16.75374872982502 7.4718418270349494 25.081363797187805 7.389835685491561
leaf_count=31 38 33 129 57 31 90 69 31 104 31
internal_value=-0.00185353 0.00242949 -0.000835492 -0.00927618 -0.00182236 -0.00796977 -0.00718873 0.0174049 0.0077858 -0.0206857
internal_weight=154.391 97.4723 80.7531 56.9189 36.6257 29.0555 47.6851 16.7192 33.068 20.2933
internal_count=644 404 335 240 152 121 198 69 137 88
is_linear=0
shrinkage=0.03


Tree=56
num_leaves=8
num_cat=0
split_feature=22 37 28 20 8 32 25
split_gain=6.43108 5.13533 4.4624 5.19886 5.17925 3.74818 2.67526
threshold=-0.26099305687395619 0.064527771365230482 8.5000000000000018 0.028997854887589863 -0.04629633075881532 -0.0088404194255966 0.13863474718737881
decision_type=2 2 2 2 2 2 2
left_child=5 2 4 -4 -2 -1 -7
right_child=1 -3 3 -5 -6 6 -8
leaf_value=0.0025813411195017631 -0.0064755064260798266 -0.017239606479711598 -0.014593738803266205 0.0051543177821592725 0.011914470632520617 -0.0032870911108134502 -0.027675654467901108
leaf_weight=7.1175220608711269 15.459815248847006 10.210114315152166 20.56845298409462 22.573606356978416 56.577545955777168 8.4013484418392199 13.318186461925505
leaf_count=30 65 44 86 93 234 35 57
internal_value=-0.00177903 0.00111205 0.00313333 -0.00415794 0.00769692 -0.0140933 -0.0199469
internal_weight=154.227 125.39 115.179 43.1421 72.0374 28.8371 21.7195
internal_count=644 522 478 179 299 122 92
is_linear=0
shrinkage=0.03


Tree=57
num_leaves=8
num_cat=0
split_feature=22 37 5 10 38 5 1
split_gain=6.09816 4.88233 4.65928 6.03081 2.99145 3.0956 1.57303
threshold=-0.26099305687395619 0.064527771365230482 0.1369689769374374 0.031285918096950256 0.010825274427929264 -0.02773816984958288 0.016559196639248878
decision_type=2 2 2 2 2 2 2
left_child=4 2 3 -2 5 -1 -4
right_child=1 -3 6 -5 -6 -7 -8
leaf_value=-0.034364514390645827 0.0040297521511645246 -0.016854973883158562 0.025651386843115676 -0.014331678438498531 0 -0.0077127371616204686 0.0032738006294751642
leaf_weight=6.7744619846344039 81.942466363310814 10.175977796316145 7.9894432574510557 17.860374167561531 8.2148145437240583 13.783168509602547 7.3366098254919052
leaf_count=30 341 44 33 74 34 58 30
internal_value=-0.00174957 0.00106216 0.00303464 0.000379506 -0.0137554 -0.0194285 0.0174194
internal_weight=154.077 125.305 115.129 99.8028 28.7724 20.5576 15.3261
internal_count=644 522 478 415 122 88 63
is_linear=0
shrinkage=0.03


Tree=58
num_leaves=10
num_cat=0
split_feature=22 36 36 35 20 24 36 36 40
split_gain=5.82254 3.38895 9.10109 5.97482 6.17393 4.78254 2.90592 2.32422 0.99748
threshold=-0.26099305687395619 0.0072440293974836345 0.0076378465208449446 -0.0014081143326124532 0.027647468487956985 0.29030646235842777 0.0055349937015149574 0.0071220746004734565 0.015853154148824048
decision_type=2 2 2 2 2 2 2 2 2
left_child=6 3 -3 8 -5 -4 -1 -8 -2
right_child=1 2 5 4 -6 -7 7 -9 -10
leaf_value=0 -0.025138995995783703 0.029829437960090344 0.0081656054885708099 -0.0098167532336401152 0.0079603414526254416 -0.015546251847506199 -0.030758684619834758 -0.0063459172009524929 -0.0047381565875061144
leaf_weight=10.04423248767853 8.0124402791261655 10.32169061899185 17.702516436576847 25.222322523593903 46.642888426780701 10.414027020335196 8.3295523375272769 10.317302241921423 6.9620817154645911
leaf_count=43 34 42 73 107 193 43 36 43 30
internal_value=-0.00171122 0.00103123 0.00829513 -0.00212953 0.00142123 -0.00056808 -0.0134616 -0.0199008 -0.0182136
internal_weight=153.969 125.278 38.4382 86.8397 71.8652 28.1165 28.6911 18.6469 14.9745
internal_count=644 522 158 364 300 116 122 79 64
is_linear=0
shrinkage=0.03


Tree=59
num_leaves=8
num_cat=0
split_feature=22 37 5 10 38 5 1
split_gain=5.55335 4.63786 4.42713 5.68606 2.86414 3.01025 1.47652
threshold=-0.26099305687395619 0.064527771365230482 0.1369689769374374 0.031285918096950256 0.010825274427929264 -0.02773816984958288 0.016559196639248878
decision_type=2 2 2 2 2 2 2
left_child=4 2 3 -2 5 -1 -4
right_child=1 -3 6 -5 -6 -7 -8
leaf_value=-0.033567914019024835 0.0038722338482455624 -0.0165022905048238 0.024922727950101732 -0.013968663403634701 0.00021063164469766187 -0.0072818234493229233 0.0031478802955786844
leaf_weight=6.6684773415327117 81.890866920351982 10.134594053030012 7.9885780960321409 17.834309205412865 8.2095609158277494 13.750687435269356 7.3284789770841599
leaf_count=30 341 44 33 74 34 58 30
internal_value=-0.00168595 0.000989529 0.00291428 0.000322302 -0.0131748 -0.0187641 0.0169375
internal_weight=153.806 125.177 115.042 99.7252 28.6287 20.4192 15.3171
internal_count=644 522 478 415 122 88 63
is_linear=0
shrinkage=0.03


Tree=60
num_leaves=12
num_cat=0
split_feature=20 12 4 8 12 3 1 1 36 25 33
split_gain=6.20655 9.55293 9.52967 7.01267 6.6729 5.19652 5.70424 5.37282 4.58811 3.29528 3.16859
threshold=0.0292454491629533 48.233421422514574 0.056329482498111323 -0.089700616458136748 78.890480358611185 -0.011294451548504723 -0.0088628265380349385 -0.0023150394668737246 0.0053974047115718871 0.20645256770756257 0.52695129397571261
decision_type=2 2 2 2 2 2 2 2 2 2 2
left_child=4 3 10 -2 5 7 -7 -1 -5 -4 -3
right_child=1 2 9 8 -6 6 -8 -9 -10 -11 -12
leaf_value=-0.0094740702067256238 0.014818142137065391 0.0054993563285899603 0.0095715855372923379 0.0046536636266928779 0.015213127547721214 0.0034443514386428473 -0.021922811672860136 0.018224536635746334 -0.020142629810885763 -0.01405196829764483 0.031591649394940115
leaf_weight=15.715042203664781 8.1084574162960035 8.6011874824762362 7.3298436254262951 7.1837595999240902 7.7355682104825965 8.2513237893581373 35.857626050710678 7.7715881019830695 22.094207689166069 9.6210269927978498 17.090502619743347
leaf_count=67 33 36 30 30 32 35 151 33 94 40 71
internal_value=-0.00169465 0.00395725 0.0134939 -0.0066722 -0.00784003 -0.0110551 -0.0169086 0 -0.0136704 -0.00311315 0.0244261
internal_weight=155.36 80.029 42.6426 37.3864 75.3311 67.5956 44.1089 23.4866 29.278 16.9509 25.6917
internal_count=652 334 177 157 318 286 186 100 124 70 107
is_linear=0
shrinkage=0.03


Tree=61
num_leaves=10
num_cat=0
split_feature=22 12 4 11 37 38 40 11 25
split_gain=4.65365 5.54166 7.17386 5.07882 5.04351 4.77231 4.19732 2.42457 1.3554
threshold=-0.22051242880532931 45.091094216671202 -0.034741122915506732 0.10117130681066057 0.017944696263563768 0.0086010318764348018 0.013533418499303786 0.023577140806094524 0.1683975462763668
decision_type=2 2 2 2 2 2 2 2 2
left_child=6 2 4 5 -2 -3 7 -1 -8
right_child=1 3 -4 -5 -6 -7 8 -9 -10
leaf_value=-0.01079962291703482 0.010122745275679341 0 -0.024217914619963074 -0.012715612862398865 -0.014939960281282668 0.015027980043008907 -0.0055345682290641462 0.010295011790257725 -0.027407989962897578
leaf_weight=7.3537996262311927 18.484830185770992 31.015692144632339 13.19951084256172 9.4341097325086576 9.0455610603094083 40.739819765090942 7.3418042212724712 8.2952513694763166 10.220223024487494
leaf_count=31 76 128 57 41 39 170 31 34 45
internal_value=-0.00161788 0.00102844 -0.00762365 0.00562813 0.00092591 0.00852266 -0.0112653 0 -0.0205313
internal_weight=155.131 121.92 40.7299 81.1896 27.5304 71.7555 33.2111 15.6491 17.562
internal_count=652 511 172 339 115 298 141 65 76
is_linear=0
shrinkage=0.03


Tree=62
num_leaves=11
num_cat=0
split_feature=21 12 4 12 22 25 28 26 19 26
split_gain=6.58854 7.27343 7.60978 6.18078 5.48958 4.55826 4.36046 4.24651 3.53999 3.52204
threshold=0.02071144087041548 48.233421422514574 0.056329482498111323 73.887387894480099 -0.2396362789143037 0.44108843537414971 7.5000000000000009 0.13507498596519371 0.14818314981150274 0.37961073318216182
decision_type=2 2 2 2 2 2 2 2 2 2
left_child=4 7 8 -4 -1 6 -6 -2 -3 -9
right_child=1 2 3 -5 5 -7 -8 9 -10 -11
leaf_value=-0.024118307451869259 0.0054293676464545054 0.0071374768654516411 -0.010766525946166247 0.018881672586794629 0.0081515492917434845 -0.019197732303907887 -0.010561004182398156 -0.023035028285175396 0.031799161822306021 0
leaf_weight=14.073004394769667 13.961946949362753 13.131028503179552 17.383328795433048 7.3326614946126929 27.513630092144012 10.897350803017614 15.870823279023169 13.046476036310198 13.406845360994337 8.3047861903905851
leaf_count=61 58 55 72 30 116 46 67 56 56 35
internal_value=-0.00160319 0.00374665 0.0108996 -0.000654097 -0.00850554 -0.00347807 0.000811907 -0.00626099 0.0214775 -0.0143581
internal_weight=154.922 86.5671 51.2539 24.716 68.3548 54.2818 43.3845 35.3132 26.5379 21.3513
internal_count=652 362 213 102 290 229 183 149 111 91
is_linear=0
shrinkage=0.03


Tree=63
num_leaves=11
num_cat=0
split_feature=21 33 3 4 22 19 26 28 20 28
split_gain=6.28805 7.07107 7.95058 7.34095 5.23158 4.34053 4.2673 3.57761 3.11491 4.13326
threshold=0.02071144087041548 0.71524157226695795 -0.041172271171613144 0.057376254478294315 -0.2396362789143037 0.21771920542422871 0.13962038303693572 7.5000000000000009 0.0292454491629533 8.5000000000000018
decision_type=2 2 2 2 2 2 2 2 2 2
left_child=4 2 7 -3 -1 -5 -4 -2 9 -6
right_child=1 3 6 5 8 -7 -8 -9 -10 -11
leaf_value=-0.023599051101508013 0 0.031101974111039196 0.0011826218564535533 -0.0066225066476405976 -0.00021488431875212963 0.018597967740583803 -0.019235566894658197 0.024005446731901754 0.0088883748184744819 -0.020026201589066268
leaf_weight=13.996350511908529 9.8986626565456408 12.000136703252791 12.659864917397497 14.460923701524736 29.497712343931198 7.553687945008277 21.435532137751579 8.4503455311059934 11.53481677174568 13.21626804769039
leaf_count=61 41 50 53 60 125 31 92 35 48 56
internal_value=-0.00155868 0.00366764 -0.00302441 0.013997 -0.00830931 0.00223475 -0.0115931 0.011735 -0.003399 -0.0073018
internal_weight=154.704 86.4592 52.4444 34.0147 68.2451 22.0146 34.0954 18.349 54.2488 42.714
internal_count=652 362 221 141 290 91 145 76 229 181
is_linear=0
shrinkage=0.03


Tree=64
num_leaves=14
num_cat=0
split_feature=21 33 3 13 3 15 35 13 25 18 3 38 35
split_gain=6.00028 6.71078 7.53847 5.24118 4.43044 4.93612 3.77508 3.77035 3.21154 2.31432 2.12895 1.12307 0.299625
threshold=0.02071144087041548 0.71524157226695795 -0.041172271171613144 2.6307286899331435 -0.011294451548504723 20.645660561645357 0.053387747164957096 7.9630178189445759 0.24728388536528076 0.089006091054515388 0.020376767050154235 0.0080311085565174904 0.02641543739392305
decision_type=2 2 2 2 2 2 2 2 2 2 2 2 2
left_child=4 2 9 12 8 11 -7 -5 -1 -2 -4 -6 -3
right_child=1 3 10 7 5 6 -8 -9 -10 -11 -12 -13 -14
leaf_value=0.011162947099712646 0 0.01118889560216693 -0.015795681864224295 -0.013398827114653677 -0.03234835740882288 0.0033616824965983015 -0.019027131774244675 0.013579907435343408 -0.0087242589866807652 0.019643788753304487 0 -0.0092906958324364824 0.029144255402867733
leaf_weight=13.339651718735697 8.0437170565128344 9.1840770095586794 24.060770362615585 7.4678833931684476 10.179534420371057 17.526295796036724 7.9700691998004904 7.1834797412157059 11.562894180417059 10.297307461500166 9.9790932983160001 7.5394997000694266 10.132295399904249
leaf_count=57 33 38 103 31 43 74 35 30 50 43 42 31 42
internal_value=-0.00150851 0.00359639 -0.00292089 0.0136672 -0.00811158 -0.0137492 -0.00396636 0 0.00140914 0.0114406 -0.0112807 -0.0252353 0.0231617
internal_weight=154.467 86.3486 52.3809 33.9677 68.1179 43.2154 25.4964 14.6514 24.9025 18.341 34.0399 17.719 19.3164
internal_count=652 362 221 141 290 183 109 61 107 76 145 74 80
is_linear=0
shrinkage=0.03


Tree=65
num_leaves=13
num_cat=0
split_feature=28 20 16 34 23 25 17 24 14 34 16 22
split_gain=6.18383 9.18555 6.61024 5.71051 8.99849 5.16964 4.85873 4.07339 3.4594 3.44097 2.32849 1.69128
threshold=7.5000000000000009 0.031263884484419004 39.727405884832571 0.025342927234021987 1.0551804204088906 0.30308554849839259 -2.7836231861142156 -0.095564253098499655 33.153275530438357 0.0093507739926536066 1.0000000180025095e-35 0.20196464406229034
decision_type=2 2 2 2 2 2 2 2 2 2 2 2
left_child=3 5 9 4 6 11 -1 -6 -7 -3 -5 -2
right_child=1 2 -4 10 7 8 -8 -9 -10 -11 -12 -13
leaf_value=0.028795152616599592 -0.028157750016148494 0.0029946423548163482 -0.012518833730574662 -0.015771052256822016 0.0053528634303785967 -0.014538688784671029 0.0074159533354263502 -0.019697812753292285 0.010659378346012284 0.029752141348453845 0.0026361303515766927 -0.0056908000438196573
leaf_weight=16.854056179523468 18.880400791764263 11.94041714072228 9.3560455292463285 11.857755839824678 9.3753408938646334 7.2914886176586142 29.050444930791855 9.2779133915901166 8.1837077587842924 7.1696729511022559 8.1374106705188733 7.0767891705036154
leaf_count=70 82 50 39 53 39 31 120 39 34 30 34 30
internal_value=-0.000278982 -0.00686709 0.00565873 0.00502683 0.00941911 -0.0156826 0.016453 -0.00708167 -0.000660025 0.0156117 -0.0080394 -0.0234143
internal_weight=154.451 69.8985 28.4661 84.5529 64.5578 41.4324 45.9045 18.6533 15.4752 19.1101 19.9952 25.9572
internal_count=651 296 119 355 268 177 190 78 65 80 87 112
is_linear=0
shrinkage=0.03


Tree=66
num_leaves=9
num_cat=0
split_feature=28 19 41 10 37 7 19 2
split_gain=5.8556 7.34193 6.33127 5.1742 6.57445 4.96854 4.4396 3.96988
threshold=7.5000000000000009 0.21460186170118664 1.0000000180025095e-35 -0.04407426874025621 0.062051497156040532 0.040333752362266953 0.25288291964455895 -0.040323131026864016
decision_type=2 2 2 2 2 2 2 2
left_child=3 2 -2 6 5 -5 -1 -4
right_child=1 -3 7 4 -6 -7 -8 -9
leaf_value=-0.024213043066024502 0.0078196413584938184 0.014294529100570299 0.0028149124663444953 0.016063671065811289 -0.012145171023286543 -0.0050250414185940787 0.0047548605126267246 -0.019016608742017629
leaf_weight=7.284940227866171 10.890488192439078 10.270429998636244 7.0950621962547293 50.060882732272148 9.6240629404783231 10.221696451306341 7.2784902602434158 41.478863418102264
leaf_count=32 45 43 30 209 42 42 30 178
internal_value=-0.000269008 -0.00669158 -0.0109074 0.00489186 0.00839558 0.0122004 -0.0100039 -0.0155459
internal_weight=154.205 69.7348 59.4644 84.4701 69.9066 60.2826 14.5634 48.5739
internal_count=651 296 253 355 293 251 62 208
is_linear=0
shrinkage=0.03


Tree=67
num_leaves=12
num_cat=0
split_feature=28 40 12 21 34 13 9 12 23 9 32
split_gain=5.47019 8.60239 5.99258 4.87923 4.77086 5.12643 4.08011 4.05734 4.09932 2.45267 2.15116
threshold=7.5000000000000009 0.00042701653702481584 36.375572862137766 0.020629775179285971 0.027864674385350344 3.2086615304618822 0.021691206684217756 54.977810650887584 0.95600625679003948 -0.13808999571690328 0.0016856849104613938
decision_type=2 2 2 2 2 2 2 2 2 2 2
left_child=2 3 9 -2 5 -4 -5 10 -9 -1 -3
right_child=1 7 4 6 -6 -7 -8 8 -10 -11 -12
leaf_value=0.0012182792193368504 -0.007031127416813711 -0.032476097495084781 0.018612493833565232 0.029957275881737647 -0.0072905866573674165 0 0 0.0078393132320318387 -0.015273875176890887 -0.018823138734932878 -0.0059236127093559186
leaf_weight=7.6172461509704616 12.206231787800791 11.631174549460413 37.372110441327095 7.3230528980493537 11.153349265456198 18.745250150561333 8.3869619071483594 9.8749099373817462 13.460624724626539 9.5244215428829175 6.7224792540073386
leaf_count=32 51 51 155 31 49 77 35 41 57 42 30
internal_value=-0.000261468 -0.00647921 0.00472332 0.00579825 0.00885457 0.012462 0.0162816 -0.0149329 -0.00505427 -0.00993692 -0.0250253
internal_weight=154.018 69.6054 84.4124 27.9162 67.2707 56.1174 15.71 41.6892 23.3355 17.1417 18.3537
internal_count=651 296 355 117 281 232 66 179 98 74 81
is_linear=0
shrinkage=0.03


Tree=68
num_leaves=12
num_cat=0
split_feature=26 26 10 22 22 24 24 40 27 38 19
split_gain=5.31089 9.08183 6.82157 7.54246 5.65648 5.29865 5.36757 5.17382 3.40433 2.73021 1.5716
threshold=0.16442133815551538 0.12721006892418343 0.0014202927544129109 -0.19485873089296299 0.2822125899953703 -0.44271911663216007 -0.17131327953044753 0.015528697556480122 2.5000000000000004 0.010149329685461372 0.14698327443242953
decision_type=2 2 2 2 2 2 2 2 2 2 2
left_child=1 7 5 10 -5 -2 -7 9 -9 -1 -4
right_child=2 -3 3 4 -6 6 -8 8 -10 -11 -12
leaf_value=0 -0.021869638769909588 -0.027272062468904908 -0.014125004891898885 0.024081476892654389 0 0.017730812841998261 -0.0069179715002004073 0 -0.022893718104637563 0.020414156216656917 0.0017474264413951744
leaf_weight=9.5043665319681185 10.213786125183104 13.47698228061199 7.3465444594621685 28.833888337016106 10.560704424977301 9.8776199519634265 21.575559556484222 14.811123073101045 8.2189292311668378 9.5698449015617353 9.7781008929014188
leaf_count=40 44 58 31 120 44 42 93 63 35 40 41
internal_value=-0.000268363 -0.00761341 0.00380878 0.0105298 0.017578 -0.00502912 0.000971651 -2.94815e-05 -0.00956937 0.0105922 -0.00504264
internal_weight=153.767 55.5812 98.1862 56.5192 39.3946 41.667 31.4532 42.1043 23.0301 19.0742 17.1246
internal_count=651 236 415 236 164 179 135 178 98 80 72
is_linear=0
shrinkage=0.03


Tree=69
num_leaves=11
num_cat=0
split_feature=33 14 11 11 35 12 12 10 35 20
split_gain=4.74968 5.22031 4.79724 5.44187 4.55602 4.25635 5.70499 4.17553 3.96241 3.42798
threshold=0.28267903651085946 168.67541258316035 0.0026889954834903311 0.047631633548921311 0.051122905301416728 75.522677369466905 60.415459620353623 -0.065548694774808555 -0.013830724059302966 0.031769115150014855
decision_type=2 2 2 2 2 2 2 2 2 2
left_child=7 2 4 -4 -2 6 -3 -1 -9 -10
right_child=1 5 3 -5 -6 -7 -8 8 9 -11
leaf_value=0.0068683377640006609 -0.0070554534074648029 0.0031636221830268385 0.02042408050008632 -0.00065134011507051749 0.014412790755503837 0.0083796088798357635 -0.024964897393084516 0.00062694005518196814 -0.02924686956587946 -0.0016264681075680784
leaf_weight=8.74734880030155 28.982278898358345 8.8920723795890861 29.203664466738701 14.794104203581808 10.387847140431402 8.6666377484798414 13.785136893391607 9.1319693177938479 13.553059086203577 7.4307707995176306
leaf_count=36 120 38 121 66 44 36 59 39 60 32
internal_value=-0.000278569 0.00270824 0.00669241 0.0132912 -0.000605523 -0.00720474 -0.0139649 -0.00916282 -0.014424 -0.0211112
internal_weight=153.575 114.712 83.3679 43.9978 39.3701 31.3438 22.6772 38.8631 30.1158 20.9838
internal_count=651 484 351 187 164 133 97 167 131 92
is_linear=0
shrinkage=0.03


Tree=70
num_leaves=8
num_cat=0
split_feature=26 10 34 25 40 7 10
split_gain=5.31796 5.51717 5.86537 6.70007 2.33369 1.06751 0.655518
threshold=0.52029962546816499 -0.075425849075659121 0.034830690815106487 0.23449115611381702 -0.0037831448702477784 0.004968530818759565 -0.0060756533868090426
decision_type=2 2 2 2 2 2 2
left_child=1 -1 3 -3 -2 -6 -4
right_child=4 2 6 -5 5 -7 -8
leaf_value=0.019524771015959435 0.024781491355558277 0.0063469533492506985 -0.027296711532024884 -0.0085437975122198678 0.011281132317738241 -0.0018743898976404699 -0.0086705251109652128
leaf_weight=7.0674175173044196 7.1091958135366466 48.155987411737442 7.8120310157537487 56.48234723508358 7.238280430436137 9.1407028585672361 9.4369733482599241
leaf_count=29 30 203 35 239 31 38 41
internal_value=-0.000305675 -0.00283522 -0.00454707 -0.0015597 0.0121262 0.00371817 -0.0198452
internal_weight=152.443 128.955 121.887 104.638 23.4882 16.379 17.249
internal_count=646 547 518 442 99 69 76
is_linear=0
shrinkage=0.03


Tree=71
num_leaves=8
num_cat=0
split_feature=26 16 34 25 25 40 13
split_gain=5.06923 5.05275 5.63819 6.09229 2.25036 2.23511 2.83774
threshold=0.52029962546816499 -69.900604327818357 0.034830690815106487 0.23449115611381702 0.32812752219531888 -0.0037831448702477784 1.3566429633734496
decision_type=2 2 2 2 2 2 2
left_child=1 -1 3 -3 -4 -2 -7
right_child=5 2 4 -5 -6 6 -8
leaf_value=0.014995029766134711 0.024264091369155923 0.0059633271082090008 -0.027615814612612963 -0.0084747793319478269 -0.0024760896695941404 0.013926250741903895 -0.0081994466593401406
leaf_weight=10.741962015628813 7.0859649628400829 46.496785461902618 10.366955906152727 54.425554305315018 6.8234470486640921 9.2330293804407138 7.1511828154325476
leaf_count=45 30 196 46 230 30 39 30
internal_value=-0.000287932 -0.00276105 -0.00472359 -0.00169052 -0.0197167 0.0118516 0.00361176
internal_weight=152.325 128.855 118.113 100.922 17.1904 23.4702 16.3842
internal_count=646 547 502 426 76 99 69
is_linear=0
shrinkage=0.03


Tree=72
num_leaves=9
num_cat=0
split_feature=26 19 25 35 31 19 2 7
split_gain=4.82766 5.16034 6.14735 3.69917 3.65209 2.65708 2.47786 1.71495
threshold=0.52029962546816499 0.25288291964455895 0.23449115611381702 0.060796940402693463 -1.4999999999999998 0.11286013174207356 0.011793372827035744 -0.015089077649941674
decision_type=2 2 2 2 2 2 2 2
left_child=1 2 3 -1 -4 -2 -7 -3
right_child=5 7 4 -5 -6 6 -8 -9
leaf_value=0.0059708118234892815 0.02492778422090872 0.021132398188761347 1.7221149941836138e-05 -0.013425451659344919 -0.015798462703974191 -0.0066052963529308747 0.013991192252910461 0.00046693512535240199
leaf_weight=44.124361291527748 7.0918697118759182 7.3248278796672812 15.733689755201338 8.7202802896499616 44.229358702898026 8.5255660563707369 7.8273543715476981 8.6298763602972013
leaf_count=186 30 30 67 38 190 36 33 36
internal_value=-0.000271976 -0.00268848 -0.00508304 0.00212373 -0.0115399 0.0115785 0.00288629 0.0120871
internal_weight=152.207 128.762 112.808 52.8446 59.963 23.4448 16.3529 15.9547
internal_count=646 547 481 224 257 99 69 66
is_linear=0
shrinkage=0.03


Tree=73
num_leaves=9
num_cat=0
split_feature=19 25 32 35 36 38 38 35
split_gain=4.50278 6.17792 4.84992 4.27878 3.81993 3.61024 3.48937 3.43159
threshold=0.24448450260176938 0.23720076882753802 -0.015770486888111942 0.062741177410862395 0.0052847347159997986 0.0081154146115788063 0.0086267442094106143 -0.029073676457082417
decision_type=2 2 2 2 2 2 2 2
left_child=1 2 -1 -4 5 -3 -2 -6
right_child=6 4 3 -5 7 -7 -8 -9
leaf_value=-0.016239653687847331 -0.0017756197516951571 -0.012610170368022202 0.010604664970062364 -0.010547096476516726 -0.00021467571366781023 0.0092934946359558776 0.020016240895331314 -0.01983742709299029
leaf_weight=7.0524901598691931 8.8704797625541705 9.2516592144966143 48.7940294444561 8.0020773410797101 13.103153169155119 14.90444493293762 13.777092590928076 28.330735042691231
leaf_count=30 37 41 206 35 55 63 57 122
internal_value=-0.000240529 -0.00253775 0.00389001 0.00711205 -0.00894674 8.25921e-06 0.0114209 -0.0142729
internal_weight=152.086 129.439 63.8486 56.7961 65.59 24.1561 22.6476 41.4339
internal_count=646 552 271 241 281 104 94 177
is_linear=0
shrinkage=0.03


Tree=74
num_leaves=8
num_cat=0
split_feature=26 10 34 34 8 14 10
split_gain=4.58755 4.78802 5.36516 6.39247 2.02518 3.00267 0.703325
threshold=0.52029962546816499 -0.075425849075659121 0.034830690815106487 -0.012575225345336781 0.040660145901879656 -6.6887880310746359 -0.0060756533868090426
decision_type=2 2 2 2 2 2 2
left_child=1 -1 3 -3 5 -2 -4
right_child=4 2 6 -5 -6 -7 -8
leaf_value=0.018231256635788097 0.0012307938466425844 -0.012836969737122736 -0.026393364868155241 0.0031631510917059166 0 0.028339645119189877 -0.0079176725377701207
leaf_weight=7.0413173288106909 8.2488151788711548 29.431372344493866 7.6816779822111156 75.030261740088463 7.4944800138473502 7.6616879701614389 9.3653814494609815
leaf_count=29 35 125 35 317 31 33 41
internal_value=-0.000247877 -0.00260827 -0.00421302 -0.00136035 0.0113107 0.0168294 -0.0189278
internal_weight=151.955 128.55 121.509 104.462 23.405 15.9105 17.0471
internal_count=646 547 518 442 99 68 76
is_linear=0
shrinkage=0.03


Tree=75
num_leaves=9
num_cat=0
split_feature=39 35 35 37 32 17 26 15
split_gain=8.45896 4.97523 5.62381 7.45279 4.88751 2.57659 1.79949 1.63697
threshold=1.0000000180025095e-35 0.053387747164957096 0.020265083482714833 0.036650304432770182 0.010221323604449386 -5.5907283178507745 0.35275263951734548 -20.171267216962317
decision_type=2 2 2 2 2 2 2 2
left_child=6 2 4 -4 -2 -3 7 -1
right_child=1 5 3 -5 -6 -7 -8 -9
leaf_value=0.013570601035155089 -0.00024252949663070123 0 0.016947430919319537 -0.0060558509314941967 -0.020292663041914367 -0.022104146989224548 0.026126865406737618 -0.0015646096681136881
leaf_weight=13.385684520006182 40.444455981254578 7.1264245361089733 28.845117092132568 18.914196386933327 13.88730466365814 13.493832886219023 8.554644510149954 7.6775378137826946
leaf_count=56 173 31 121 80 59 60 36 32
internal_value=0.000927641 -0.00249576 0.000176792 0.00765871 -0.00617218 -0.0152364 0.0148464 0.00774616
internal_weight=152.329 122.711 102.091 47.7593 54.3318 20.6203 29.6179 21.0632
internal_count=648 524 433 201 232 91 124 88
is_linear=0
shrinkage=0.03


Tree=76
num_leaves=12
num_cat=0
split_feature=37 6 7 35 36 20 10 24 10 20 35
split_gain=6.8845 4.49393 4.01335 5.34684 6.58802 4.97376 4.01718 3.73389 4.78287 2.80492 1.7433
threshold=0.017944696263563768 0.035775221777345094 -0.020377544152864979 0.02641543739392305 0.0069262550178596869 0.02869812097716801 -0.045438531967323219 -0.15516688061617454 -0.0070746649295868038 0.03513780315164617 0.040253656556901947
decision_type=2 2 2 2 2 2 2 2 2 2 2
left_child=2 7 6 4 -4 -5 -1 8 -2 -9 -8
right_child=1 -3 3 5 -6 -7 10 9 -10 -11 -12
leaf_value=0 -0.01580681158305268 0.013782872737398257 -0.026205725755815177 -0.0022877421764344766 0.0034561303875712186 0.021789842646520119 0.03489815690591918 -0.018416594469322613 0.0074651639293295928 0 0.0089006455716350436
leaf_weight=9.6432207524776477 9.9057865887880343 7.4715449362993231 8.5835953652858752 11.962602987885477 15.614752709865568 14.51851177215576 7.8024868220090857 28.46672023832798 21.863101914525032 8.2678758949041349 8.0643947124481183
leaf_count=41 45 31 36 51 65 62 32 125 92 34 34
internal_value=0.000893933 -0.00531562 0.00725543 0.00183223 -0.00769025 0.0109895 0.0165676 -0.00794331 0 -0.0141987 0.0249998
internal_weight=152.165 75.975 76.1896 50.6795 24.1983 26.4811 25.5101 68.5035 31.7689 36.7346 15.8669
internal_count=648 327 321 214 101 113 107 296 137 159 66
is_linear=0
shrinkage=0.03


Tree=77
num_leaves=10
num_cat=0
split_feature=39 23 35 35 32 32 24 24 2
split_gain=7.73774 6.15973 5.59495 9.38694 3.91047 4.27371 3.3216 3.61878 2.04911
threshold=1.0000000180025095e-35 0.92629002859289045 0.052121326961291688 0.02950493322693826 0.010719631161202116 0.0014874035045948644 -0.33150183150183143 0.41982864137086912 0.028305695045627969
decision_type=2 2 2 2 2 2 2 2 2
left_child=6 2 3 -2 5 -3 -1 -8 -6
right_child=1 4 -4 -5 8 -7 7 -9 -10
leaf_value=-0.00050909071868775635 -0.00014938320357637316 -0.0086647311718397787 -0.011062806165591953 0.028792762214802065 -0.02762715322449515 0.0088851904638678116 0.028236315159041257 0.00072519071115991884 -0.0034541331794227864
leaf_weight=8.0971055328845996 24.191008239984512 39.895510032773018 11.454411730170248 14.123961493372915 10.202876374125482 15.26823817193508 13.820224583148958 7.6461675167083731 7.262291118502616
leaf_count=34 101 173 51 59 45 65 58 32 30
internal_value=0.000885619 -0.00238917 0.00543753 0.0110465 -0.00795544 -0.00340394 0.0142113 0.0199733 -0.0197339
internal_weight=151.962 122.398 49.7694 38.315 72.6289 55.1637 29.5635 21.4664 17.4652
internal_count=648 524 211 160 313 238 124 90 75
is_linear=0
shrinkage=0.03


Tree=78
num_leaves=10
num_cat=0
split_feature=39 23 38 4 12 38 24 24 26
split_gain=7.3518 5.83716 5.83916 5.51796 4.32113 3.95538 3.17526 3.42965 2.61856
threshold=1.0000000180025095e-35 0.92629002859289045 0.010149329685461372 0.059543304963712192 47.550315344484517 0.0067783753624026692 -0.33150183150183143 0.41982864137086912 0.23640841916703989
decision_type=2 2 2 2 2 2 2 2 2
left_child=6 3 5 4 -2 -3 -1 -8 -4
right_child=1 2 8 -5 -6 -7 7 -9 -10
leaf_value=-0.0004968467161644782 -0.00041040817170942729 0.0014595493665164061 0.015489144560836967 -0.01081892014576508 0.018887177349929955 -0.017194891036206663 0.02756165696237901 0.00070795304974045957 -0.0037960654466949423
leaf_weight=8.0970356762409228 15.566476657986639 11.158695325255392 9.3779846876859683 11.793386086821554 22.337312772870064 40.999250635504723 13.783274397253992 7.6460691243410102 10.987732946872709
leaf_count=34 68 49 39 49 94 178 58 32 47
internal_value=0.000857388 -0.00233459 -0.00775899 0.00528509 0.0109627 -0.0130205 0.0138559 0.0194987 0.00500467
internal_weight=151.747 122.221 72.5237 49.6972 37.9038 52.1579 29.5264 21.4293 20.3657
internal_count=648 524 313 211 162 227 124 90 86
is_linear=0
shrinkage=0.03


Tree=79
num_leaves=11
num_cat=0
split_feature=39 34 35 16 19 25 34 22 36 2
split_gain=6.97305 5.3379 6.99024 7.51786 3.67397 3.44634 2.16722 2.13703 1.56017 0.903453
threshold=1.0000000180025095e-35 -0.0087605637366039418 0.053387747164957096 61.337996015595486 0.14419144047468987 0.20344547734985985 0.03082235894928809 0.090766246548943844 0.0073631023113726168 0.02017673379287677
decision_type=2 2 2 2 2 2 2 2 2 2
left_child=6 4 3 -3 7 -4 9 -2 -6 -1
right_child=1 2 5 -5 8 -7 -8 -9 -10 -11
leaf_value=0.022682429584149868 -0.030004954925414235 0.0095063402965146725 -0.026575652216098242 -0.017878036205280893 -0.0094349443526801618 0 0 -0.0043821583381723692 0.0073125520568535548 0.0048924090101580284
leaf_weight=14.096701189875608 9.4530154317617434 63.692349195480347 8.0797024667263049 8.2685757726430875 8.1191509813070279 9.8269145488738996 7.795658826828002 7.0928268283605567 7.5357022881507865 7.5932271033525458
leaf_count=59 41 273 36 34 35 44 33 30 31 32
internal_value=0.000841982 -0.0022658 0.00139465 0.00575861 -0.0124043 -0.0142058 0.0135111 -0.0214869 -0.000608519 0.0180265
internal_weight=151.554 122.068 89.8675 71.9609 32.2007 17.9066 29.4856 16.5458 15.6549 21.6899
internal_count=648 524 387 307 137 80 124 71 66 91
is_linear=0
shrinkage=0.03


end of trees

feature_importances:
macro_usdjpy_vol_20=41
macro_usdjpy_ret_20=39
macro_usdjpy_ret_60=35
atr_pct=34
vol_ratio=30
ma_20_60_cross=28
macro_topix_ret_20=28
macro_nikkei_ret_20=28
volatility=27
month=27
bb_bandwidth=25
ma_5_20_cross=24
vol_change=24
upper_shadow_pct=23
macro_topix_vol_20=23
return_20d=21
rsi=21
lower_shadow_pct=19
macd=17
return_10d=15
gap=15
macd_signal=14
candle_body_pct=14
price_position_20d=14
return_2d=12
return_5d=12
macd_hist=11
return_3d=10
rsi_change=9
streak=9
div_ma_20=8
div_ma_60=8
macro_topix_above_200dma=8
div_ma_5=6
div_ma_10=6
bb_pct_b=6
macd_hist_change=5
return_1d=2
day_of_week=2
macro_nikkei_above_200dma=2
is_month_start=1

parameters:
[boosting: gbdt]
[objective: binary]
[metric: binary_logloss]
[tree_learner: serial]
[device_type: cpu]
[data_sample_strategy: bagging]
[data: ]
[valid: ]
[num_iterations: 500]
[learning_rate: 0.03]
[num_leaves: 15]
[num_threads: 0]
[seed: 42]
[deterministic: 0]
[force_col_wise: 0]
[force_row_wise: 0]
[histogram_pool_size: -1]
[max_depth: 4]
[min_data_in_leaf: 30]
[min_sum_hessian_in_leaf: 0.001]
[bagging_fraction: 0.7]
[pos_bagging_fraction: 1]
[neg_bagging_fraction: 1]
[bagging_freq: 5]
[bagging_seed: 400]
[bagging_by_query: 0]
[feature_fraction: 0.6]
[feature_fraction_bynode: 1]
[feature_fraction_seed: 30056]
[extra_trees: 0]
[extra_seed: 12879]
[early_stopping_round: 0]
[early_stopping_min_delta: 0]
[first_metric_only: 0]
[max_delta_step: 0]
[lambda_l1: 0.5]
[lambda_l2: 2]
[linear_lambda: 0]
[min_gain_to_split: 0]
[drop_rate: 0.1]
[max_drop: 50]
[skip_drop: 0.5]
[xgboost_dart_mode: 0]
[uniform_drop: 0]
[drop_seed: 17869]
[top_rate: 0.2]
[other_rate: 0.1]
[min_data_per_group: 100]
[max_cat_threshold: 32]
[cat_l2: 10]
[cat_smooth: 10]
[max_cat_to_onehot: 4]
[top_k: 20]
[monotone_constraints: ]
[monotone_constraints_method: basic]
[monotone_penalty: 0]
[feature_contri: ]
[forcedsplits_filename: ]
[refit_decay_rate: 0.9]
[cegb_tradeoff: 1]
[cegb_penalty_split: 0]
[cegb_penalty_feature_lazy: ]
[cegb_penalty_feature_coupled: ]
[path_smooth: 0]
[interaction_constraints: ]
[verbosity: -1]
[saved_feature_importance_type: 0]
[use_quantized_grad: 0]
[num_grad_quant_bins: 4]
[quant_train_renew_leaf: 0]
[stochastic_rounding: 1]
[linear_tree: 0]
[max_bin: 255]
[max_bin_by_feature: ]
[min_data_in_bin: 5]
[bin_construct_sample_cnt: 200000]
[data_random_seed: 175]
[is_enable_sparse: 1]
[enable_bundle: 1]
[use_missing: 1]
[zero_as_missing: 0]
[feature_pre_filter: 1]
[pre_partition: 0]
[two_round: 0]
[header: 0]
[label_column: ]
[weight_column: ]
[group_column: ]
[ignore_column: ]
[categorical_feature: ]
[forcedbins_filename: ]
[precise_float_parser: 0]
[parser_config_file: ]
[objective_seed: 16083]
[num_class: 1]
[is_unbalance: 0]
[scale_pos_weight: 1]
[sigmoid: 1]
[boost_from_average: 1]
[reg_sqrt: 0]
[alpha: 0.9]
[fair_c: 1]
[poisson_max_delta_step: 0.7]
[tweedie_variance_power: 1.5]
[lambdarank_truncation_level: 30]
[lambdarank_norm: 1]
[label_gain: ]
[lambdarank_position_bias_regularization: 0]
[eval_at: ]
[multi_error_top_k: 1]
[auc_mu_weights: ]
[num_machines: 1]
[local_listen_port: 12400]
[time_out: 120]
[machine_list_filename: ]
[machines: ]
[gpu_platform_id: -1]
[gpu_device_id: -1]
[gpu_use_dp: 0]
[num_gpu: 1]

end of parameters

pandas_categorical:[]
